[[[592.1747436523438,0,709.5021362304688],[0,592.1747436523438,345.5269775390625],[0,0,1]],[[9.99992579e-01,0.00000000e+00,6.30200521e-05,0.00000000e+00],[-3.85195141e-03,9.99457389e-01,3.27122271e-02,0.00000000e+00],[6.30200521e-05,-3.27122271e-02,9.99464810e-01,0.00000000e+00]]]
[[[592.1747436523438,0,709.5021362304688],[0,592.1747436523438,345.5269775390625],[0,0,1]],[[9.99992728e-01,0.00000000e+00,6.19221098e-05,0.00000000e+00],[-3.81308891e-03,9.99465436e-01,3.24700329e-02,-0.00000000e+00],[6.19221098e-05,-3.24700329e-02,9.99472708e-01,0.00000000e+00]]]
[[[592.1747436523438,0,709.5021362304688],[0,592.1747436523438,345.5269775390625],[0,0,1]],[[9.99992460e-01,0.00000000e+00,6.29931658e-05,0.00000000e+00],[-3.88277605e-03,9.99466181e-01,3.24388286e-02,-0.00000000e+00],[6.29931658e-05,-3.24388286e-02,9.99473721e-01,0.00000000e+00]]]
[[[592.1747436523438,0,709.5021362304688],[0,592.1747436523438,345.5269775390625],[0,0,1]],[[9.99991953e-01,0.00000000e+00,6.54114451e-05,0.00000000e+00],[-4.01109851e-03,9.99460220e-01,3.26064255e-02,-0.00000000e+00],[6.54114451e-05,-3.26064255e-02,9.99468267e-01,0.00000000e+00]]]
[[[592.1747436523438,0,709.5021362304688],[0,592.1747436523438,345.5269775390625],[0,0,1]],[[9.99991685e-01,0.00000000e+00,6.60383487e-05,0.00000000e+00],[-4.07740911e-03,9.99467194e-01,3.23836796e-02,-0.00000000e+00],[6.60383487e-05,-3.23836796e-02,9.99475509e-01,0.00000000e+00]]]
[[[592.1747436523438,0,709.5021362304688],[0,592.1747436523438,345.5269775390625],[0,0,1]],[[9.99991208e-01,0.00000000e+00,6.80596896e-05,0.00000000e+00],[-4.19269127e-03,9.99464333e-01,3.24571764e-02,-0.00000000e+00],[6.80596896e-05,-3.24571764e-02,9.99473125e-01,0.00000000e+00]]]
[[[592.1747436523438,0,709.5021362304688],[0,592.1747436523438,345.5269775390625],[0,0,1]],[[9.99991298e-01,0.00000000e+00,6.76629275e-05,0.00000000e+00],[-4.17131895e-03,9.99465197e-01,3.24333082e-02,-0.00000000e+00],[6.76629275e-05,-3.24333082e-02,9.99473900e-01,0.00000000e+00]]]
[[[592.1747436523438,0,709.5021362304688],[0,592.1747436523438,345.5269775390625],[0,0,1]],[[9.99990880e-01,0.00000000e+00,6.95010192e-05,0.00000000e+00],[-4.27014128e-03,9.99461204e-01,3.25433242e-02,-0.00000000e+00],[6.95010192e-05,-3.25433242e-02,9.99470323e-01,0.00000000e+00]]]
[[[592.1747436523438,0,709.5021362304688],[0,592.1747436523438,345.5269775390625],[0,0,1]],[[9.99990553e-01,0.00000000e+00,7.08088127e-05,3.00000000e-02],[-4.34621294e-03,9.99459833e-01,3.25753420e-02,-0.00000000e+00],[7.08088127e-05,-3.25753420e-02,9.99469280e-01,6.00000000e-02]]]
[[[592.1747436523438,0,709.5021362304688],[0,592.1747436523438,345.5269775390625],[0,0,1]],[[9.99990553e-01,0.00000000e+00,7.02339012e-05,3.00000000e-02],[-4.34622227e-03,9.99468416e-01,3.23109254e-02,-0.00000000e+00],[7.02339012e-05,-3.23109254e-02,9.99477863e-01,6.00000000e-02]]]
[[[592.1747436523438,0,709.5021362304688],[0,592.1747436523438,345.5269775390625],[0,0,1]],[[9.99990165e-01,0.00000000e+00,7.15879451e-05,4.00000000e-02],[-4.43444576e-03,9.99469072e-01,3.22786409e-02,-0.00000000e+00],[7.15879451e-05,-3.22786409e-02,9.99478906e-01,6.00000000e-02]]]
[[[592.1747436523438,0,709.5021362304688],[0,592.1747436523438,345.5269775390625],[0,0,1]],[[9.99990016e-01,0.00000000e+00,7.19340949e-05,4.00000000e-02],[-4.46791692e-03,9.99471724e-01,3.21917774e-02,-0.00000000e+00],[7.19340949e-05,-3.21917774e-02,9.99481708e-01,6.00000000e-02]]]
[[[592.1747436523438,0,709.5021362304688],[0,592.1747436523438,345.5269775390625],[0,0,1]],[[9.99990612e-01,0.00000000e+00,6.95871169e-05,4.00000000e-02],[-4.33249732e-03,9.99474794e-01,3.21148927e-02,-0.00000000e+00],[6.95871169e-05,-3.21148927e-02,9.99484181e-01,6.00000000e-02]]]
[[[592.1747436523438,0,709.5021362304688],[0,592.1747436523438,345.5269775390625],[0,0,1]],[[9.99990284e-01,0.00000000e+00,7.12178352e-05,4.00000000e-02],[-4.40748743e-03,9.99468237e-01,3.23081559e-02,-0.00000000e+00],[7.12178352e-05,-3.23081559e-02,9.99477953e-01,6.00000000e-02]]]
[[[592.1747436523438,0,709.5021362304688],[0,592.1747436523438,345.5269775390625],[0,0,1]],[[9.99990255e-01,0.00000000e+00,7.10148041e-05,4.00000000e-02],[-4.41424761e-03,9.99472767e-01,3.21667899e-02,-0.00000000e+00],[7.10148041e-05,-3.21667899e-02,9.99482512e-01,6.00000000e-02]]]
[[[592.1747436523438,0,709.5021362304688],[0,592.1747436523438,345.5269775390625],[0,0,1]],[[9.99990344e-01,0.00000000e+00,7.09483575e-05,4.00000000e-02],[-4.39394792e-03,9.99469042e-01,3.22850997e-02,-0.00000000e+00],[7.09483575e-05,-3.22850997e-02,9.99478698e-01,6.00000000e-02]]]
[[[592.1747436523438,0,709.5021362304688],[0,592.1747436523438,345.5269775390625],[0,0,1]],[[9.99990135e-01,0.00000000e+00,7.14004838e-05,3.00000000e-02],[-4.44116447e-03,9.99473333e-01,3.21454804e-02,-0.00000000e+00],[7.14004838e-05,-3.21454804e-02,9.99483198e-01,7.00000000e-02]]]
[[[592.1747436523438,0,709.5021362304688],[0,592.1747436523438,345.5269775390625],[0,0,1]],[[9.99990761e-01,0.00000000e+00,6.92516439e-05,3.00000000e-02],[-4.29797160e-03,9.99471664e-01,3.22167559e-02,-0.00000000e+00],[6.92516439e-05,-3.22167559e-02,9.99480903e-01,7.00000000e-02]]]
[[[592.1747436523438,0,709.5021362304688],[0,592.1747436523438,345.5269775390625],[0,0,1]],[[9.99991864e-01,0.00000000e+00,6.49502846e-05,3.00000000e-02],[-4.03333382e-03,9.99473363e-01,3.21982683e-02,-0.00000000e+00],[6.49502846e-05,-3.21982683e-02,9.99481499e-01,7.00000000e-02]]]
[[[592.1747436523438,0,709.5021362304688],[0,592.1747436523438,345.5269775390625],[0,0,1]],[[9.99990642e-01,0.00000000e+00,7.02470277e-05,3.00000000e-02],[-4.32560244e-03,9.99463320e-01,3.24709355e-02,-0.00000000e+00],[7.02470277e-05,-3.24709355e-02,9.99472678e-01,7.00000000e-02]]]
[[[592.1747436523438,0,709.5021362304688],[0,592.1747436523438,345.5269775390625],[0,0,1]],[[9.99990404e-01,0.00000000e+00,7.10054850e-05,3.00000000e-02],[-4.38036101e-03,9.99465018e-01,3.24112518e-02,-0.00000000e+00],[7.10054850e-05,-3.24112518e-02,9.99474615e-01,7.00000000e-02]]]
[[[592.1747436523438,0,709.5021362304688],[0,592.1747436523438,345.5269775390625],[0,0,1]],[[9.99990225e-01,0.00000000e+00,7.14094555e-05,3.00000000e-02],[-4.42098755e-03,9.99468565e-01,3.22961697e-02,-0.00000000e+00],[7.14094555e-05,-3.22961697e-02,9.99478340e-01,7.00000000e-02]]]
[[[592.1747436523438,0,709.5021362304688],[0,592.1747436523438,345.5269775390625],[0,0,1]],[[9.99991089e-01,0.00000000e+00,6.87478462e-05,3.00000000e-02],[-4.22101687e-03,9.99460697e-01,3.25652854e-02,-0.00000000e+00],[6.87478462e-05,-3.25652854e-02,9.99469608e-01,7.00000000e-02]]]
[[[592.1747436523438,0,709.5021362304688],[0,592.1747436523438,345.5269775390625],[0,0,1]],[[9.99991447e-01,0.00000000e+00,6.72367414e-05,3.00000000e-02],[-4.13544906e-03,9.99462903e-01,3.25085296e-02,-0.00000000e+00],[6.72367414e-05,-3.25085296e-02,9.99471456e-01,7.00000000e-02]]]
[[[592.1747436523438,0,709.5021362304688],[0,592.1747436523438,345.5269775390625],[0,0,1]],[[9.99991208e-01,0.00000000e+00,6.83209678e-05,3.00000000e-02],[-4.19268703e-03,9.99460280e-01,3.25817451e-02,-0.00000000e+00],[6.83209678e-05,-3.25817451e-02,9.99469072e-01,7.00000000e-02]]]
[[[592.1747436523438,0,709.5021362304688],[0,592.1747436523438,345.5269775390625],[0,0,1]],[[9.99990553e-01,0.00000000e+00,7.02018227e-05,3.00000000e-02],[-4.34622279e-03,9.99468893e-01,3.22961716e-02,-0.00000000e+00],[7.02018227e-05,-3.22961716e-02,9.99478340e-01,7.00000000e-02]]]
[[[592.1747436523438,0,709.5021362304688],[0,592.1747436523438,345.5269775390625],[0,0,1]],[[9.99989837e-01,0.00000000e+00,7.33392595e-05,3.00000000e-02],[-4.50773774e-03,9.99460578e-01,3.25304977e-02,-0.00000000e+00],[7.33392595e-05,-3.25304977e-02,9.99470741e-01,7.00000000e-02]]]
[[[592.1747436523438,0,709.5021362304688],[0,592.1747436523438,345.5269775390625],[0,0,1]],[[9.99990612e-01,0.00000000e+00,6.98139029e-05,3.00000000e-02],[-4.33249370e-03,9.99471426e-01,3.22195290e-02,-0.00000000e+00],[6.98139029e-05,-3.22195290e-02,9.99480814e-01,7.00000000e-02]]]
[[[592.1747436523438,0,709.5021362304688],[0,592.1747436523438,345.5269775390625],[0,0,1]],[[9.99991059e-01,0.00000000e+00,6.76112189e-05,3.00000000e-02],[-4.22808992e-03,9.99479771e-01,3.19736026e-02,-0.00000000e+00],[6.76112189e-05,-3.19736026e-02,9.99488711e-01,7.00000000e-02]]]
[[[592.1747436523438,0,709.5021362304688],[0,592.1747436523438,345.5269775390625],[0,0,1]],[[9.99990672e-01,0.00000000e+00,6.90163037e-05,3.00000000e-02],[-4.31872727e-03,9.99480039e-01,3.19530994e-02,-0.00000000e+00],[6.90163037e-05,-3.19530994e-02,9.99489367e-01,7.00000000e-02]]]
[[[592.1747436523438,0,709.5021362304688],[0,592.1747436523438,345.5269775390625],[0,0,1]],[[9.99990940e-01,0.00000000e+00,6.82130328e-05,3.00000000e-02],[-4.25618126e-03,9.99477357e-01,3.20452562e-02,-0.00000000e+00],[6.82130328e-05,-3.20452562e-02,9.99486417e-01,7.00000000e-02]]]
[[[592.1747436523438,0,709.5021362304688],[0,592.1747436523438,345.5269775390625],[0,0,1]],[[9.99990463e-01,-2.22581558e-05,1.61110232e-03,3.00000000e-02],[-4.11010309e-03,9.99449939e-01,3.29078613e-02,-0.00000000e+00],[-1.47663393e-03,-3.29141692e-02,9.99457091e-01,7.00000000e-02]]]
[[[592.1747436523438,0,709.5021362304688],[0,592.1747436523438,345.5269775390625],[0,0,1]],[[9.99904156e-01,-2.00395266e-04,1.33803687e-02,2.00000000e-02],[-4.00715940e-03,9.99419093e-01,3.38440390e-02,-0.00000000e+00],[-1.32522467e-02,-3.38944125e-02,9.99337554e-01,8.00000000e-02]]]
[[[592.1747436523438,0,709.5021362304688],[0,592.1747436523438,345.5269775390625],[0,0,1]],[[9.99432862e-01,-5.25176223e-04,3.35662717e-02,-3.00000000e-02],[-3.85460744e-03,9.99395669e-01,3.45461958e-02,-0.00000000e+00],[-3.34529031e-02,-3.46559882e-02,9.98839259e-01,1.10000000e-01]]]
[[[592.1747436523438,0,709.5021362304688],[0,592.1747436523438,345.5269775390625],[0,0,1]],[[9.98464018e-01,-8.92030171e-04,5.53736605e-02,-4.00000000e-02],[-3.77311801e-03,9.99382347e-01,3.49383517e-02,-0.00000000e+00],[-5.52753891e-02,-3.50936183e-02,9.97854233e-01,1.20000000e-01]]]
[[[592.1747436523438,0,709.5021362304688],[0,592.1747436523438,345.5269775390625],[0,0,1]],[[0.99075252,-0.00232062,0.13567731,-0.04],[-0.003769,0.99936935,0.03530851,-0.],[-0.13562907,-0.03549336,0.99012372,0.12]]]
[[[592.1747436523438,0,709.5021362304688],[0,592.1747436523438,345.5269775390625],[0,0,1]],[[0.98393634,-0.0031544,0.17850057,-0.04],[-0.00380351,0.99935916,0.03559215,-0.],[-0.17847916,-0.03569934,0.98329586,0.13]]]
[[[592.1747436523438,0,709.5021362304688],[0,592.1747436523438,345.5269775390625],[0,0,1]],[[0.97707075,-0.00384137,0.21288025,-0.02],[-0.00384137,0.99935645,0.03566416,-0.],[-0.21288025,-0.03566416,0.9764272,0.17]]]
[[[592.1747436523438,0,709.5021362304688],[0,592.1747436523438,345.5269775390625],[0,0,1]],[[0.97190651,-0.00419422,0.23532984,-0.02],[-0.00419422,0.99937382,0.0351336,-0.],[-0.23532984,-0.0351336,0.97128034,0.17]]]
[[[592.1747436523438,0,709.5021362304688],[0,592.1747436523438,345.5269775390625],[0,0,1]],[[0.96391293,-0.0049157,0.26616235,-0.02],[-0.00424287,0.99935192,0.0357455,-0.],[-0.26618388,-0.03558484,0.96326521,0.17]]]
[[[592.1747436523438,0,709.5021362304688],[0,592.1747436523438,345.5269775390625],[0,0,1]],[[0.95116189,-0.00592661,0.30860609,-0.02],[-0.00403264,0.99934083,0.03607823,-0.],[-0.30866615,-0.03556073,0.95050546,0.17]]]
[[[592.1747436523438,0,709.5021362304688],[0,592.1747436523438,345.5269775390625],[0,0,1]],[[0.92699578,-0.00740448,0.37494578,-0.01],[-0.00396953,0.99935392,0.03572106,-0.],[-0.37505075,-0.03460163,0.92635828,0.19]]]
[[[592.1747436523438,0,709.5021362304688],[0,592.1747436523438,345.5269775390625],[0,0,1]],[[0.89209965,-0.00936614,0.4516567,0.],[-0.00373914,0.99935344,0.03575924,-0.],[-0.45182323,-0.03358962,0.8914749,0.21]]]
[[[592.1747436523438,0,709.5021362304688],[0,592.1747436523438,345.5269775390625],[0,0,1]],[[0.85287921,-0.01105512,0.52188683,0.02],[-0.00364749,0.99937791,0.03507843,0.],[-0.52209555,-0.03182124,0.85229318,0.22]]]
[[[592.1747436523438,0,709.5021362304688],[0,592.1747436523438,345.5269775390625],[0,0,1]],[[0.81107376,-0.01277614,0.58468328,0.03],[-0.00362346,0.9993853,0.03486973,0.],[-0.58493269,-0.0304005,0.81051192,0.23]]]
[[[592.1747436523438,0,709.5021362304688],[0,592.1747436523438,345.5269775390625],[0,0,1]],[[0.78044633,-0.01379929,0.62494517,0.05],[-0.00373936,0.99939901,0.0344622,0.],[-0.62521161,-0.02923279,0.77990762,0.24]]]
[[[592.1747436523438,0,709.5021362304688],[0,592.1747436523438,345.5269775390625],[0,0,1]],[[0.76629902,-0.01357417,0.64222892,0.05],[-0.00386067,0.99945503,0.03278306,0.],[-0.64247249,-0.02760106,0.76581151,0.24]]]
[[[592.1747436523438,0,709.5021362304688],[0,592.1747436523438,345.5269775390625],[0,0,1]],[[0.76576096,-0.01277088,0.64290612,0.05],[-0.00415006,0.99950942,0.03104333,0.01],[-0.64311188,-0.02643987,0.76531562,0.24]]]
[[[592.1747436523438,0,709.5021362304688],[0,592.1747436523438,345.5269775390625],[0,0,1]],[[0.76573406,-0.01218531,0.64296999,0.05],[-0.00502221,0.99953389,0.03011274,0.01],[-0.64313774,-0.02628748,0.76529918,0.24]]]
[[[592.1747436523438,0,709.5021362304688],[0,592.1747436523438,345.5269775390625],[0,0,1]],[[0.76573095,-0.01191617,0.64299475,0.05],[-0.0061039,0.99953118,0.03000272,0.01],[-0.64313208,-0.02689879,0.76528269,0.24]]]
[[[592.1747436523438,0,709.5021362304688],[0,592.1747436523438,345.5269775390625],[0,0,1]],[[0.7657612,-0.0118803,0.64297362,0.05],[-0.00743291,0.99950585,0.03054197,0.01],[-0.64308203,-0.02816702,0.76527909,0.24]]]
[[[592.1747436523438,0,709.5021362304688],[0,592.1747436523438,345.5269775390625],[0,0,1]],[[0.76581066,-0.01219286,0.64291204,0.05],[-0.00814918,0.99946764,0.03159154,0.01],[-0.64301451,-0.02943234,0.76528826,0.24]]]
[[[592.1747436523438,0,709.5021362304688],[0,592.1747436523438,345.5269775390625],[0,0,1]],[[0.76613395,-0.01261829,0.64251537,0.05],[-0.00839744,0.99942985,0.03270251,0.01],[-0.64262606,-0.03044999,0.76557465,0.24]]]
[[[592.1747436523438,0,709.5021362304688],[0,592.1747436523438,345.5269775390625],[0,0,1]],[[0.76879735,-0.01244166,0.63932692,0.05],[-0.0079446,0.99944666,0.03229948,0.01],[-0.63944312,-0.02991095,0.76825635,0.24]]]
[[[592.1747436523438,0,709.5021362304688],[0,592.1747436523438,345.5269775390625],[0,0,1]],[[0.78021414,-0.01172906,0.62536631,0.05],[-0.00799426,0.99946913,0.03158397,0.01],[-0.62546139,-0.0296416,0.77969186,0.24]]]
[[[592.1747436523438,0,709.5021362304688],[0,592.1747436523438,345.5269775390625],[0,0,1]],[[0.80132766,-0.0108862,0.59809896,0.04],[-0.00804095,0.99947616,0.03134868,0.01],[-0.59817164,-0.02992985,0.80080889,0.24]]]
[[[592.1747436523438,0,709.5021362304688],[0,592.1747436523438,345.5269775390625],[0,0,1]],[[0.82190622,-0.01024835,0.56950801,0.04],[-0.0079802,0.99946916,0.03158658,0.01],[-0.56956692,-0.030506,0.82137865,0.23]]]
[[[592.1747436523438,0,709.5021362304688],[0,592.1747436523438,345.5269775390625],[0,0,1]],[[0.83804249,-0.00999216,0.54549001,0.04],[-0.00776201,0.99944329,0.03244775,0.02],[-0.54554979,-0.03142669,0.837489,0.23]]]
[[[592.1747436523438,0,709.5021362304688],[0,592.1747436523438,345.5269775390625],[0,0,1]],[[0.85119,-0.00971847,0.52474039,0.03],[-0.00725107,0.9994325,0.03289516,0.02],[-0.5248076,-0.03180496,0.8506265,0.23]]]
[[[592.1747436523438,0,709.5021362304688],[0,592.1747436523438,345.5269775390625],[0,0,1]],[[0.86677305,-0.00925267,0.49858937,0.03],[-0.00686192,0.99942359,0.03324748,0.02],[-0.49865558,-0.0322393,0.86620046,0.22]]]
[[[592.1747436523438,0,709.5021362304688],[0,592.1747436523438,345.5269775390625],[0,0,1]],[[0.88085628,-0.00881014,0.47327477,-0.07],[-0.00655352,0.99941218,0.03365038,0.12],[-0.47333843,-0.03274276,0.88027191,-0.08]]]
[[[592.1747436523438,0,709.5021362304688],[0,592.1747436523438,345.5269775390625],[0,0,1]],[[0.89846053,-0.00802273,0.43896189,-0.07],[-0.00644576,0.9994112,0.03370036,0.13],[-0.43900698,-0.03310789,0.89787346,-0.08]]]
[[[592.1747436523438,0,709.5021362304688],[0,592.1747436523438,345.5269775390625],[0,0,1]],[[0.92092219,-0.00692033,0.38968017,-0.07],[-0.00651336,0.99940628,0.03383293,0.13],[-0.38969207,-0.03369563,0.92032858,-0.08]]]
[[[592.1747436523438,0,709.5021362304688],[0,592.1747436523438,345.5269775390625],[0,0,1]],[[0.94039521,-0.00599554,0.34003074,-0.07],[-0.00599554,0.99939692,0.03420306,0.13],[-0.34003074,-0.03420306,0.93979213,-0.08]]]
[[[592.1747436523438,0,709.5021362304688],[0,592.1747436523438,345.5269775390625],[0,0,1]],[[0.95701816,-0.00496655,0.28999635,-0.07],[-0.0058861,0.99939802,0.03418985,0.13],[-0.28996826,-0.03442726,0.95641684,-0.09]]]
[[[592.1747436523438,0,709.5021362304688],[0,592.1747436523438,345.5269775390625],[0,0,1]],[[0.96783182,-0.00419491,0.25158016,-0.07],[-0.00573977,0.99940535,0.0339999,0.13],[-0.25153257,-0.03435019,0.96723908,-0.09]]]
[[[592.1747436523438,0,709.5021362304688],[0,592.1747436523438,345.5269775390625],[0,0,1]],[[0.97573793,-0.00362001,0.21893345,-0.07],[-0.00575915,0.99939239,0.03437561,0.13],[-0.218866,-0.03480246,0.97513407,-0.1]]]
[[[592.1747436523438,0,709.5021362304688],[0,592.1747436523438,345.5269775390625],[0,0,1]],[[0.98270187,-0.00298272,0.18519317,-0.07],[-0.00570584,0.9993991,0.03418904,0.13],[-0.18510667,-0.03465432,0.98210722,-0.11]]]
[[[592.1747436523438,0,709.5021362304688],[0,592.1747436523438,345.5269775390625],[0,0,1]],[[0.99073187,-0.00209677,0.13582816,-0.09],[-0.00569216,0.99941,0.033871,0.13],[-0.13571282,-0.03433023,0.99015325,-0.14]]]
[[[592.1747436523438,0,709.5021362304688],[0,592.1747436523438,345.5269775390625],[0,0,1]],[[0.99670172,-0.001211,0.08110104,-0.1],[-0.00565076,0.99940836,0.03392625,0.13],[-0.08095527,-0.03427263,0.99612832,-0.15]]]
[[[592.1747436523438,0,709.5021362304688],[0,592.1747436523438,345.5269775390625],[0,0,1]],[[9.99730468e-01,-3.28153508e-04,2.26996226e-02,-1.00000000e-01],[-5.64544038e-03,9.99398589e-01,3.42138744e-02,1.20000000e-01],[-2.25193422e-02,-3.43328020e-02,9.99156713e-01,-1.50000000e-01]]]
[[[592.1747436523438,0,709.5021362304688],[0,592.1747436523438,345.5269775390625],[0,0,1]],[[9.99611497e-01,3.88966917e-04,-2.71349628e-02,-1.00000000e-01],[-5.42914232e-03,9.99389023e-01,3.45268883e-02,1.20000000e-01],[2.73382446e-02,-3.43661549e-02,9.99035329e-01,-1.60000000e-01]]]
[[[592.1747436523438,0,709.5021362304688],[0,592.1747436523438,345.5269775390625],[0,0,1]],[[0.9972547,0.00102894,-0.07361058,-0.1],[-0.00547736,0.99937683,0.03487038,0.12],[0.07384486,-0.03437146,0.99667725,-0.17]]]
[[[592.1747436523438,0,709.5021362304688],[0,592.1747436523438,345.5269775390625],[0,0,1]],[[0.98994249,0.00188015,-0.14108681,-0.11],[-0.00551918,0.99937156,0.03501467,0.12],[0.14136266,-0.03388382,0.98937783,-0.18]]]
[[[592.1747436523438,0,709.5021362304688],[0,592.1747436523438,345.5269775390625],[0,0,1]],[[0.97398108,0.0028289,-0.2262306,-0.11],[-0.00559611,0.99936226,0.03526694,0.12],[0.22656023,-0.03308332,0.97343513,-0.2]]]
[[[592.1747436523438,0,709.5021362304688],[0,592.1747436523438,345.5269775390625],[0,0,1]],[[0.94366115,0.00377775,-0.33047541,-0.08],[-0.00561191,0.99935606,0.03543966,0.18],[0.33086574,-0.03158843,0.943149,-0.18]]]
[[[592.1747436523438,0,709.5021362304688],[0,592.1747436523438,345.5269775390625],[0,0,1]],[[0.90432254,0.00446515,-0.42637558,-0.08],[-0.00545503,0.99935207,0.0355765,0.18],[0.42681494,-0.02984674,0.90384633,-0.19]]]
[[[592.1747436523438,0,709.5021362304688],[0,592.1747436523438,345.5269775390625],[0,0,1]],[[0.86354631,0.00492363,-0.50376231,-0.08],[-0.00523209,0.99934211,0.03588823,0.18],[0.5042424,-0.02835542,0.8630965,-0.18]]]
[[[592.1747436523438,0,709.5021362304688],[0,592.1747436523438,345.5269775390625],[0,0,1]],[[0.84038933,0.00509381,-0.54145882,-0.08],[-0.0051216,0.99933717,0.0360416,0.18],[0.54195898,-0.02751584,0.83995436,-0.18]]]
[[[592.1747436523438,0,709.5021362304688],[0,592.1747436523438,345.5269775390625],[0,0,1]],[[0.82626459,0.00524291,-0.5627459,-0.08],[-0.00497572,0.99932736,0.03633272,0.18],[0.56326021,-0.02722038,0.82583109,-0.19]]]
[[[592.1747436523438,0,709.5021362304688],[0,592.1747436523438,345.5269775390625],[0,0,1]],[[0.82013145,0.00555082,-0.57163981,-0.08],[-0.00446301,0.99931067,0.0368546,0.17],[0.57215773,-0.02767438,0.81967655,-0.19]]]
[[[592.1747436523438,0,709.5021362304688],[0,592.1747436523438,345.5269775390625],[0,0,1]],[[0.82474307,0.00574084,-0.56497058,-0.07],[-0.0042163,0.99929053,0.03742549,0.17],[0.56549188,-0.02848433,0.82426183,-0.2]]]
[[[592.1747436523438,0,709.5021362304688],[0,592.1747436523438,345.5269775390625],[0,0,1]],[[0.84536319,0.00562452,-0.53365202,-0.05],[-0.00450869,0.99927434,0.0378214,0.17],[0.53417295,-0.02956675,0.84485801,-0.2]]]
[[[592.1747436523438,0,709.5021362304688],[0,592.1747436523438,345.5269775390625],[0,0,1]],[[0.87757006,0.00531783,-0.47892037,-0.04],[-0.0048734,0.99926552,0.03800878,0.17],[0.47942368,-0.03102139,0.87703514,-0.18]]]
[[[592.1747436523438,0,709.5021362304688],[0,592.1747436523438,345.5269775390625],[0,0,1]],[[0.91127703,0.0048439,-0.41129255,-0.05],[-0.0051425,0.99926609,0.0379584,0.17],[0.41176175,-0.03247555,0.91071269,-0.19]]]
[[[592.1747436523438,0,709.5021362304688],[0,592.1747436523438,345.5269775390625],[0,0,1]],[[0.92935777,0.00443608,-0.36871012,-0.05],[-0.00519817,0.99928749,0.03738314,0.17],[0.36914377,-0.0328257,0.92879242,-0.19]]]
[[[592.1747436523438,0,709.5021362304688],[0,592.1747436523438,345.5269775390625],[0,0,1]],[[0.94474941,0.00399599,-0.32734171,-0.05],[-0.00540261,0.99930343,0.03692514,0.17],[0.32774893,-0.0331165,0.94418427,-0.19]]]
[[[592.1747436523438,0,709.5021362304688],[0,592.1747436523438,345.5269775390625],[0,0,1]],[[0.96285945,0.00348244,-0.26956959,-0.04],[-0.00547428,0.99929497,0.037143,0.17],[0.26994761,-0.03428779,0.96226433,-0.17]]]
[[[592.1747436523438,0,709.5021362304688],[0,592.1747436523438,345.5269775390625],[0,0,1]],[[0.98315439,0.00252662,-0.1823631,-0.04],[-0.00559405,0.99929181,0.03721008,0.16],[0.18269142,-0.03556311,0.9825269,-0.15]]]
[[[592.1747436523438,0,709.5021362304688],[0,592.1747436523438,345.5269775390625],[0,0,1]],[[0.99672326,0.00119691,-0.08042694,-0.03],[-0.00564696,0.99929649,0.0370762,0.16],[0.08068982,-0.03650054,0.99607071,-0.12]]]
[[[592.1747436523438,0,709.5021362304688],[0,592.1747436523438,345.5269775390625],[0,0,1]],[[9.99489248e-01,-5.00594471e-04,3.16289110e-02,-3.00000000e-02],[-5.73043885e-03,9.99306291e-01,3.67980730e-02,1.60000000e-01],[-3.14389204e-02,-3.69605258e-02,9.98822063e-01,-1.00000000e-01]]]
[[[592.1747436523438,0,709.5021362304688],[0,592.1747436523438,345.5269775390625],[0,0,1]],[[0.98948735,-0.0024445,0.14461917,-0.03],[-0.00560003,0.99932316,0.03635743,0.16],[-0.14451098,-0.03678509,0.98881921,-0.09]]]
[[[592.1747436523438,0,709.5021362304688],[0,592.1747436523438,345.5269775390625],[0,0,1]],[[0.97183338,-0.00420423,0.23564842,-0.01],[-0.00558783,0.9993268,0.03625924,0.17],[-0.23560277,-0.0365547,0.97116172,-0.04]]]
[[[592.1747436523438,0,709.5021362304688],[0,592.1747436523438,345.5269775390625],[0,0,1]],[[0.95056709,-0.00575648,0.3104659,0.01],[-0.00575648,0.99932966,0.03615385,0.18],[-0.3104659,-0.03615385,0.94989675,-0.01]]]
[[[592.1747436523438,0,709.5021362304688],[0,592.1747436523438,345.5269775390625],[0,0,1]],[[0.93034175,-0.00723609,0.36660717,0.02],[-0.00616833,0.9992829,0.03735832,0.17],[-0.36664175,-0.03701736,0.92962549,0.02]]]
[[[592.1747436523438,0,709.5021362304688],[0,592.1747436523438,345.5269775390625],[0,0,1]],[[0.90539309,-0.00891785,0.42443631,0.04],[-0.00591823,0.9992561,0.03810791,0.17],[-0.42453306,-0.03701455,0.90465551,0.04]]]
[[[592.1747436523438,0,709.5021362304688],[0,592.1747436523438,345.5269775390625],[0,0,1]],[[0.87659735,-0.01023341,0.48105058,0.04],[-0.00565981,0.99929205,0.03719373,0.17],[-0.4811913,-0.03532658,0.87590352,0.04]]]
[[[592.1747436523438,0,709.5021362304688],[0,592.1747436523438,345.5269775390625],[0,0,1]],[[0.84254193,-0.01178253,0.53841521,0.04],[-0.00547461,0.99930596,0.03684589,0.17],[-0.53860293,-0.03399183,0.84187376,0.04]]]
[[[592.1747436523438,0,709.5021362304688],[0,592.1747436523438,345.5269775390625],[0,0,1]],[[0.81292473,-0.01276863,0.58213083,0.06],[-0.00522206,0.99934292,0.03586728,0.17],[-0.58234535,-0.03219732,0.81230365,0.04]]]
[[[592.1747436523438,0,709.5021362304688],[0,592.1747436523438,345.5269775390625],[0,0,1]],[[0.78310928,-0.01357683,0.62162994,0.07],[-0.00487779,0.99938503,0.03472421,0.17],[-0.62186494,-0.03022503,0.78254098,0.06]]]
[[[592.1747436523438,0,709.5021362304688],[0,592.1747436523438,345.5269775390625],[0,0,1]],[[0.74943644,-0.01445699,0.66180909,0.],[-0.00480821,0.99941549,0.0338462,0.26],[-0.66205881,-0.02854769,0.74890796,0.03]]]
[[[592.1747436523438,0,709.5021362304688],[0,592.1747436523438,345.5269775390625],[0,0,1]],[[0.7276297,-0.01496899,0.68569499,0.],[-0.00463966,0.99943668,0.03323858,0.26],[-0.68595444,-0.02736677,0.72712967,0.03]]]
[[[592.1747436523438,0,709.5021362304688],[0,592.1747436523438,345.5269775390625],[0,0,1]],[[0.72499425,-0.01449509,0.68850087,0.01],[-0.00468662,0.99947402,0.03208927,0.26],[-0.68873898,-0.02649128,0.72452525,0.03]]]
[[[592.1747436523438,0,709.5021362304688],[0,592.1747436523438,345.5269775390625],[0,0,1]],[[0.72502413,-0.01386537,0.6884946,0.01],[-0.00480907,0.99951285,0.0308372,0.26],[-0.68870666,-0.02566873,0.72458556,0.03]]]
[[[592.1747436523438,0,709.5021362304688],[0,592.1747436523438,345.5269775390625],[0,0,1]],[[0.72507593,-0.01402434,0.68842729,0.01],[-0.00420066,0.99951336,0.03090958,0.26],[-0.68865613,-0.02530364,0.72464644,0.03]]]
[[[592.1747436523438,0,709.5021362304688],[0,592.1747436523438,345.5269775390625],[0,0,1]],[[0.7276856,-0.01382181,0.6856702,0.01],[-0.0037535,0.99952874,0.03046666,0.26],[-0.68590057,-0.02474382,0.72727448,0.03]]]
[[[592.1747436523438,0,709.5021362304688],[0,592.1747436523438,345.5269775390625],[0,0,1]],[[0.74322037,-0.01288703,0.66883225,0.01],[-0.00379015,0.99955687,0.02952456,0.26],[-0.66903594,-0.02447823,0.74282683,0.03]]]
[[[592.1747436523438,0,709.5021362304688],[0,592.1747436523438,345.5269775390625],[0,0,1]],[[0.77446436,-0.01189234,0.63242531,-0.02],[-0.00408818,0.99955189,0.02965302,0.26],[-0.63260433,-0.02555067,0.77405356,-0.01]]]
[[[592.1747436523438,0,709.5021362304688],[0,592.1747436523438,345.5269775390625],[0,0,1]],[[0.82429535,-0.01017793,0.56600795,-0.04],[-0.00458632,0.99954388,0.02984974,0.26],[-0.56614143,-0.02720089,0.8238592,-0.02]]]
[[[592.1747436523438,0,709.5021362304688],[0,592.1747436523438,345.5269775390625],[0,0,1]],[[0.92101741,-0.0064235,0.38945699,-0.06],[-0.00542668,0.99950421,0.03101432,0.27],[-0.38948362,-0.03067819,0.92052233,-0.06]]]
[[[592.1747436523438,0,709.5021362304688],[0,592.1747436523438,345.5269775390625],[0,0,1]],[[0.9503192,-0.00488239,0.3112388,-0.07],[-0.00488239,0.99952018,0.03058704,0.26],[-0.3112388,-0.03058704,0.94983938,-0.08]]]
[[[592.1747436523438,0,709.5021362304688],[0,592.1747436523438,345.5269775390625],[0,0,1]],[[0.96550566,-0.00386063,0.26036755,-0.08],[-0.00531082,0.99952826,0.03024987,0.26],[-0.26032791,-0.03058918,0.96503558,-0.11]]]
[[[592.1747436523438,0,709.5021362304688],[0,592.1747436523438,345.5269775390625],[0,0,1]],[[0.9740079,-0.00333921,0.22650728,-0.08],[-0.00534418,0.99951467,0.03068983,0.26],[-0.22645097,-0.03110263,0.97352585,-0.12]]]
[[[592.1747436523438,0,709.5021362304688],[0,592.1747436523438,345.5269775390625],[0,0,1]],[[0.98109275,-0.00285394,0.19353565,-0.09],[-0.00513254,0.99950358,0.03108449,0.26],[-0.19347007,-0.03149009,0.98060069,-0.13]]]
[[[592.1747436523438,0,709.5021362304688],[0,592.1747436523438,345.5269775390625],[0,0,1]],[[0.99086654,-0.00190715,0.13484255,-0.09],[-0.0052272,0.99950385,0.03106007,0.26],[-0.13474485,-0.03148124,0.99038011,-0.13]]]
[[[592.1747436523438,0,709.5021362304688],[0,592.1747436523438,345.5269775390625],[0,0,1]],[[9.98528034e-01,-7.00342720e-04,5.40974024e-02,-1.00000000e-01],[-5.56004738e-03,9.99519140e-01,3.05053373e-02,2.60000000e-01],[-5.39523121e-02,-3.07612186e-02,9.98069584e-01,-1.50000000e-01]]]
[[[592.1747436523438,0,709.5021362304688],[0,592.1747436523438,345.5269775390625],[0,0,1]],[[9.98966902e-01,5.37413921e-04,-4.48620759e-02,-1.00000000e-01],[-5.87710819e-03,9.99514520e-01,3.05971173e-02,2.60000000e-01],[4.50620399e-02,-3.03018482e-02,9.98524517e-01,-1.60000000e-01]]]
[[[592.1747436523438,0,709.5021362304688],[0,592.1747436523438,345.5269775390625],[0,0,1]],[[0.96844196,0.00253686,-0.2488279,-0.09],[-0.00659361,0.99947166,0.03182635,0.26],[0.24915195,-0.0291813,0.96802467,-0.19]]]
[[[592.1747436523438,0,709.5021362304688],[0,592.1747436523438,345.5269775390625],[0,0,1]],[[0.93969396,0.00325161,-0.34158474,-0.09],[-0.00650243,0.99945456,0.03237754,0.25],[0.34195465,-0.02820385,0.93929312,-0.2]]]
[[[592.1747436523438,0,709.5021362304688],[0,592.1747436523438,345.5269775390625],[0,0,1]],[[0.90728578,0.00375371,-0.42005852,-0.09],[-0.00635564,0.99943987,0.03285668,0.25],[0.42046653,-0.02714065,0.90690201,-0.22]]]
[[[592.1747436523438,0,709.5021362304688],[0,592.1747436523438,345.5269775390625],[0,0,1]],[[0.87668079,0.00421159,-0.48058697,-0.1],[-0.00608815,0.99940899,0.03383201,0.24],[0.48103403,-0.02673399,0.87629423,-0.22]]]
[[[592.1747436523438,0,709.5021362304688],[0,592.1747436523438,345.5269775390625],[0,0,1]],[[0.86030085,0.00443513,-0.50927305,-0.1],[-0.00607531,0.99938169,0.03463128,0.24],[0.50975044,-0.02669933,0.85990791,-0.24]]]
[[[592.1747436523438,0,709.5021362304688],[0,592.1747436523438,345.5269775390625],[0,0,1]],[[0.85632426,0.00458385,-0.51589795,-0.1],[-0.00616916,0.99934992,0.03552006,0.24],[0.51640166,-0.02723404,0.85591332,-0.24]]]
[[[592.1747436523438,0,709.5021362304688],[0,592.1747436523438,345.5269775390625],[0,0,1]],[[0.85181598,0.00433455,-0.52329325,-0.1],[-0.00663372,0.99936721,0.03494537,0.24],[0.52379914,-0.02629565,0.85143585,-0.24]]]
[[[592.1747436523438,0,709.5021362304688],[0,592.1747436523438,345.5269775390625],[0,0,1]],[[0.85117025,0.00439483,-0.52433753,-0.1],[-0.00658972,0.99935928,0.03517962,0.24],[0.52484837,-0.0264886,0.8507835,-0.24]]]
[[[592.1747436523438,0,709.5021362304688],[0,592.1747436523438,345.5269775390625],[0,0,1]],[[0.85305992,0.004511,-0.52123204,-0.09],[-0.00676091,0.99932426,0.03612906,0.24],[0.52176917,-0.02729626,0.8526499,-0.25]]]
[[[592.1747436523438,0,709.5021362304688],[0,592.1747436523438,345.5269775390625],[0,0,1]],[[0.85839557,0.0047421,-0.51242547,-0.09],[-0.00620006,0.99931562,0.03646714,0.24],[0.51295091,-0.02812616,0.85795705,-0.25]]]
[[[592.1747436523438,0,709.5021362304688],[0,592.1747436523438,345.5269775390625],[0,0,1]],[[0.86327082,0.00437257,-0.50418884,-0.09],[-0.00666204,0.99935183,0.03537709,0.25],[0.50469705,-0.02718108,0.86286851,-0.25]]]
[[[592.1747436523438,0,709.5021362304688],[0,592.1747436523438,345.5269775390625],[0,0,1]],[[0.87372402,0.00428411,-0.48585591,-0.08],[-0.00698948,0.99933869,0.03568384,0.25],[0.48637173,-0.02778195,0.87331019,-0.26]]]
[[[592.1747436523438,0,709.5021362304688],[0,592.1747436523438,345.5269775390625],[0,0,1]],[[0.9089934,0.00394061,-0.41627463,-0.08],[-0.00708924,0.99935359,0.03524414,0.24],[0.41675021,-0.02908562,0.9085556,-0.26]]]
[[[592.1747436523438,0,709.5021362304688],[0,592.1747436523438,345.5269775390625],[0,0,1]],[[0.92477735,0.00374117,-0.37998962,-0.07],[-0.00706393,0.99936023,0.0350603,0.24],[0.38044309,-0.02973875,0.92432606,-0.25]]]
[[[592.1747436523438,0,709.5021362304688],[0,592.1747436523438,345.5269775390625],[0,0,1]],[[0.94607526,0.00337205,-0.32344011,-0.06],[-0.00716412,0.99936125,0.03501105,0.23],[0.32386768,-0.03080593,0.94560072,-0.23]]]
[[[592.1747436523438,0,709.5021362304688],[0,592.1747436523438,345.5269775390625],[0,0,1]],[[0.98716766,0.00193575,-0.15918175,-0.05],[-0.00722649,0.99936494,0.03489255,0.23],[0.15952366,-0.03329447,0.9866325,-0.2]]]
[[[592.1747436523438,0,709.5021362304688],[0,592.1747436523438,345.5269775390625],[0,0,1]],[[9.98784006e-01,6.51350647e-04,-4.85255988e-02,-4.00000000e-02],[-7.01933592e-03,9.99369651e-01,3.47998491e-02,2.30000000e-01],[4.87979424e-02,-3.44169152e-02,9.98215526e-01,-1.70000000e-01]]]
[[[592.1747436523438,0,709.5021362304688],[0,592.1747436523438,345.5269775390625],[0,0,1]],[[9.97816980e-01,-9.45993840e-04,6.58758767e-02,-4.00000000e-02],[-6.92549158e-03,9.99386817e-01,3.43223994e-02,2.30000000e-01],[-6.56758078e-02,-3.47036957e-02,9.97237355e-01,-1.50000000e-01]]]
[[[592.1747436523438,0,709.5021362304688],[0,592.1747436523438,345.5269775390625],[0,0,1]],[[0.95766553,-0.00476906,0.2878613,-0.03],[-0.00640797,0.99941331,0.03364477,0.23],[-0.28781187,-0.03406505,0.95708093,-0.13]]]
[[[592.1747436523438,0,709.5021362304688],[0,592.1747436523438,345.5269775390625],[0,0,1]],[[0.92376134,-0.00679142,0.38290843,-0.01],[-0.00679142,0.99939501,0.0341099,0.22],[-0.38290843,-0.0341099,0.92315635,-0.09]]]
[[[592.1747436523438,0,709.5021362304688],[0,592.1747436523438,345.5269775390625],[0,0,1]],[[0.88887885,-0.00851643,0.45803466,-0.],[-0.0061954,0.99941304,0.03369252,0.22],[-0.45810042,-0.03278628,0.88829559,-0.08]]]
[[[592.1747436523438,0,709.5021362304688],[0,592.1747436523438,345.5269775390625],[0,0,1]],[[0.85380266,-0.00987215,0.5204567,0.01],[-0.00594734,0.99943945,0.03294569,0.22],[-0.5205628,-0.03122445,0.85325224,-0.07]]]
[[[592.1747436523438,0,709.5021362304688],[0,592.1747436523438,345.5269775390625],[0,0,1]],[[0.81522479,-0.01131758,0.57896872,0.02],[-0.00558682,0.99945578,0.03251049,0.22],[-0.57911774,-0.02973795,0.81470137,-0.06]]]
[[[592.1747436523438,0,709.5021362304688],[0,592.1747436523438,345.5269775390625],[0,0,1]],[[0.7831229,-0.01233744,0.6216685,0.03],[-0.0053512,0.99947357,0.03199913,0.22],[-0.62184396,-0.02838592,0.78262658,-0.05]]]
[[[592.1747436523438,0,709.5021362304688],[0,592.1747436523438,345.5269775390625],[0,0,1]],[[0.76192353,-0.01209025,0.64748476,0.04],[-0.00501378,0.99954879,0.02961541,0.22],[-0.64764757,-0.02581103,0.76150272,-0.05]]]
[[[592.1747436523438,0,709.5021362304688],[0,592.1747436523438,345.5269775390625],[0,0,1]],[[0.76193787,-0.01184838,0.64746762,0.04],[-0.00422421,0.99957898,0.02870564,0.22],[-0.64763634,-0.02460695,0.76155214,-0.05]]]
[[[592.1747436523438,0,709.5021362304688],[0,592.1747436523438,345.5269775390625],[0,0,1]],[[0.7620034,-0.01259162,0.64735382,0.04],[-0.00338665,0.99954411,0.03000159,0.22],[-0.64756419,-0.02505367,0.76159896,-0.05]]]
[[[592.1747436523438,0,709.5021362304688],[0,592.1747436523438,345.5269775390625],[0,0,1]],[[0.76238044,-0.01308645,0.64688363,0.04],[-0.00285743,0.99951831,0.03090296,0.22],[-0.64712275,-0.02540824,0.76196229,-0.05]]]
[[[592.1747436523438,0,709.5021362304688],[0,592.1747436523438,345.5269775390625],[0,0,1]],[[0.76735758,-0.0123796,0.64099796,0.04],[-0.00281681,0.99955642,0.02964835,0.22],[-0.64121322,-0.02455645,0.76696974,-0.05]]]
[[[592.1747436523438,0,709.5021362304688],[0,592.1747436523438,345.5269775390625],[0,0,1]],[[0.78562041,-0.01172269,0.61850338,0.03],[-0.00302631,0.99955696,0.02960959,0.23],[-0.61870143,-0.02513368,0.7852241,-0.05]]]
[[[592.1747436523438,0,709.5021362304688],[0,592.1747436523438,345.5269775390625],[0,0,1]],[[0.82670041,-0.01030926,0.56246965,0.03],[-0.00344488,0.99954885,0.02983663,0.23],[-0.56263183,-0.0266036,0.82627942,-0.05]]]
[[[592.1747436523438,0,709.5021362304688],[0,592.1747436523438,345.5269775390625],[0,0,1]],[[0.92480153,-0.00628559,0.38037394,0.02],[-0.00431927,0.99952605,0.0304797,0.23],[-0.3804254,-0.02983061,0.92433038,-0.07]]]
[[[592.1747436523438,0,709.5021362304688],[0,592.1747436523438,345.5269775390625],[0,0,1]],[[0.95859757,-0.00433015,0.28473135,0.02],[-0.00433015,0.99954712,0.02977914,0.23],[-0.28473135,-0.02977914,0.9581447,-0.07]]]
[[[592.1747436523438,0,709.5021362304688],[0,592.1747436523438,345.5269775390625],[0,0,1]],[[0.98143548,-0.00275175,0.19178776,0.],[-0.00443723,0.9995456,0.02981437,0.22],[-0.19174127,-0.03011188,0.98098346,-0.12]]]
[[[592.1747436523438,0,709.5021362304688],[0,592.1747436523438,345.5269775390625],[0,0,1]],[[0.99344453,-0.00155603,0.11430522,0.],[-0.00499396,0.99953118,0.0302073,0.22],[-0.11420605,-0.03058012,0.99298632,-0.14]]]
[[[592.1747436523438,0,709.5021362304688],[0,592.1747436523438,345.5269775390625],[0,0,1]],[[9.99341756e-01,-4.68324947e-04,3.60100453e-02,0.00000000e+00],[-5.51148586e-03,9.99506772e-01,3.09166159e-02,2.20000000e-01],[-3.58563524e-02,-3.10947341e-02,9.98873085e-01,-1.50000000e-01]]]
[[[592.1747436523438,0,709.5021362304688],[0,592.1747436523438,345.5269775390625],[0,0,1]],[[9.99224782e-01,4.74130128e-04,-3.87191568e-02,0.00000000e+00],[-5.91630920e-03,9.99500155e-01,3.10553790e-02,2.20000000e-01],[3.89208467e-02,-3.08022298e-02,9.98767436e-01,-1.60000000e-01]]]
[[[592.1747436523438,0,709.5021362304688],[0,592.1747436523438,345.5269775390625],[0,0,1]],[[0.99158606,0.00143276,-0.12903345,0.],[-0.00641216,0.99949819,0.03102024,0.22],[0.12929026,-0.02993186,0.99115494,-0.17]]]
[[[592.1747436523438,0,709.5021362304688],[0,592.1747436523438,345.5269775390625],[0,0,1]],[[0.92412827,0.0031747,-0.38161931,0.],[-0.00727888,0.99947327,0.03162583,0.22],[0.38201304,-0.02644856,0.92377839,-0.17]]]
[[[592.1747436523438,0,709.5021362304688],[0,592.1747436523438,345.5269775390625],[0,0,1]],[[0.85451225,0.00372962,-0.51891031,0.01],[-0.00725445,0.99943405,0.0328473,0.21],[0.51938056,-0.02430401,0.85419736,-0.17]]]
[[[592.1747436523438,0,709.5021362304688],[0,592.1747436523438,345.5269775390625],[0,0,1]],[[0.78843705,0.00398736,-0.61451113,0.01],[-0.00737546,0.9993647,0.0348682,0.21],[0.61507121,-0.02295908,0.78813721,-0.16]]]
[[[592.1747436523438,0,709.5021362304688],[0,592.1747436523438,345.5269775390625],[0,0,1]],[[0.74095436,0.00411334,-0.67090331,0.01],[-0.00718112,0.99932092,0.03614031,0.21],[0.67151702,-0.02196048,0.74066367,-0.17]]]
[[[592.1747436523438,0,709.5021362304688],[0,592.1747436523438,345.5269775390625],[0,0,1]],[[0.73105597,0.00408666,-0.68166288,0.01],[-0.00712473,0.99932045,0.03616464,0.19],[0.68228029,-0.02158171,0.73077207,-0.18]]]
[[[592.1747436523438,0,709.5021362304688],[0,592.1747436523438,345.5269775390625],[0,0,1]],[[0.742666,0.00421482,-0.66901306,0.01],[-0.00702309,0.99931878,0.03623058,0.18],[0.66962519,-0.02220869,0.74236708,-0.18]]]
[[[592.1747436523438,0,709.5021362304688],[0,592.1747436523438,345.5269775390625],[0,0,1]],[[0.75987332,0.00422566,-0.64942286,0.01],[-0.00719733,0.99931711,0.03624242,0.18],[0.65003133,-0.02286553,0.75956331,-0.18]]]
[[[592.1747436523438,0,709.5021362304688],[0,592.1747436523438,345.5269775390625],[0,0,1]],[[0.77794575,0.00431884,-0.6276847,0.02],[-0.00723708,0.99931085,0.0364067,0.17],[0.62828979,-0.02377984,0.7776159,-0.18]]]
[[[592.1747436523438,0,709.5021362304688],[0,592.1747436523438,345.5269775390625],[0,0,1]],[[0.80781142,0.00408248,-0.58883419,0.01],[-0.00743532,0.99935326,0.03518207,0.17],[0.58939414,-0.02404231,0.8074878,-0.17]]]
[[[592.1747436523438,0,709.5021362304688],[0,592.1747436523438,345.5269775390625],[0,0,1]],[[0.81512161,0.00380148,-0.57870727,0.01],[-0.00764523,0.99938959,0.03408813,0.18],[0.57923945,-0.02336162,0.81482264,-0.17]]]
[[[592.1747436523438,0,709.5021362304688],[0,592.1747436523438,345.5269775390625],[0,0,1]],[[0.81844975,0.00350733,-0.57401506,0.01],[-0.00789051,0.99942333,0.03302661,0.18],[0.57452392,-0.02250135,0.81817843,-0.17]]]
[[[592.1747436523438,0,709.5021362304688],[0,592.1747436523438,345.5269775390625],[0,0,1]],[[0.82013382,0.00320978,-0.57163574,0.01],[-0.00803477,0.99946308,0.03176463,0.18],[0.57211533,-0.02145828,0.81989242,-0.17]]]
[[[592.1747436523438,0,709.5021362304688],[0,592.1747436523438,345.5269775390625],[0,0,1]],[[0.82106586,0.00285166,-0.57032048,0.01],[-0.00830676,0.99950197,0.03044344,0.18],[0.57077302,-0.02025855,0.82085793,-0.17]]]
[[[592.1747436523438,0,709.5021362304688],[0,592.1747436523438,345.5269775390625],[0,0,1]],[[0.8247322,0.00278747,-0.56499028,0.01],[-0.00868064,0.99948907,0.03076114,0.18],[0.56545684,-0.02046522,0.82452394,-0.17]]]
[[[592.1747436523438,0,709.5021362304688],[0,592.1747436523438,345.5269775390625],[0,0,1]],[[0.84287198,0.00310308,-0.53756057,0.01],[-0.00857113,0.99945337,0.03192969,0.18],[0.53804587,-0.02230514,0.84262039,-0.17]]]
