[[[592.1747436523438,0,709.5021362304688],[0,592.1747436523438,345.5269775390625],[0,0,1]],[[9.99991715e-01,4.05074237e-03,-3.19614395e-04,0.00000000e+00],[-4.03871000e-03,9.99498430e-01,3.14091600e-02,0.00000000e+00],[4.46684455e-04,-3.14076059e-02,9.99506533e-01,0.00000000e+00]]]
[[[592.1747436523438,0,709.5021362304688],[0,592.1747436523438,345.5269775390625],[0,0,1]],[[9.99991298e-01,4.16184869e-03,-3.77387914e-04,0.00000000e+00],[-4.14821000e-03,9.99514340e-01,3.08850700e-02,-0.00000000e+00],[5.05743548e-04,-3.08832303e-02,9.99522865e-01,0.00000000e+00]]]
[[[592.1747436523438,0,709.5021362304688],[0,592.1747436523438,345.5269775390625],[0,0,1]],[[9.99991417e-01,4.13018558e-03,-3.64150008e-04,0.00000000e+00],[-4.11693000e-03,9.99511900e-01,3.09683200e-02,-0.00000000e+00],[4.91877203e-04,-3.09665576e-02,9.99520302e-01,0.00000000e+00]]]
[[[592.1747436523438,0,709.5021362304688],[0,592.1747436523438,345.5269775390625],[0,0,1]],[[9.99991477e-01,4.12197225e-03,-2.89776450e-04,0.00000000e+00],[-4.11099000e-03,9.99509510e-01,3.10451700e-02,-0.00000000e+00],[4.17601637e-04,-3.10437176e-02,9.99517918e-01,0.00000000e+00]]]
[[[592.1747436523438,0,709.5021362304688],[0,592.1747436523438,345.5269775390625],[0,0,1]],[[9.99991775e-01,4.04707855e-03,-3.54705990e-04,0.00000000e+00],[-4.03403000e-03,9.99504570e-01,3.12146700e-02,-0.00000000e+00],[4.80858464e-04,-3.12129799e-02,9.99512613e-01,0.00000000e+00]]]
[[[592.1747436523438,0,709.5021362304688],[0,592.1747436523438,345.5269775390625],[0,0,1]],[[9.99992073e-01,3.96399759e-03,-3.61706247e-04,0.00000000e+00],[-3.95080000e-03,9.99506650e-01,3.11588900e-02,-0.00000000e+00],[4.85041528e-04,-3.11572123e-02,9.99514401e-01,0.00000000e+00]]]
[[[592.1747436523438,0,709.5021362304688],[0,592.1747436523438,345.5269775390625],[0,0,1]],[[9.99991834e-01,4.02825419e-03,-3.67017405e-04,0.00000000e+00],[-4.01482000e-03,9.99503970e-01,3.12363700e-02,-0.00000000e+00],[4.92663356e-04,-3.12346406e-02,9.99511957e-01,0.00000000e+00]]]
[[[592.1747436523438,0,709.5021362304688],[0,592.1747436523438,345.5269775390625],[0,0,1]],[[9.99991298e-01,4.16110875e-03,-2.31653074e-04,0.00000000e+00],[-4.15191000e-03,9.99508980e-01,3.10577600e-02,-0.00000000e+00],[3.60774022e-04,-3.10565233e-02,9.99517560e-01,0.00000000e+00]]]
[[[592.1747436523438,0,709.5021362304688],[0,592.1747436523438,345.5269775390625],[0,0,1]],[[0.99998772,0.00414644,0.00271742,0.03],[-0.00422647,0.99953687,0.03013616,-0.],[-0.0025912,-0.03014727,0.99954212,0.06]]]
[[[592.1747436523438,0,709.5021362304688],[0,592.1747436523438,345.5269775390625],[0,0,1]],[[0.99998802,0.00410517,0.00266768,0.03],[-0.0041837,0.99953723,0.03013007,-0.],[-0.00254275,-0.03014087,0.99954242,0.06]]]
[[[592.1747436523438,0,709.5021362304688],[0,592.1747436523438,345.5269775390625],[0,0,1]],[[0.99998808,0.00404939,0.00272284,0.04],[-0.0041295,0.99953866,0.03009073,-0.],[-0.00259973,-0.03010162,0.99954349,0.06]]]
[[[592.1747436523438,0,709.5021362304688],[0,592.1747436523438,345.5269775390625],[0,0,1]],[[0.99998754,0.00417487,0.00273041,0.04],[-0.00425452,0.99954545,0.02984637,-0.],[-0.00260456,-0.02985761,0.99955076,0.06]]]
[[[592.1747436523438,0,709.5021362304688],[0,592.1747436523438,345.5269775390625],[0,0,1]],[[0.99998707,0.00428155,0.0027502,0.04],[-0.00436232,0.9995383,0.03006925,-0.],[-0.00262018,-0.03008086,0.99954402,0.06]]]
[[[592.1747436523438,0,709.5021362304688],[0,592.1747436523438,345.5269775390625],[0,0,1]],[[0.99998748,0.00417292,0.00277038,0.04],[-0.00425435,0.99953884,0.03006733,-0.],[-0.00264363,-0.03007874,0.99954402,0.06]]]
[[[592.1747436523438,0,709.5021362304688],[0,592.1747436523438,345.5269775390625],[0,0,1]],[[0.99998748,0.00417037,0.00275435,0.04],[-0.00425132,0.99953878,0.03006952,-0.],[-0.00262768,-0.03008085,0.99954402,0.06]]]
[[[592.1747436523438,0,709.5021362304688],[0,592.1747436523438,345.5269775390625],[0,0,1]],[[0.9999873,0.00421093,0.00276497,0.04],[-0.00429179,0.99954307,0.02992026,-0.],[-0.00263772,-0.02993174,0.99954844,0.06]]]
[[[592.1747436523438,0,709.5021362304688],[0,592.1747436523438,345.5269775390625],[0,0,1]],[[0.99998671,0.00438388,0.00271086,0.03],[-0.00446319,0.99954063,0.02997782,-0.],[-0.00257819,-0.02998952,0.99954689,0.07]]]
[[[592.1747436523438,0,709.5021362304688],[0,592.1747436523438,345.5269775390625],[0,0,1]],[[0.99998754,0.00426618,0.00260023,0.03],[-0.00434215,0.99954212,0.02994532,-0.],[-0.00247128,-0.02995623,0.99954814,0.07]]]
[[[592.1747436523438,0,709.5021362304688],[0,592.1747436523438,345.5269775390625],[0,0,1]],[[0.99998844,0.00410755,0.00251143,0.03],[-0.00418135,0.99953741,0.03012429,-0.],[-0.00238653,-0.03013445,0.99954301,0.07]]]
[[[592.1747436523438,0,709.5021362304688],[0,592.1747436523438,345.5269775390625],[0,0,1]],[[0.9999885,0.00405197,0.00257556,0.03],[-0.00412787,0.9995358,0.03018481,-0.],[-0.00245206,-0.0301951,0.99954104,0.07]]]
[[[592.1747436523438,0,709.5021362304688],[0,592.1747436523438,345.5269775390625],[0,0,1]],[[0.99998885,0.00395165,0.00258632,0.03],[-0.00402784,0.99953729,0.03015021,-0.],[-0.00246598,-0.03016029,0.99954206,0.07]]]
[[[592.1747436523438,0,709.5021362304688],[0,592.1747436523438,345.5269775390625],[0,0,1]],[[0.99998796,0.00403799,0.00278921,0.03],[-0.00412052,0.99953401,0.03024479,-0.],[-0.00266578,-0.03025592,0.9995386,0.07]]]
[[[592.1747436523438,0,709.5021362304688],[0,592.1747436523438,345.5269775390625],[0,0,1]],[[0.99998832,0.00399982,0.00272306,0.03],[-0.00408073,0.9995299,0.0303858,-0.],[-0.00260024,-0.03039655,0.99953455,0.07]]]
[[[592.1747436523438,0,709.5021362304688],[0,592.1747436523438,345.5269775390625],[0,0,1]],[[0.99998832,0.0040068,0.00270459,0.03],[-0.00408751,0.99952561,0.0305263,-0.],[-0.00258099,-0.03053699,0.99953032,0.07]]]
[[[592.1747436523438,0,709.5021362304688],[0,592.1747436523438,345.5269775390625],[0,0,1]],[[0.99998873,0.00390611,0.00269186,0.03],[-0.00398583,0.99953371,0.03027406,-0.],[-0.00257235,-0.03028445,0.999538,0.07]]]
[[[592.1747436523438,0,709.5021362304688],[0,592.1747436523438,345.5269775390625],[0,0,1]],[[0.9999882,0.00405357,0.00266923,0.03],[-0.00413271,0.99953097,0.03034399,-0.],[-0.00254498,-0.03035466,0.99953598,0.07]]]
[[[592.1747436523438,0,709.5021362304688],[0,592.1747436523438,345.5269775390625],[0,0,1]],[[0.99998879,0.00393316,0.00263039,0.03],[-0.00401114,0.99953192,0.03032942,-0.],[-0.00250987,-0.03033963,0.99953651,0.07]]]
[[[592.1747436523438,0,709.5021362304688],[0,592.1747436523438,345.5269775390625],[0,0,1]],[[0.99998868,0.00390535,0.00273003,0.03],[-0.00398569,0.99953997,0.03006653,-0.],[-0.00261135,-0.03007707,0.99954414,0.07]]]
[[[592.1747436523438,0,709.5021362304688],[0,592.1747436523438,345.5269775390625],[0,0,1]],[[0.99998742,0.0039711,0.00306068,0.03],[-0.00406169,0.99953622,0.0301802,-0.],[-0.00293941,-0.03019225,0.99953979,0.07]]]
[[[592.1747436523438,0,709.5021362304688],[0,592.1747436523438,345.5269775390625],[0,0,1]],[[0.9999873,0.00388646,0.00320528,0.03],[-0.00398161,0.99953496,0.03023307,-0.],[-0.00308629,-0.03024545,0.99953777,0.07]]]
[[[592.1747436523438,0,709.5021362304688],[0,592.1747436523438,345.5269775390625],[0,0,1]],[[0.9999876,0.0038465,0.00317106,0.03],[-0.00394109,0.99953061,0.03038113,-0.],[-0.00305271,-0.03039325,0.99953336,0.07]]]
[[[592.1747436523438,0,709.5021362304688],[0,592.1747436523438,345.5269775390625],[0,0,1]],[[0.99997681,0.00505433,0.00456334,0.03],[-0.00519149,0.99951935,0.0305636,-0.],[-0.00440667,-0.03058658,0.99952239,0.07]]]
[[[592.1747436523438,0,709.5021362304688],[0,592.1747436523438,345.5269775390625],[0,0,1]],[[0.9998312,0.01125926,0.01451818,0.02],[-0.01171682,0.99942476,0.03182645,-0.],[-0.01415149,-0.03199118,0.99938798,0.08]]]
[[[592.1747436523438,0,709.5021362304688],[0,592.1747436523438,345.5269775390625],[0,0,1]],[[0.99946427,0.01324447,0.02992851,-0.03],[-0.01428539,0.99929082,0.03483851,-0.],[-0.02944587,-0.03524739,0.9989447,0.11]]]
[[[592.1747436523438,0,709.5021362304688],[0,592.1747436523438,345.5269775390625],[0,0,1]],[[0.99856162,0.01486665,0.05151438,-0.04],[-0.01663588,0.99928039,0.03408753,-0.],[-0.05097054,-0.03489549,0.99809033,0.12]]]
[[[592.1747436523438,0,709.5021362304688],[0,592.1747436523438,345.5269775390625],[0,0,1]],[[0.99162257,0.02257279,0.12718146,-0.04],[-0.02704938,0.99906987,0.03358178,-0.],[-0.12630512,-0.03674063,0.99131083,0.12]]]
[[[592.1747436523438,0,709.5021362304688],[0,592.1747436523438,345.5269775390625],[0,0,1]],[[0.98504168,0.01888058,0.17127879,-0.04],[-0.02490411,0.99914211,0.03308757,-0.],[-0.17050713,-0.03685818,0.98466682,0.13]]]
[[[592.1747436523438,0,709.5021362304688],[0,592.1747436523438,345.5269775390625],[0,0,1]],[[0.97839963,0.01726895,0.20600048,-0.02],[-0.02458799,0.99915212,0.03302214,-0.],[-0.20525551,-0.03737397,0.97799456,0.17]]]
[[[592.1747436523438,0,709.5021362304688],[0,592.1747436523438,345.5269775390625],[0,0,1]],[[0.9731676,0.01639119,0.22951335,-0.02],[-0.02453631,0.99916464,0.0326798,-0.],[-0.22878592,-0.03743432,0.97275674,0.17]]]
[[[592.1747436523438,0,709.5021362304688],[0,592.1747436523438,345.5269775390625],[0,0,1]],[[0.96603161,0.01846018,0.25776473,-0.02],[-0.02773385,0.99909067,0.03238761,-0.],[-0.25693238,-0.03843625,0.96566486,0.17]]]
[[[592.1747436523438,0,709.5021362304688],[0,592.1747436523438,345.5269775390625],[0,0,1]],[[0.95368916,0.01676092,0.30032736,-0.02],[-0.02751156,0.9991219,0.03160309,-0.],[-0.29953387,-0.03840199,0.95331264,0.17]]]
[[[592.1747436523438,0,709.5021362304688],[0,592.1747436523438,345.5269775390625],[0,0,1]],[[0.93205827,0.01427639,0.36202812,-0.01],[-0.02678837,0.9992041,0.0295648,-0.],[-0.36131778,-0.03725424,0.9316985,0.19]]]
[[[592.1747436523438,0,709.5021362304688],[0,592.1747436523438,345.5269775390625],[0,0,1]],[[0.89622843,0.01126413,0.44345042,0.],[-0.02756894,0.99915969,0.030338,-0.],[-0.44273588,-0.03941523,0.89578563,0.21]]]
[[[592.1747436523438,0,709.5021362304688],[0,592.1747436523438,345.5269775390625],[0,0,1]],[[0.84912294,0.00442592,0.52817738,0.02],[-0.0302353,0.99873275,0.04023871,0.],[-0.52732974,-0.0501372,0.84818041,0.22]]]
[[[592.1747436523438,0,709.5021362304688],[0,592.1747436523438,345.5269775390625],[0,0,1]],[[0.80385971,0.00216544,0.59481585,0.03],[-0.03252408,0.99865776,0.04031879,0.],[-0.59392971,-0.05175648,0.80285066,0.23]]]
[[[592.1747436523438,0,709.5021362304688],[0,592.1747436523438,345.5269775390625],[0,0,1]],[[0.76936722,-0.00599567,0.63877958,0.05],[-0.02857249,0.99863273,0.04378692,0.],[-0.63816822,-0.05193972,0.7681433,0.24]]]
[[[592.1747436523438,0,709.5021362304688],[0,592.1747436523438,345.5269775390625],[0,0,1]],[[0.7557838,-0.00725191,0.65478206,0.05],[-0.02836203,0.99863827,0.04379715,0.],[-0.65420753,-0.05167208,0.75454819,0.24]]]
[[[592.1747436523438,0,709.5021362304688],[0,592.1747436523438,345.5269775390625],[0,0,1]],[[0.75467867,-0.00859392,0.65603924,0.05],[-0.02693956,0.99866551,0.04407229,0.01],[-0.65554214,-0.05093378,0.75343931,0.24]]]
[[[592.1747436523438,0,709.5021362304688],[0,592.1747436523438,345.5269775390625],[0,0,1]],[[0.75472254,-0.0093894,0.65597796,0.05],[-0.02638892,0.99865431,0.04465556,0.01],[-0.65551412,-0.05101306,0.75345832,0.24]]]
[[[592.1747436523438,0,709.5021362304688],[0,592.1747436523438,345.5269775390625],[0,0,1]],[[0.75475609,-0.00942957,0.65593874,0.05],[-0.02679853,0.99861932,0.04519155,0.01],[-0.65545893,-0.05168674,0.75346059,0.24]]]
[[[592.1747436523438,0,709.5021362304688],[0,592.1747436523438,345.5269775390625],[0,0,1]],[[0.75478339,-0.00972524,0.65590316,0.05],[-0.02677426,0.9986006,0.04561708,0.01],[-0.65542847,-0.05199228,0.75346607,0.24]]]
[[[592.1747436523438,0,709.5021362304688],[0,592.1747436523438,345.5269775390625],[0,0,1]],[[0.75478935,-0.01022935,0.65588886,0.05],[-0.02635194,0.99859887,0.04589982,0.01],[-0.6554389,-0.05192857,0.75346142,0.24]]]
[[[592.1747436523438,0,709.5021362304688],[0,592.1747436523438,345.5269775390625],[0,0,1]],[[0.75509697,-0.01087123,0.65552443,0.05],[-0.02574001,0.9986006,0.04621065,0.01],[-0.65510899,-0.05176666,0.7537595,0.24]]]
[[[592.1747436523438,0,709.5021362304688],[0,592.1747436523438,345.5269775390625],[0,0,1]],[[0.75798506,-0.01489112,0.65210378,0.05],[-0.02182998,0.9986009,0.04817804,0.01],[-0.6519081,-0.05075356,0.75659823,0.24]]]
[[[592.1747436523438,0,709.5021362304688],[0,592.1747436523438,345.5269775390625],[0,0,1]],[[0.77137929,-0.01942765,0.63608086,0.05],[-0.01597397,0.99862856,0.04987257,0.01],[-0.63617665,-0.04863133,0.77000988,0.24]]]
[[[592.1747436523438,0,709.5021362304688],[0,592.1747436523438,345.5269775390625],[0,0,1]],[[0.79291308,-0.02696904,0.60873961,0.04],[-0.00619437,0.9986124,0.05231006,0.01],[-0.60930502,-0.04524802,0.79164445,0.24]]]
[[[592.1747436523438,0,709.5021362304688],[0,592.1747436523438,345.5269775390625],[0,0,1]],[[0.81554085,-0.02759634,0.57804322,0.04],[-0.00278658,0.9986642,0.05160867,0.01],[-0.57869458,-0.04369969,0.81437331,0.23]]]
[[[592.1747436523438,0,709.5021362304688],[0,592.1747436523438,345.5269775390625],[0,0,1]],[[0.8335067,-0.02727148,0.55183816,0.04],[-0.00125244,0.99868602,0.05124608,0.02],[-0.55250984,-0.04340504,0.832376,0.23]]]
[[[592.1747436523438,0,709.5021362304688],[0,592.1747436523438,345.5269775390625],[0,0,1]],[[8.47315670e-01,-2.72977200e-02,5.30389850e-01,3.00000000e-02],[1.27451436e-04,9.98689353e-01,5.11961877e-02,2.00000000e-02],[-5.31091630e-01,-4.33116800e-02,8.46207260e-01,2.30000000e-01]]]
[[[592.1747436523438,0,709.5021362304688],[0,592.1747436523438,345.5269775390625],[0,0,1]],[[0.86225313,-0.02948518,0.50562143,0.03],[0.00370874,0.99864566,0.0519111,0.02],[-0.50646663,-0.04288522,0.86119318,0.22]]]
[[[592.1747436523438,0,709.5021362304688],[0,592.1747436523438,345.5269775390625],[0,0,1]],[[0.87789136,-0.03279439,0.47773859,-0.07],[0.00791283,0.9985103,0.05400218,0.12],[-0.4787972,-0.04362772,0.87684155,-0.08]]]
[[[592.1747436523438,0,709.5021362304688],[0,592.1747436523438,345.5269775390625],[0,0,1]],[[0.8984893,-0.03392111,0.43768591,-0.07],[0.0111531,0.99845296,0.05448584,0.13],[-0.43885648,-0.04407333,0.8974762,-0.08]]]
[[[592.1747436523438,0,709.5021362304688],[0,592.1747436523438,345.5269775390625],[0,0,1]],[[0.91787541,-0.03804709,0.39504391,-0.07],[0.0172749,0.9982816,0.05600767,0.13],[-0.39649558,-0.04458366,0.91695392,-0.08]]]
[[[592.1747436523438,0,709.5021362304688],[0,592.1747436523438,345.5269775390625],[0,0,1]],[[0.93816549,-0.03724548,0.34418127,-0.07],[0.01916757,0.99825984,0.05577962,0.13],[-0.34565958,-0.04573334,0.93724537,-0.08]]]
[[[592.1747436523438,0,709.5021362304688],[0,592.1747436523438,345.5269775390625],[0,0,1]],[[0.95404053,-0.03623328,0.29748362,-0.07],[0.02075905,0.99827063,0.05501356,0.13],[-0.29896221,-0.04630962,0.95314115,-0.09]]]
[[[592.1747436523438,0,709.5021362304688],[0,592.1747436523438,345.5269775390625],[0,0,1]],[[0.965267,-0.0351295,0.25889838,-0.07],[0.02181773,0.99829739,0.05411291,0.13],[-0.26035827,-0.04658476,0.96438813,-0.09]]]
[[[592.1747436523438,0,709.5021362304688],[0,592.1747436523438,345.5269775390625],[0,0,1]],[[0.97295165,-0.03550236,0.22827022,-0.07],[0.02383303,0.99827474,0.0536764,0.13],[-0.2297819,-0.0467841,0.97211742,-0.1]]]
[[[592.1747436523438,0,709.5021362304688],[0,592.1747436523438,345.5269775390625],[0,0,1]],[[0.98074043,-0.03968072,0.19124882,-0.07],[0.03025021,0.99819064,0.05198106,0.13],[-0.19296536,-0.04519453,0.98016459,-0.11]]]
[[[592.1747436523438,0,709.5021362304688],[0,592.1747436523438,345.5269775390625],[0,0,1]],[[0.98898333,-0.04204253,0.1419405,-0.09],[0.03520719,0.99811274,0.05032991,0.13],[-0.14378861,-0.04477803,0.98859519,-0.14]]]
[[[592.1747436523438,0,709.5021362304688],[0,592.1747436523438,345.5269775390625],[0,0,1]],[[0.99529719,-0.0464514,0.08501939,-0.1],[0.04266991,0.99804121,0.04576796,0.13],[-0.08697893,-0.04192487,0.99532795,-0.15]]]
[[[592.1747436523438,0,709.5021362304688],[0,592.1747436523438,345.5269775390625],[0,0,1]],[[0.9990226,-0.03455046,0.02761778,-0.1],[0.03403223,0.99924058,0.0190186,0.12],[-0.0282541,-0.01806009,0.99943799,-0.15]]]
[[[592.1747436523438,0,709.5021362304688],[0,592.1747436523438,345.5269775390625],[0,0,1]],[[0.99934381,-0.03016414,-0.02012278,-0.1],[0.03052588,0.99937427,0.01791987,0.12],[0.01956938,-0.01852234,0.99963737,-0.16]]]
[[[592.1747436523438,0,709.5021362304688],[0,592.1747436523438,345.5269775390625],[0,0,1]],[[0.99714082,-0.0326848,-0.06815416,-0.1],[0.03388084,0.9992913,0.01646775,0.12],[0.06756724,-0.01872974,0.9975394,-0.17]]]
[[[592.1747436523438,0,709.5021362304688],[0,592.1747436523438,345.5269775390625],[0,0,1]],[[0.98851955,-0.04668563,-0.14371014,-0.11],[0.04852411,0.99877965,0.00931315,0.12],[0.14309941,-0.0161796,0.98957652,-0.18]]]
[[[592.1747436523438,0,709.5021362304688],[0,592.1747436523438,345.5269775390625],[0,0,1]],[[0.97206092,-0.04703967,-0.22997437,-0.11],[0.04927315,0.99877852,0.00397569,0.12],[0.22950572,-0.01519613,0.97318929,-0.2]]]
[[[592.1747436523438,0,709.5021362304688],[0,592.1747436523438,345.5269775390625],[0,0,1]],[[0.94434726,-0.04444824,-0.32593858,-0.08],[0.04772104,0.9988597,0.00204853,0.18],[0.32547495,-0.0174886,0.94538957,-0.18]]]
[[[592.1747436523438,0,709.5021362304688],[0,592.1747436523438,345.5269775390625],[0,0,1]],[[9.05979870e-01,-3.74705000e-02,-4.21663050e-01,-8.00000000e-02],[4.09395695e-02,9.99162376e-01,-8.26858857e-04,1.80000000e-01],[4.21339630e-01,-1.65135400e-02,9.06753120e-01,-1.90000000e-01]]]
[[[592.1747436523438,0,709.5021362304688],[0,592.1747436523438,345.5269775390625],[0,0,1]],[[0.87128484,-0.03208862,-0.48973072,-0.08],[0.03523604,0.99937618,-0.00279327,0.18],[0.48951355,-0.01482239,0.8718701,-0.18]]]
[[[592.1747436523438,0,709.5021362304688],[0,592.1747436523438,345.5269775390625],[0,0,1]],[[0.84882838,-0.02790614,-0.52793467,-0.08],[0.03154862,0.99950117,-0.00210791,0.18],[0.52772862,-0.01486631,0.84928352,-0.18]]]
[[[592.1747436523438,0,709.5021362304688],[0,592.1747436523438,345.5269775390625],[0,0,1]],[[0.83542472,-0.02639265,-0.54897386,-0.08],[0.02995549,0.99954939,-0.00246856,0.18],[0.54878998,-0.01438244,0.83583713,-0.19]]]
[[[592.1747436523438,0,709.5021362304688],[0,592.1747436523438,345.5269775390625],[0,0,1]],[[0.83178091,-0.01749063,-0.55483174,-0.08],[0.0216923,0.99976552,0.00100344,0.17],[0.55468237,-0.01287018,0.83196354,-0.19]]]
[[[592.1747436523438,0,709.5021362304688],[0,592.1747436523438,345.5269775390625],[0,0,1]],[[0.83831429,-0.0116122,-0.54506713,-0.07],[0.0163058,0.99986124,0.0037772,0.17],[0.54494601,-0.0120542,0.8383854,-0.2]]]
[[[592.1747436523438,0,709.5021362304688],[0,592.1747436523438,345.5269775390625],[0,0,1]],[[0.85983258,-0.00429849,-0.5105617,-0.05],[0.01041437,0.99990535,0.00912048,0.17],[0.51047266,-0.01315923,0.85979408,-0.2]]]
[[[592.1747436523438,0,709.5021362304688],[0,592.1747436523438,345.5269775390625],[0,0,1]],[[0.89265746,0.00183105,-0.45073655,-0.04],[0.00398817,0.99992186,0.01196043,0.17],[0.45072165,-0.01247415,0.89257818,-0.18]]]
[[[592.1747436523438,0,709.5021362304688],[0,592.1747436523438,345.5269775390625],[0,0,1]],[[0.92160803,-0.00255625,-0.38811868,-0.05],[0.00792689,0.99989516,0.01223733,0.17],[0.38804531,-0.01435456,0.92152923,-0.19]]]
[[[592.1747436523438,0,709.5021362304688],[0,592.1747436523438,345.5269775390625],[0,0,1]],[[0.93820852,-0.00672684,-0.34601092,-0.05],[0.01148176,0.99986714,0.01169434,0.17],[0.34588501,-0.01494449,0.93815863,-0.19]]]
[[[592.1747436523438,0,709.5021362304688],[0,592.1747436523438,345.5269775390625],[0,0,1]],[[0.95240515,-0.00503941,-0.30479985,-0.05],[0.00939119,0.99987525,0.01281322,0.17],[0.30469602,-0.01506576,0.95233119,-0.19]]]
[[[592.1747436523438,0,709.5021362304688],[0,592.1747436523438,345.5269775390625],[0,0,1]],[[9.69710050e-01,4.38581000e-03,-2.44227470e-01,-4.00000000e-02],[-7.16355629e-04,9.99886990e-01,1.51116922e-02,1.70000000e-01],[2.44265140e-01,-1.44789700e-02,9.69601150e-01,-1.70000000e-01]]]
[[[592.1747436523438,0,709.5021362304688],[0,592.1747436523438,345.5269775390625],[0,0,1]],[[0.98667669,0.00574649,-0.1626042,-0.04],[-0.00338465,0.99988621,0.01479859,0.16],[0.16266991,-0.01405103,0.98658121,-0.15]]]
[[[592.1747436523438,0,709.5021362304688],[0,592.1747436523438,345.5269775390625],[0,0,1]],[[0.99816185,0.0070741,-0.06022603,-0.03],[-0.00620954,0.99987668,0.0145309,0.16],[0.06032085,-0.01413018,0.99807984,-0.12]]]
[[[592.1747436523438,0,709.5021362304688],[0,592.1747436523438,345.5269775390625],[0,0,1]],[[0.99862152,0.00374843,0.0523975,-0.03],[-0.00446079,0.9999007,0.0134845,0.16],[-0.05234197,-0.0136996,0.99853623,-0.1]]]
[[[592.1747436523438,0,709.5021362304688],[0,592.1747436523438,345.5269775390625],[0,0,1]],[[0.98692805,-0.00416474,0.16112196,-0.03],[0.0023499,0.99993318,0.01145249,0.16],[-0.16115882,-0.01092413,0.98686904,-0.09]]]
[[[592.1747436523438,0,709.5021362304688],[0,592.1747436523438,345.5269775390625],[0,0,1]],[[0.96715951,0.00118723,0.25417644,-0.01],[-0.01330423,0.99885631,0.04595786,0.17],[-0.25383082,-0.04783006,0.9660663,-0.04]]]
[[[592.1747436523438,0,709.5021362304688],[0,592.1747436523438,345.5269775390625],[0,0,1]],[[0.94590652,0.00926426,0.32431397,0.01],[-0.02907909,0.99799162,0.05630474,0.18],[-0.32314047,-0.06268959,0.94427335,-0.01]]]
[[[592.1747436523438,0,709.5021362304688],[0,592.1747436523438,345.5269775390625],[0,0,1]],[[0.92397904,0.01672422,0.38208306,0.02],[-0.04032445,0.99773639,0.05384316,0.17],[-0.38031691,-0.06515705,0.9225592,0.02]]]
[[[592.1747436523438,0,709.5021362304688],[0,592.1747436523438,345.5269775390625],[0,0,1]],[[0.88988483,0.02390208,0.45556387,0.04],[-0.06399308,0.99529445,0.07278198,0.17],[-0.45167947,-0.09392022,0.88722402,0.04]]]
[[[592.1747436523438,0,709.5021362304688],[0,592.1747436523438,345.5269775390625],[0,0,1]],[[0.85923362,0.02198005,0.51111555,0.04],[-0.0659297,0.99550462,0.06802328,0.17],[-0.50732154,-0.09214528,0.85681725,0.04]]]
[[[592.1747436523438,0,709.5021362304688],[0,592.1747436523438,345.5269775390625],[0,0,1]],[[0.8233009,0.01987916,0.56726116,0.04],[-0.06778769,0.99567914,0.06349166,0.17],[-0.5635466,-0.09072577,0.82108825,0.04]]]
[[[592.1747436523438,0,709.5021362304688],[0,592.1747436523438,345.5269775390625],[0,0,1]],[[0.78264177,0.01842219,0.62220377,0.06],[-0.06930026,0.99592865,0.05768217,0.17],[-0.61860621,-0.08826303,0.78072912,0.04]]]
[[[592.1747436523438,0,709.5021362304688],[0,592.1747436523438,345.5269775390625],[0,0,1]],[[0.74778211,0.01861257,0.66368693,0.07],[-0.07150359,0.99605256,0.05263023,0.17],[-0.66008568,-0.08681164,0.7461586,0.06]]]
[[[592.1747436523438,0,709.5021362304688],[0,592.1747436523438,345.5269775390625],[0,0,1]],[[0.71529788,0.01181608,0.69872332,0.],[-0.07005127,0.99603492,0.05486903,0.26],[-0.69530255,-0.08819383,0.71328682,0.03]]]
[[[592.1747436523438,0,709.5021362304688],[0,592.1747436523438,345.5269775390625],[0,0,1]],[[0.69022411,0.01112773,0.72351342,0.],[-0.07133374,0.9960593,0.05273207,0.26],[-0.72007358,-0.08800755,0.68829554,0.03]]]
[[[592.1747436523438,0,709.5021362304688],[0,592.1747436523438,345.5269775390625],[0,0,1]],[[0.6871205,0.00951246,0.72648472,0.01],[-0.06992182,0.99614054,0.0530898,0.26],[-0.72317374,-0.08727589,0.68513113,0.03]]]
[[[592.1747436523438,0,709.5021362304688],[0,592.1747436523438,345.5269775390625],[0,0,1]],[[0.68709987,0.00942429,0.7265054,0.01],[-0.06984508,0.99614358,0.05313458,0.26],[-0.72320074,-0.08725125,0.68510574,0.03]]]
[[[592.1747436523438,0,709.5021362304688],[0,592.1747436523438,345.5269775390625],[0,0,1]],[[0.68719947,0.00907165,0.72641581,0.01],[-0.06989668,0.99611062,0.05368352,0.26],[-0.7231012,-0.08766499,0.68515801,0.03]]]
[[[592.1747436523438,0,709.5021362304688],[0,592.1747436523438,345.5269775390625],[0,0,1]],[[0.68992358,0.00891054,0.723831,0.01],[-0.06891284,0.99619341,0.05342124,0.26],[-0.72059727,-0.08673746,0.68790853,0.03]]]
[[[592.1747436523438,0,709.5021362304688],[0,592.1747436523438,345.5269775390625],[0,0,1]],[[0.70454991,0.00646678,0.70962864,0.01],[-0.065254,0.99631453,0.05570763,0.26],[-0.70665073,-0.08555456,0.70237237,0.03]]]
[[[592.1747436523438,0,709.5021362304688],[0,592.1747436523438,345.5269775390625],[0,0,1]],[[0.74073809,0.0032997,0.67178977,-0.02],[-0.05934394,0.99640226,0.06054045,0.26],[-0.66917092,-0.08471092,0.73826581,-0.01]]]
[[[592.1747436523438,0,709.5021362304688],[0,592.1747436523438,345.5269775390625],[0,0,1]],[[7.98815072e-01,1.42014556e-04,6.01581216e-01,-4.00000000e-02],[-5.09692500e-02,9.96422410e-01,6.74446900e-02,2.60000000e-01],[-5.99417510e-01,-8.45376100e-02,7.95961080e-01,-2.00000000e-02]]]
[[[592.1747436523438,0,709.5021362304688],[0,592.1747436523438,345.5269775390625],[0,0,1]],[[0.90102237,-0.00206339,0.43377426,-0.06],[-0.03537177,0.99631131,0.07821232,0.27],[-0.43233424,-0.085814,0.89762181,-0.06]]]
[[[592.1747436523438,0,709.5021362304688],[0,592.1747436523438,345.5269775390625],[0,0,1]],[[0.93264198,0.00958493,0.36068389,-0.07],[-0.0292013,0.99837524,0.04897629,0.26],[-0.3596274,-0.05620951,0.93140244,-0.08]]]
[[[592.1747436523438,0,709.5021362304688],[0,592.1747436523438,345.5269775390625],[0,0,1]],[[0.94951135,0.0111169,0.31354481,-0.08],[-0.0280592,0.99837852,0.04957382,0.26],[-0.31248441,-0.05586844,0.94827956,-0.11]]]
[[[592.1747436523438,0,709.5021362304688],[0,592.1747436523438,345.5269775390625],[0,0,1]],[[0.95930415,0.00999376,0.28220794,-0.08],[-0.02554326,0.99834991,0.05147425,0.26],[-0.28122711,-0.0565877,0.95797235,-0.12]]]
[[[592.1747436523438,0,709.5021362304688],[0,592.1747436523438,345.5269775390625],[0,0,1]],[[0.96873695,0.0072354,0.24799611,-0.09],[-0.02077856,0.99843127,0.05203659,0.26],[-0.24722996,-0.05556248,0.96736342,-0.13]]]
[[[592.1747436523438,0,709.5021362304688],[0,592.1747436523438,345.5269775390625],[0,0,1]],[[9.81392622e-01,-6.22783497e-04,1.92025810e-01,-9.00000000e-02],[-8.38529000e-03,9.98904170e-01,4.60944200e-02,2.60000000e-01],[-1.91843730e-01,-4.68466600e-02,9.80307760e-01,-1.30000000e-01]]]
[[[592.1747436523438,0,709.5021362304688],[0,592.1747436523438,345.5269775390625],[0,0,1]],[[9.94324860e-01,-5.15443000e-03,1.06288140e-01,-1.00000000e-01],[3.57268669e-04,9.98984575e-01,4.51029725e-02,2.60000000e-01],[-1.06412660e-01,-4.48087900e-02,9.93312780e-01,-1.50000000e-01]]]
[[[592.1747436523438,0,709.5021362304688],[0,592.1747436523438,345.5269775390625],[0,0,1]],[[0.99993807,-0.00926849,0.00661196,-0.1],[0.0089694,0.99899757,0.04390793,0.26],[-0.0070127,-0.04384566,0.99901456,-0.16]]]
[[[592.1747436523438,0,709.5021362304688],[0,592.1747436523438,345.5269775390625],[0,0,1]],[[0.98202676,0.00490331,-0.18869311,-0.09],[0.00356127,0.99900556,0.04449414,0.26],[0.1887224,-0.04436618,0.98102868,-0.19]]]
[[[592.1747436523438,0,709.5021362304688],[0,592.1747436523438,345.5269775390625],[0,0,1]],[[0.96071351,0.0074185,-0.27745283,-0.09],[0.00510026,0.99900448,0.04437166,0.25],[0.27750418,-0.0440433,0.95971531,-0.2]]]
[[[592.1747436523438,0,709.5021362304688],[0,592.1747436523438,345.5269775390625],[0,0,1]],[[9.33403430e-01,1.60669600e-02,-3.58476610e-01,-9.00000000e-02],[8.50908866e-04,9.98897552e-01,4.69863974e-02,2.50000000e-01],[3.58834480e-01,-4.41620600e-02,9.32356950e-01,-2.20000000e-01]]]
[[[592.1747436523438,0,709.5021362304688],[0,592.1747436523438,345.5269775390625],[0,0,1]],[[0.90891564,0.02154387,-0.41643,-0.1],[-0.00174261,0.99885434,0.04787199,0.24],[0.41698214,-0.0427857,0.9079082,-0.22]]]
[[[592.1747436523438,0,709.5021362304688],[0,592.1747436523438,345.5269775390625],[0,0,1]],[[0.89546305,0.02609354,-0.44437703,-0.1],[-0.00403221,0.99871749,0.05051883,0.24],[0.44512311,-0.04344568,0.89441603,-0.24]]]
[[[592.1747436523438,0,709.5021362304688],[0,592.1747436523438,345.5269775390625],[0,0,1]],[[0.89264691,0.0302811,-0.44974467,-0.1],[-0.00752955,0.99860603,0.05229121,0.24],[0.45069894,-0.04329098,0.89162689,-0.24]]]
[[[592.1747436523438,0,709.5021362304688],[0,592.1747436523438,345.5269775390625],[0,0,1]],[[0.88869816,0.03079015,-0.4574641,-0.1],[-0.00760785,0.9985981,0.05243238,0.24],[0.45843491,-0.043116,0.88768274,-0.24]]]
[[[592.1747436523438,0,709.5021362304688],[0,592.1747436523438,345.5269775390625],[0,0,1]],[[0.88833719,0.03249512,-0.45804679,-0.1],[-0.00874019,0.99851143,0.05388651,0.24],[0.45911375,-0.04386573,0.88729507,-0.24]]]
[[[592.1747436523438,0,709.5021362304688],[0,592.1747436523438,345.5269775390625],[0,0,1]],[[0.8901571,0.0373122,-0.45412984,-0.09],[-0.01310011,0.99832797,0.05634662,0.24],[0.45547065,-0.04420795,0.88915366,-0.25]]]
[[[592.1747436523438,0,709.5021362304688],[0,592.1747436523438,345.5269775390625],[0,0,1]],[[0.89438069,0.04022658,-0.44550049,-0.09],[-0.01604391,0.99819475,0.05792278,0.24],[0.44702405,-0.04465722,0.8934077,-0.25]]]
[[[592.1747436523438,0,709.5021362304688],[0,592.1747436523438,345.5269775390625],[0,0,1]],[[0.89893711,0.04173421,-0.43609178,-0.09],[-0.01765481,0.99809706,0.05912575,0.25],[0.4377273,-0.04545097,0.89795941,-0.25]]]
[[[592.1747436523438,0,709.5021362304688],[0,592.1747436523438,345.5269775390625],[0,0,1]],[[0.90815789,0.05162382,-0.41543961,-0.08],[-0.02758751,0.99759305,0.06365734,0.25],[0.41772375,-0.04634972,0.9073922,-0.26]]]
[[[592.1747436523438,0,709.5021362304688],[0,592.1747436523438,345.5269775390625],[0,0,1]],[[0.9379409,0.05020311,-0.34315056,-0.08],[-0.03152043,0.99771458,0.0598108,0.24],[0.34536716,-0.04528249,0.93737566,-0.26]]]
[[[592.1747436523438,0,709.5021362304688],[0,592.1747436523438,345.5269775390625],[0,0,1]],[[0.95142156,0.05359004,-0.30320108,-0.07],[-0.03719594,0.99753213,0.0595934,0.24],[0.30564475,-0.04542035,0.9510628,-0.25]]]
[[[592.1747436523438,0,709.5021362304688],[0,592.1747436523438,345.5269775390625],[0,0,1]],[[0.96820623,0.06253514,-0.24222253,-0.06],[-0.04973469,0.99704385,0.05861088,0.23],[0.2451703,-0.04470032,0.96845007,-0.23]]]
[[[592.1747436523438,0,709.5021362304688],[0,592.1747436523438,345.5269775390625],[0,0,1]],[[0.9948625,0.06902648,-0.07409276,-0.05],[-0.06536566,0.99657273,0.05074824,0.23],[0.07734107,-0.04564415,0.99596041,-0.2]]]
[[[592.1747436523438,0,709.5021362304688],[0,592.1747436523438,345.5269775390625],[0,0,1]],[[0.99734759,0.06653032,0.02961825,-0.04],[-0.06779686,0.99672949,0.04403561,0.23],[-0.02659194,-0.04592658,0.9985919,-0.17]]]
[[[592.1747436523438,0,709.5021362304688],[0,592.1747436523438,345.5269775390625],[0,0,1]],[[0.98724294,0.06767004,0.14414541,-0.04],[-0.07350856,0.99666297,0.03556505,0.23],[-0.14125744,-0.04570702,0.9889183,-0.15]]]
[[[592.1747436523438,0,709.5021362304688],[0,592.1747436523438,345.5269775390625],[0,0,1]],[[0.93143296,0.05411602,0.35987467,-0.03],[-0.06527942,0.9976902,0.01892976,0.23],[-0.35801774,-0.04112398,0.93281001,-0.13]]]
[[[592.1747436523438,0,709.5021362304688],[0,592.1747436523438,345.5269775390625],[0,0,1]],[[0.89161402,0.063458,0.44833428,-0.01],[-0.07682445,0.99697924,0.01166849,0.22],[-0.44623777,-0.04484657,0.8937915,-0.09]]]
[[[592.1747436523438,0,709.5021362304688],[0,592.1747436523438,345.5269775390625],[0,0,1]],[[0.8500157,0.05869377,0.52348292,-0.],[-0.07271229,0.99733627,0.00624493,0.22],[-0.52171987,-0.04337167,0.8520152,-0.08]]]
[[[592.1747436523438,0,709.5021362304688],[0,592.1747436523438,345.5269775390625],[0,0,1]],[[0.80847216,0.05347238,0.58610529,0.01],[-0.06814561,0.99767381,0.00297863,0.22],[-0.58458024,-0.0423484,0.81023157,-0.07]]]
[[[592.1747436523438,0,709.5021362304688],[0,592.1747436523438,345.5269775390625],[0,0,1]],[[0.75802439,0.04987111,0.65032119,0.02],[-0.06477709,0.9979021,-0.00102089,0.22],[-0.64900517,-0.04135182,0.75966108,-0.06]]]
[[[592.1747436523438,0,709.5021362304688],[0,592.1747436523438,345.5269775390625],[0,0,1]],[[0.71698344,0.04850445,0.69540477,0.03],[-0.0628257,0.99801576,-0.00483642,0.22],[-0.69425672,-0.04022143,0.71860474,-0.05]]]
[[[592.1747436523438,0,709.5021362304688],[0,592.1747436523438,345.5269775390625],[0,0,1]],[[0.69268572,0.04723075,0.71969539,0.04],[-0.06090856,0.99812275,-0.00688019,0.22],[-0.7186662,-0.03906956,0.69425887,-0.05]]]
[[[592.1747436523438,0,709.5021362304688],[0,592.1747436523438,345.5269775390625],[0,0,1]],[[0.69264603,0.04701528,0.71974778,0.04],[-0.06073051,0.99813455,-0.00675635,0.22],[-0.71871942,-0.03903064,0.69420594,-0.05]]]
[[[592.1747436523438,0,709.5021362304688],[0,592.1747436523438,345.5269775390625],[0,0,1]],[[0.69277048,0.04674625,0.71964544,0.04],[-0.06079503,0.99813354,-0.0063115,0.22],[-0.71859396,-0.0393782,0.69431615,-0.05]]]
[[[592.1747436523438,0,709.5021362304688],[0,592.1747436523438,345.5269775390625],[0,0,1]],[[0.69337231,0.04686141,0.71905816,0.04],[-0.06042896,0.99815285,-0.00677987,0.22],[-0.71804416,-0.03875071,0.69492,-0.05]]]
[[[592.1747436523438,0,709.5021362304688],[0,592.1747436523438,345.5269775390625],[0,0,1]],[[0.6986171,0.0428593,0.71421486,0.04],[-0.05639819,0.99840045,-0.00474653,0.22],[-0.71327239,-0.03696419,0.69991344,-0.05]]]
[[[592.1747436523438,0,709.5021362304688],[0,592.1747436523438,345.5269775390625],[0,0,1]],[[0.71977824,0.0316191,0.6934877,0.03],[-0.04706381,0.99888974,0.00330428,0.23],[-0.69260997,-0.0350163,0.72046387,-0.05]]]
[[[592.1747436523438,0,709.5021362304688],[0,592.1747436523438,345.5269775390625],[0,0,1]],[[7.65474140e-01,4.83291900e-02,6.41653660e-01,3.00000000e-02],[-6.27334118e-02,9.98033762e-01,-3.32586438e-04,2.30000000e-01],[-6.40404880e-01,-3.99982800e-02,7.66997100e-01,-5.00000000e-02]]]
[[[592.1747436523438,0,709.5021362304688],[0,592.1747436523438,345.5269775390625],[0,0,1]],[[0.87978435,0.03735416,0.47390902,0.02],[-0.05230046,0.99846548,0.01839224,0.23],[-0.47249237,-0.0409666,0.88038361,-0.07]]]
[[[592.1747436523438,0,709.5021362304688],[0,592.1747436523438,345.5269775390625],[0,0,1]],[[0.92315978,0.04034229,0.38230085,0.02],[-0.0530533,0.99833572,0.02276083,0.23],[-0.3807444,-0.04129395,0.9237591,-0.07]]]
[[[592.1747436523438,0,709.5021362304688],[0,592.1747436523438,345.5269775390625],[0,0,1]],[[0.95613444,0.03992224,0.29020452,0.],[-0.03645733,0.99918836,-0.01733871,0.22],[-0.29065958,0.00599807,0.95680898,-0.12]]]
[[[592.1747436523438,0,709.5021362304688],[0,592.1747436523438,345.5269775390625],[0,0,1]],[[0.97328871,0.02360327,0.2283802,0.],[-0.01228789,0.9986347,-0.0508425,0.22],[-0.22926715,0.04667792,0.97224492,-0.14]]]
[[[592.1747436523438,0,709.5021362304688],[0,592.1747436523438,345.5269775390625],[0,0,1]],[[0.98722523,0.02688458,0.15706365,0.],[-0.01935437,0.99860114,-0.04927864,0.22],[-0.15816782,0.04560907,0.98635954,-0.15]]]
[[[592.1747436523438,0,709.5021362304688],[0,592.1747436523438,345.5269775390625],[0,0,1]],[[0.99644148,0.0223604,0.0812996,0.],[-0.01848212,0.99867266,-0.048148,0.22],[-0.08226775,0.04647389,0.99552727,-0.16]]]
[[[592.1747436523438,0,709.5021362304688],[0,592.1747436523438,345.5269775390625],[0,0,1]],[[0.99971217,0.01989149,-0.01360805,0.],[-0.02050963,0.99869251,-0.04689948,0.22],[0.01265742,0.04716488,0.99880815,-0.17]]]
[[[592.1747436523438,0,709.5021362304688],[0,592.1747436523438,345.5269775390625],[0,0,1]],[[0.96181208,0.02831544,-0.27225167,0.],[-0.04062143,0.99839038,-0.03967019,0.22],[0.27068892,0.04921431,0.96140927,-0.17]]]
[[[592.1747436523438,0,709.5021362304688],[0,592.1747436523438,345.5269775390625],[0,0,1]],[[0.91498673,0.03271602,-0.40216193,0.01],[-0.05046142,0.998164,-0.0336072,0.21],[0.4003222,0.0510436,0.91495305,-0.17]]]
[[[592.1747436523438,0,709.5021362304688],[0,592.1747436523438,345.5269775390625],[0,0,1]],[[0.86201513,0.03676847,-0.50555247,0.01],[-0.05780268,0.99799377,-0.02597565,0.21],[0.50358063,0.05161348,0.86240649,-0.16]]]
[[[592.1747436523438,0,709.5021362304688],[0,592.1747436523438,345.5269775390625],[0,0,1]],[[0.82539278,0.03962312,-0.56317145,0.01],[-0.0620045,0.99786568,-0.02066775,0.21],[0.56114763,0.05197795,0.8260836,-0.17]]]
[[[592.1747436523438,0,709.5021362304688],[0,592.1747436523438,345.5269775390625],[0,0,1]],[[0.81987399,0.05253634,-0.57013291,0.01],[-0.07877071,0.99666613,-0.02143511,0.19],[0.56710321,0.0624836,0.8212747,-0.18]]]
[[[592.1747436523438,0,709.5021362304688],[0,592.1747436523438,345.5269775390625],[0,0,1]],[[0.82905799,0.0561224,-0.55634332,0.01],[-0.08353533,0.99621993,-0.02398767,0.18],[0.55289125,0.06636123,0.83060801,-0.18]]]
[[[592.1747436523438,0,709.5021362304688],[0,592.1747436523438,345.5269775390625],[0,0,1]],[[0.84371346,0.05614009,-0.53385454,0.01],[-0.08336703,0.99615705,-0.02699901,0.18],[0.53028458,0.06728502,0.84514701,-0.18]]]
[[[592.1747436523438,0,709.5021362304688],[0,592.1747436523438,345.5269775390625],[0,0,1]],[[0.85899508,0.0580724,-0.50868434,0.02],[-0.08560982,0.99585414,-0.03087724,0.17],[0.50477976,0.07007149,0.86040097,-0.18]]]
[[[592.1747436523438,0,709.5021362304688],[0,592.1747436523438,345.5269775390625],[0,0,1]],[[0.88150471,0.05555117,-0.46890116,0.01],[-0.08147404,0.996059,-0.03516204,0.17],[0.46509752,0.06919849,0.88255215,-0.17]]]
[[[592.1747436523438,0,709.5021362304688],[0,592.1747436523438,345.5269775390625],[0,0,1]],[[0.88696802,0.05289225,-0.45879719,0.01],[-0.0775836,0.99637097,-0.03512205,0.18],[0.45527217,0.066747,0.88784838,-0.17]]]
[[[592.1747436523438,0,709.5021362304688],[0,592.1747436523438,345.5269775390625],[0,0,1]],[[0.8895942,0.05152412,-0.45384175,0.01],[-0.07590057,0.99648196,-0.03564651,0.18],[0.4504061,0.0661575,0.89037079,-0.17]]]
[[[592.1747436523438,0,709.5021362304688],[0,592.1747436523438,345.5269775390625],[0,0,1]],[[0.89097828,0.04910577,-0.45138803,0.01],[-0.07356886,0.99661511,-0.03679477,0.18],[0.44805104,0.0659912,0.89157057,-0.17]]]
[[[592.1747436523438,0,709.5021362304688],[0,592.1747436523438,345.5269775390625],[0,0,1]],[[0.8917731,0.05054802,-0.44965583,0.01],[-0.07459658,0.99657089,-0.03591318,0.18],[0.44629636,0.06556895,0.89248139,-0.17]]]
[[[592.1747436523438,0,709.5021362304688],[0,592.1747436523438,345.5269775390625],[0,0,1]],[[0.89484864,0.05298549,-0.44321916,0.01],[-0.07703916,0.99636644,-0.03642765,0.18],[0.43967637,0.06674223,0.89567459,-0.17]]]
[[[592.1747436523438,0,709.5021362304688],[0,592.1747436523438,345.5269775390625],[0,0,1]],[[0.90984404,0.05565604,-0.41120708,0.01],[-0.07829995,0.99619365,-0.03841512,0.18],[0.40750185,0.06714901,0.91073388,-0.17]]]
[[[592.1747436523438,0,709.5021362304688],[0,592.1747436523438,345.5269775390625],[0,0,1]],[[0.91913879,0.05676485,-0.38982907,0.02],[-0.07836512,0.99613744,-0.03971702,0.18],[0.38606688,0.06705421,0.92003208,-0.17]]]
[[[592.1747436523438,0,709.5021362304688],[0,592.1747436523438,345.5269775390625],[0,0,1]],[[0.93086171,0.06002657,-0.36041445,0.02],[-0.0803137,0.99590689,-0.04156348,0.18],[0.3564426,0.06763581,0.93186748,-0.17]]]
[[[592.1747436523438,0,709.5021362304688],[0,592.1747436523438,345.5269775390625],[0,0,1]],[[0.94649887,0.06523795,-0.31605217,0.03],[-0.0832256,0.99557447,-0.04373866,0.17],[0.3117986,0.06770197,0.94773453,-0.16]]]
[[[592.1747436523438,0,709.5021362304688],[0,592.1747436523438,345.5269775390625],[0,0,1]],[[0.96401155,0.07253783,-0.25578299,0.03],[-0.08704878,0.99515206,-0.04585868,0.16],[0.25121543,0.06647365,0.96564728,-0.15]]]
[[[592.1747436523438,0,709.5021362304688],[0,592.1747436523438,345.5269775390625],[0,0,1]],[[0.9806332,0.07700399,-0.18009491,0.04],[-0.08761447,0.99481559,-0.05171106,0.15],[0.17517856,0.06648824,0.98229057,-0.13]]]
[[[592.1747436523438,0,709.5021362304688],[0,592.1747436523438,345.5269775390625],[0,0,1]],[[0.99258614,0.08039998,-0.09118164,0.05],[-0.08598422,0.99454874,-0.05905861,0.15],[0.08593604,0.06646068,0.99408293,-0.12]]]
[[[592.1747436523438,0,709.5021362304688],[0,592.1747436523438,345.5269775390625],[0,0,1]],[[9.96883869e-01,7.89150596e-02,-6.44675398e-04,4.00000000e-02],[-7.87798700e-02,9.94627060e-01,-6.72244300e-02,1.40000000e-01],[-4.66354000e-03,6.70654700e-02,9.97739140e-01,-9.00000000e-02]]]
[[[592.1747436523438,0,709.5021362304688],[0,592.1747436523438,345.5269775390625],[0,0,1]],[[0.9821189,0.07275198,0.17365195,0.04],[-0.05935424,0.99493778,-0.08114366,0.14],[-0.17867501,0.06938548,0.98146003,-0.07]]]
[[[592.1747436523438,0,709.5021362304688],[0,592.1747436523438,345.5269775390625],[0,0,1]],[[0.96422213,0.06912483,0.25593531,0.04],[-0.04849299,0.99511224,-0.08607226,0.14],[-0.2606324,0.07058144,0.96285611,-0.06]]]
