0 [[581.9481811523438, 0, 711.3695678710938], [0, 581.9481811523438, 339.9622802734375], [0, 0, 1]], [[9.99994874e-01 3.19780875e-03 5.50553923e-05], [-0.00319793  0.99948335  0.03198111], [ 4.72425272e-05 -3.19811255e-02  9.99488473e-01]], [0.0,0.0,0.0]
1 [[581.9481811523438, 0, 711.3695678710938], [0, 581.9481811523438, 339.9622802734375], [0, 0, 1]], [[9.99994397e-01 3.34770069e-03 6.92495814e-05], [-0.00334821  0.99949282  0.031668  ], [ 3.68005094e-05 -3.16680484e-02  9.99498427e-01]], [-0.0,-0.0,-0.0]
2 [[581.9481811523438, 0, 711.3695678710938], [0, 581.9481811523438, 339.9622802734375], [0, 0, 1]], [[9.99994695e-01 3.25212092e-03 4.28957937e-05], [-0.00325185  0.99949169  0.03171468], [ 6.02659711e-05 -3.17146480e-02  9.99496937e-01]], [-0.0,-0.0,-0.0]
3 [[581.9481811523438, 0, 711.3695678710938], [0, 581.9481811523438, 339.9622802734375], [0, 0, 1]], [[9.99994516e-01 3.30424658e-03 6.89842273e-05], [-0.00330477  0.9994899   0.03176542], [ 3.60117265e-05 -3.17654721e-02  9.99495327e-01]], [-0.0,-0.0,-0.0]
4 [[581.9481811523438, 0, 711.3695678710938], [0, 581.9481811523438, 339.9622802734375], [0, 0, 1]], [[ 9.99994159e-01  3.41015495e-03 -4.70214218e-05], [-0.00340695  0.99949056  0.03173428], [ 1.55216258e-04 -3.17339338e-02  9.99496341e-01]], [-0.0,-0.0,-0.0]
5 [[581.9481811523438, 0, 711.3695678710938], [0, 581.9481811523438, 339.9622802734375], [0, 0, 1]], [[ 9.99993861e-01  3.50594986e-03 -1.57424147e-05], [-0.00350369  0.99949127  0.03169977], [ 1.26872212e-04 -3.16995196e-02  9.99497414e-01]], [-0.0,-0.0,-0.0]
6 [[581.9481811523438, 0, 711.3695678710938], [0, 581.9481811523438, 339.9622802734375], [0, 0, 1]], [[9.99994755e-01 3.23300157e-03 3.51022318e-05], [-0.00323248  0.99948609  0.03189164], [ 6.80215235e-05 -3.18915881e-02  9.99491334e-01]], [-0.0,-0.0,-0.0]
7 [[581.9481811523438, 0, 711.3695678710938], [0, 581.9481811523438, 339.9622802734375], [0, 0, 1]], [[ 9.99994934e-01  3.17637227e-03 -8.40607754e-06], [-0.00317449  0.99948668  0.03187919], [ 1.09661923e-04 -3.18790004e-02  9.99491751e-01]], [-0.0,-0.0,-0.0]
8 [[581.9481811523438, 0, 711.3695678710938], [0, 581.9481811523438, 339.9622802734375], [0, 0, 1]], [[9.99994755e-01 3.23204533e-03 1.66957434e-05], [-0.00323094  0.99949008  0.03176699], [ 8.59851280e-05 -3.17668803e-02  9.99495327e-01]], [-0.0,-0.0,-0.0]
9 [[581.9481811523438, 0, 711.3695678710938], [0, 581.9481811523438, 339.9622802734375], [0, 0, 1]], [[9.99994755e-01 3.23204533e-03 1.66957434e-05], [-0.00323094  0.99949008  0.03176699], [ 8.59851280e-05 -3.17668803e-02  9.99495327e-01]], [-0.0,-0.0,-0.0]
10 [[581.9481811523438, 0, 711.3695678710938], [0, 581.9481811523438, 339.9622802734375], [0, 0, 1]], [[9.99994755e-01 3.23204533e-03 1.66957434e-05], [-0.00323094  0.99949008  0.03176699], [ 8.59851280e-05 -3.17668803e-02  9.99495327e-01]], [-0.0,-0.0,-0.0]
11 [[581.9481811523438, 0, 711.3695678710938], [0, 581.9481811523438, 339.9622802734375], [0, 0, 1]], [[9.99994755e-01 3.23204533e-03 1.66957434e-05], [-0.00323094  0.99949008  0.03176699], [ 8.59851280e-05 -3.17668803e-02  9.99495327e-01]], [-0.0,-0.0,-0.0]
12 [[581.9481811523438, 0, 711.3695678710938], [0, 581.9481811523438, 339.9622802734375], [0, 0, 1]], [[9.99994755e-01 3.23204533e-03 1.66957434e-05], [-0.00323094  0.99949008  0.03176699], [ 8.59851280e-05 -3.17668803e-02  9.99495327e-01]], [-0.0,-0.0,-0.0]
13 [[581.9481811523438, 0, 711.3695678710938], [0, 581.9481811523438, 339.9622802734375], [0, 0, 1]], [[9.99994755e-01 3.23204533e-03 1.66957434e-05], [-0.00323094  0.99949008  0.03176699], [ 8.59851280e-05 -3.17668803e-02  9.99495327e-01]], [-0.0,-0.0,-0.0]
14 [[581.9481811523438, 0, 711.3695678710938], [0, 581.9481811523438, 339.9622802734375], [0, 0, 1]], [[9.99994755e-01 3.23204533e-03 1.66957434e-05], [-0.00323094  0.99949008  0.03176699], [ 8.59851280e-05 -3.17668803e-02  9.99495327e-01]], [-0.0,-0.0,-0.0]
15 [[581.9481811523438, 0, 711.3695678710938], [0, 581.9481811523438, 339.9622802734375], [0, 0, 1]], [[9.99994755e-01 3.23204533e-03 1.66957434e-05], [-0.00323094  0.99949008  0.03176699], [ 8.59851280e-05 -3.17668803e-02  9.99495327e-01]], [-0.0,-0.0,-0.0]
16 [[581.9481811523438, 0, 711.3695678710938], [0, 581.9481811523438, 339.9622802734375], [0, 0, 1]], [[9.99994755e-01 3.23204533e-03 1.66957434e-05], [-0.00323094  0.99949008  0.03176699], [ 8.59851280e-05 -3.17668803e-02  9.99495327e-01]], [-0.0,-0.0,-0.0]
17 [[581.9481811523438, 0, 711.3695678710938], [0, 581.9481811523438, 339.9622802734375], [0, 0, 1]], [[9.99994755e-01 3.23204533e-03 1.66957434e-05], [-0.00323094  0.99949008  0.03176699], [ 8.59851280e-05 -3.17668803e-02  9.99495327e-01]], [-0.0,-0.0,-0.0]
18 [[581.9481811523438, 0, 711.3695678710938], [0, 581.9481811523438, 339.9622802734375], [0, 0, 1]], [[9.99994755e-01 3.23204533e-03 1.66957434e-05], [-0.00323094  0.99949008  0.03176699], [ 8.59851280e-05 -3.17668803e-02  9.99495327e-01]], [-0.0,-0.0,-0.0]
19 [[581.9481811523438, 0, 711.3695678710938], [0, 581.9481811523438, 339.9622802734375], [0, 0, 1]], [[ 0.99999398  0.0030944  -0.00157468], [-0.00304337  0.99950105  0.03143789], [ 0.00167117 -0.03143291  0.99950445]], [-0.0,-0.0,-0.0]
20 [[581.9481811523438, 0, 711.3695678710938], [0, 581.9481811523438, 339.9622802734375], [0, 0, 1]], [[ 0.99987268  0.00220219 -0.01580279], [-0.00174408  0.99957949  0.02894461], [ 0.01585989 -0.02891336  0.99945611]], [-0.0,-0.0,-0.01]
21 [[581.9481811523438, 0, 711.3695678710938], [0, 581.9481811523438, 339.9622802734375], [0, 0, 1]], [[ 0.99901783  0.00497956 -0.04402886], [-0.00411208  0.99979609  0.01977125], [ 0.04411834 -0.01957078  0.99883461]], [0.02,-0.04,-0.12]
22 [[581.9481811523438, 0, 711.3695678710938], [0, 581.9481811523438, 339.9622802734375], [0, 0, 1]], [[ 9.95333433e-01  3.04545974e-05 -9.64954421e-02], [0.00157769 0.99986112 0.01658913], [ 0.09648255 -0.01666396  0.99519515]], [0.02,-0.04,-0.14]
23 [[581.9481811523438, 0, 711.3695678710938], [0, 581.9481811523438, 339.9622802734375], [0, 0, 1]], [[ 0.97824597  0.00903864 -0.2072513 ], [-0.01087067  0.99991125 -0.0077025 ], [0.20716329 0.0097879  0.97825742]], [0.02,-0.06,-0.17]
24 [[581.9481811523438, 0, 711.3695678710938], [0, 581.9481811523438, 339.9622802734375], [0, 0, 1]], [[ 0.96444064  0.00908615 -0.26414376], [-0.01151631  0.99990451 -0.00765307], [0.26404899 0.01042289 0.96445298]], [0.02,-0.06,-0.19]
25 [[581.9481811523438, 0, 711.3695678710938], [0, 581.9481811523438, 339.9622802734375], [0, 0, 1]], [[ 0.94561124 -0.00492273 -0.32526159], [-0.00437538  0.99960256 -0.02784893], [0.3252694  0.02775741 0.94521385]], [0.02,-0.08,-0.2]
26 [[581.9481811523438, 0, 711.3695678710938], [0, 581.9481811523438, 339.9622802734375], [0, 0, 1]], [[ 0.92102087 -0.0039632  -0.38949314], [-0.00663084  0.9996438  -0.02585137], [0.38945681 0.02639232 0.92066646]], [0.03,-0.08,-0.2]
27 [[581.9481811523438, 0, 711.3695678710938], [0, 581.9481811523438, 339.9622802734375], [0, 0, 1]], [[ 0.89235902  0.00163641 -0.45132318], [-0.01962821  0.99918813 -0.03518614], [0.45089918 0.04025733 0.89166659]], [0.03,-0.09,-0.21]
28 [[581.9481811523438, 0, 711.3695678710938], [0, 581.9481811523438, 339.9622802734375], [0, 0, 1]], [[ 0.86518145  0.00373302 -0.50144506], [-0.02543441  0.99901199 -0.03644675], [0.50081348 0.044287   0.86442149]], [0.03,-0.09,-0.22]
29 [[581.9481811523438, 0, 711.3695678710938], [0, 581.9481811523438, 339.9622802734375], [0, 0, 1]], [[ 0.841712    0.0063191  -0.53988975], [-0.03156003  0.99879777 -0.03751312], [0.53900355 0.04861417 0.84089941]], [0.03,-0.09,-0.23]
30 [[581.9481811523438, 0, 711.3695678710938], [0, 581.9481811523438, 339.9622802734375], [0, 0, 1]], [[ 0.82466102  0.00853303 -0.5655629 ], [-0.03698109  0.99856037 -0.03885708], [0.56441706 0.05295905 0.82378924]], [0.03,-0.09,-0.23]
31 [[581.9481811523438, 0, 711.3695678710938], [0, 581.9481811523438, 339.9622802734375], [0, 0, 1]], [[ 0.81000352  0.00957358 -0.5863471 ], [-0.03895181  0.99853706 -0.03750599], [0.58513016 0.05321926 0.80919123]], [0.03,-0.09,-0.23]
32 [[581.9481811523438, 0, 711.3695678710938], [0, 581.9481811523438, 339.9622802734375], [0, 0, 1]], [[ 0.79341114  0.01125857 -0.6085822 ], [-0.04331092  0.998339   -0.03799568], [0.60714346 0.05650445 0.7925806 ]], [0.05,-0.09,-0.27]
33 [[581.9481811523438, 0, 711.3695678710938], [0, 581.9481811523438, 339.9622802734375], [0, 0, 1]], [[ 0.78035688  0.01743723 -0.62509167], [-0.05708508  0.99742377 -0.04344073], [0.62272376 0.06958268 0.77934164]], [0.06,-0.09,-0.29]
34 [[581.9481811523438, 0, 711.3695678710938], [0, 581.9481811523438, 339.9622802734375], [0, 0, 1]], [[ 0.77891678  0.0185578  -0.62685311], [-0.05997472  0.99718493 -0.04500219], [0.62425333 0.07264829 0.7778368 ]], [0.06,-0.09,-0.29]
35 [[581.9481811523438, 0, 711.3695678710938], [0, 581.9481811523438, 339.9622802734375], [0, 0, 1]], [[ 0.7790941   0.01849801 -0.62663436], [-0.05985193  0.99719346 -0.04497711], [0.6240437  0.07254668 0.77801442]], [0.06,-0.09,-0.29]
36 [[581.9481811523438, 0, 711.3695678710938], [0, 581.9481811523438, 339.9622802734375], [0, 0, 1]], [[ 0.7831161   0.02392867 -0.62141544], [-0.06582392  0.99683541 -0.04456735], [0.61838251 0.07580542 0.78221267]], [0.06,-0.09,-0.29]
37 [[581.9481811523438, 0, 711.3695678710938], [0, 581.9481811523438, 339.9622802734375], [0, 0, 1]], [[ 0.80680948  0.04508284 -0.58908945], [-0.07905532  0.99635577 -0.03202238], [0.58549905 0.07240664 0.80743307]], [0.05,-0.09,-0.24]
38 [[581.9481811523438, 0, 711.3695678710938], [0, 581.9481811523438, 339.9622802734375], [0, 0, 1]], [[ 0.8581019   0.03377197 -0.5123679 ], [-0.05840461  0.99777836 -0.03204763], [0.51014745 0.0574248  0.85816765]], [0.04,-0.09,-0.15]
39 [[581.9481811523438, 0, 711.3695678710938], [0, 581.9481811523438, 339.9622802734375], [0, 0, 1]], [[ 0.92041051  0.06686413 -0.38519365], [-0.05421816  0.99757624  0.04361209], [ 0.38717628 -0.01925649  0.92180449]], [0.03,-0.06,-0.06]
40 [[581.9481811523438, 0, 711.3695678710938], [0, 581.9481811523438, 339.9622802734375], [0, 0, 1]], [[ 0.96295834  0.08585099 -0.25561953], [-0.05993228  0.99239421  0.10752599], [ 0.26290682 -0.08822311  0.96077907]], [0.03,-0.03,-0.01]
41 [[581.9481811523438, 0, 711.3695678710938], [0, 581.9481811523438, 339.9622802734375], [0, 0, 1]], [[ 0.98715395  0.10266146 -0.1224259 ], [-0.08498949  0.98624939  0.14173546], [ 0.13529354 -0.1295097   0.98230481]], [0.02,-0.0,0.04]
42 [[581.9481811523438, 0, 711.3695678710938], [0, 581.9481811523438, 339.9622802734375], [0, 0, 1]], [[ 0.99481982  0.09914207 -0.02246845], [-0.09537189  0.98674458  0.1312983 ], [ 0.03518815 -0.12847519  0.99108821]], [0.02,-0.0,0.04]
43 [[581.9481811523438, 0, 711.3695678710938], [0, 581.9481811523438, 339.9622802734375], [0, 0, 1]], [[0.99442339 0.09062507 0.05394223], [-0.09690281  0.98700339  0.12819582], [-0.04162305 -0.13270795  0.99028075]], [0.03,0.0,0.05]
44 [[581.9481811523438, 0, 711.3695678710938], [0, 581.9481811523438, 339.9622802734375], [0, 0, 1]], [[0.99215049 0.09146661 0.08527499], [-0.10210484  0.98622584  0.13012776], [-0.0721977  -0.1378132   0.98782337]], [0.03,0.01,0.07]
45 [[581.9481811523438, 0, 711.3695678710938], [0, 581.9481811523438, 339.9622802734375], [0, 0, 1]], [[0.98963231 0.09326308 0.1092265 ], [-0.10743158  0.98541427  0.13197353], [-0.09532472 -0.14233954  0.98521703]], [0.03,0.01,0.07]
46 [[581.9481811523438, 0, 711.3695678710938], [0, 581.9481811523438, 339.9622802734375], [0, 0, 1]], [[0.98621523 0.09214068 0.13744058], [-0.11079576  0.9846431   0.13491488], [-0.1228984  -0.14828283  0.98127878]], [0.03,0.01,0.07]
47 [[581.9481811523438, 0, 711.3695678710938], [0, 581.9481811523438, 339.9622802734375], [0, 0, 1]], [[0.98369312 0.09074895 0.1552825 ], [-0.11209068  0.98452449  0.13471112], [-0.14065413 -0.14992003  0.97864205]], [0.03,0.01,0.08]
48 [[581.9481811523438, 0, 711.3695678710938], [0, 581.9481811523438, 339.9622802734375], [0, 0, 1]], [[0.97828704 0.09382848 0.18479972], [-0.11921084  0.98413563  0.13139898], [-0.16953859 -0.15057595  0.97395247]], [0.04,0.01,0.09]
49 [[581.9481811523438, 0, 711.3695678710938], [0, 581.9481811523438, 339.9622802734375], [0, 0, 1]], [[0.9743067  0.09075218 0.20613329], [-0.11965231  0.98395443  0.13235161], [-0.19081414 -0.1536153   0.96953201]], [0.04,0.01,0.09]
50 [[581.9481811523438, 0, 711.3695678710938], [0, 581.9481811523438, 339.9622802734375], [0, 0, 1]], [[0.97551757 0.0891571  0.20103955], [-0.11639215  0.98492289  0.12798353], [-0.18659741 -0.14824952  0.97118676]], [0.04,0.01,0.09]
51 [[581.9481811523438, 0, 711.3695678710938], [0, 581.9481811523438, 339.9622802734375], [0, 0, 1]], [[0.98560065 0.0855248  0.14586738], [-0.10530845  0.98539799  0.1337938 ], [-0.13229431 -0.14722824  0.98021549]], [0.04,0.01,0.09]
52 [[581.9481811523438, 0, 711.3695678710938], [0, 581.9481811523438, 339.9622802734375], [0, 0, 1]], [[ 0.99681103  0.07900349 -0.01126601], [-0.0769395   0.98889798  0.12712581], [ 0.02118474 -0.12585354  0.99182284]], [0.02,0.01,0.07]
53 [[581.9481811523438, 0, 711.3695678710938], [0, 581.9481811523438, 339.9622802734375], [0, 0, 1]], [[ 0.97467518  0.07089876 -0.21209063], [-0.04427613  0.99081856  0.12774232], [ 0.21920054 -0.11511667  0.96886516]], [-0.0,0.01,0.04]
54 [[581.9481811523438, 0, 711.3695678710938], [0, 581.9481811523438, 339.9622802734375], [0, 0, 1]], [[ 0.9124611   0.07755588 -0.40174678], [-0.02427556  0.99040329  0.13605846], [ 0.40844387 -0.11439539  0.90558696]], [-0.0,0.01,0.04]
55 [[581.9481811523438, 0, 711.3695678710938], [0, 581.9481811523438, 339.9622802734375], [0, 0, 1]], [[ 0.82852823  0.10496486 -0.55002171], [-0.05483142  0.99276084  0.10686052], [ 0.557257   -0.05837845  0.82828557]], [0.01,-0.03,0.07]
56 [[581.9481811523438, 0, 711.3695678710938], [0, 581.9481811523438, 339.9622802734375], [0, 0, 1]], [[ 0.75474912  0.12111485 -0.64473671], [-0.08826903  0.99262124  0.08313497], [ 0.65004861 -0.00583572  0.75987053]], [0.01,-0.05,0.01]
57 [[581.9481811523438, 0, 711.3695678710938], [0, 581.9481811523438, 339.9622802734375], [0, 0, 1]], [[ 0.71507198  0.13117141 -0.68663424], [-0.11971571  0.99070501  0.06458572], [0.68872428 0.0360175  0.7241286 ]], [0.01,-0.07,-0.02]
58 [[581.9481811523438, 0, 711.3695678710938], [0, 581.9481811523438, 339.9622802734375], [0, 0, 1]], [[ 0.70534742  0.1320737  -0.6964497 ], [-0.12076513  0.99051553  0.06553181], [0.69849962 0.03788418 0.7146073 ]], [0.01,-0.07,-0.02]
59 [[581.9481811523438, 0, 711.3695678710938], [0, 581.9481811523438, 339.9622802734375], [0, 0, 1]], [[ 0.70565319  0.13267981 -0.6960246 ], [-0.12281091  0.99034631  0.06427497], [0.69783372 0.04012361 0.7151354 ]], [0.01,-0.08,-0.02]
60 [[581.9481811523438, 0, 711.3695678710938], [0, 581.9481811523438, 339.9622802734375], [0, 0, 1]], [[ 0.70904183  0.13326706 -0.69245952], [-0.1242718   0.99022526  0.06332561], [0.69413054 0.04115273 0.71867222]], [0.01,-0.08,-0.02]
61 [[581.9481811523438, 0, 711.3695678710938], [0, 581.9481811523438, 339.9622802734375], [0, 0, 1]], [[ 0.71997231  0.13301928 -0.68113613], [-0.12520182  0.99025136  0.06104593], [0.68261653 0.04132816 0.72960758]], [0.01,-0.08,-0.02]
62 [[581.9481811523438, 0, 711.3695678710938], [0, 581.9481811523438, 339.9622802734375], [0, 0, 1]], [[ 0.74069399  0.13367026 -0.65841144], [-0.12717606  0.99018532  0.05795721], [0.6596967  0.04080566 0.75042361]], [0.01,-0.08,-0.01]
63 [[581.9481811523438, 0, 711.3695678710938], [0, 581.9481811523438, 339.9622802734375], [0, 0, 1]], [[ 0.7828716   0.13665427 -0.60699147], [-0.10361633  0.99059349  0.089376  ], [ 0.61349571 -0.00707563  0.78966683]], [0.0,-0.05,0.02]
64 [[581.9481811523438, 0, 711.3695678710938], [0, 581.9481811523438, 339.9622802734375], [0, 0, 1]], [[ 0.85199189  0.14330772 -0.50356096], [-0.12379278  0.98967779  0.07220157], [5.08710444e-01 8.22131464e-04 8.60937715e-01]], [-0.0,-0.05,0.1]
65 [[581.9481811523438, 0, 711.3695678710938], [0, 581.9481811523438, 339.9622802734375], [0, 0, 1]], [[ 0.91341561  0.1454308  -0.38016155], [-0.12681141  0.98918349  0.07372154], [ 0.3867712  -0.01912951  0.9219777 ]], [-0.01,-0.05,0.14]
66 [[581.9481811523438, 0, 711.3695678710938], [0, 581.9481811523438, 339.9622802734375], [0, 0, 1]], [[ 0.95738983  0.15892765 -0.2411385 ], [-0.13665855  0.98487371  0.10652808], [ 0.25442153 -0.06903518  0.96462667]], [-0.02,-0.03,0.2]
67 [[581.9481811523438, 0, 711.3695678710938], [0, 581.9481811523438, 339.9622802734375], [0, 0, 1]], [[ 0.98150802  0.16615324 -0.09505836], [-0.15684587  0.98272598  0.09822943], [ 0.1097378  -0.08150337  0.99061388]], [-0.02,-0.02,0.25]
68 [[581.9481811523438, 0, 711.3695678710938], [0, 581.9481811523438, 339.9622802734375], [0, 0, 1]], [[0.98638594 0.16182503 0.02926799], [-0.16363625  0.98351961  0.07689302], [-0.01634208 -0.08063539  0.99661028]], [-0.02,-0.02,0.26]
69 [[581.9481811523438, 0, 711.3695678710938], [0, 581.9481811523438, 339.9622802734375], [0, 0, 1]], [[0.97812849 0.16421314 0.12767239], [-0.17433812  0.98200744  0.07258143], [-0.11345604 -0.09325199  0.9891578 ]], [-0.04,0.0,0.43]
70 [[581.9481811523438, 0, 711.3695678710938], [0, 581.9481811523438, 339.9622802734375], [0, 0, 1]], [[0.96666992 0.16518869 0.1956106 ], [-0.18171406  0.98088086  0.06966484], [-0.18036248 -0.10288797  0.97820497]], [-0.03,0.01,0.46]
71 [[581.9481811523438, 0, 711.3695678710938], [0, 581.9481811523438, 339.9622802734375], [0, 0, 1]], [[0.95568496 0.16760859 0.24202266], [-0.18861121  0.97981662  0.06622246], [-0.22603799 -0.10893587  0.96800894]], [-0.03,0.01,0.48]
72 [[581.9481811523438, 0, 711.3695678710938], [0, 581.9481811523438, 339.9622802734375], [0, 0, 1]], [[0.94578844 0.16984078 0.2768392 ], [-0.1936934   0.97916317  0.06101483], [-0.26070753 -0.1113289   0.95897812]], [-0.02,0.01,0.49]
73 [[581.9481811523438, 0, 711.3695678710938], [0, 581.9481811523438, 339.9622802734375], [0, 0, 1]], [[0.94064337 0.16952965 0.29402629], [-0.19465378  0.97914529  0.05817765], [-0.27803117 -0.11195759  0.95402598]], [-0.02,0.01,0.49]
74 [[581.9481811523438, 0, 711.3695678710938], [0, 581.9481811523438, 339.9622802734375], [0, 0, 1]], [[0.94181502 0.1591022  0.29609564], [-0.18783136  0.97962725  0.07106371], [-0.27875656 -0.1225448   0.95251191]], [-0.01,0.02,0.49]
75 [[581.9481811523438, 0, 711.3695678710938], [0, 581.9481811523438, 339.9622802734375], [0, 0, 1]], [[0.9442811  0.15316802 0.29133216], [-0.18228234  0.98035079  0.07540356], [-0.27405798 -0.12430675  0.95364642]], [-0.01,0.02,0.5]
76 [[581.9481811523438, 0, 711.3695678710938], [0, 581.9481811523438, 339.9622802734375], [0, 0, 1]], [[0.9556914  0.14651473 0.25532106], [-0.17100456  0.98230404  0.07639667], [-0.23960935 -0.11667261  0.96383405]], [-0.02,0.02,0.5]
77 [[581.9481811523438, 0, 711.3695678710938], [0, 581.9481811523438, 339.9622802734375], [0, 0, 1]], [[0.97396654 0.13795203 0.17988932], [-0.15536335  0.9840607   0.08652902], [-0.16508484 -0.11222445  0.97987455]], [-0.02,0.02,0.49]
78 [[581.9481811523438, 0, 711.3695678710938], [0, 581.9481811523438, 339.9622802734375], [0, 0, 1]], [[0.9919008  0.12301935 0.0316345 ], [-0.12547329  0.98770326  0.09326949], [-0.01977129 -0.09648326  0.99513894]], [-0.04,0.02,0.46]
79 [[581.9481811523438, 0, 711.3695678710938], [0, 581.9481811523438, 339.9622802734375], [0, 0, 1]], [[ 0.9821201   0.11333794 -0.15032059], [-0.10218455  0.9915455   0.07997676], [ 0.15811428 -0.06318624  0.98539782]], [-0.06,0.04,0.33]
80 [[581.9481811523438, 0, 711.3695678710938], [0, 581.9481811523438, 339.9622802734375], [0, 0, 1]], [[ 0.93697017  0.10517818 -0.33320576], [-0.0982449   0.99445045  0.03764002], [ 0.33531559 -0.00253174  0.94210321]], [-0.08,-0.07,-0.08]
81 [[581.9481811523438, 0, 711.3695678710938], [0, 581.9481811523438, 339.9622802734375], [0, 0, 1]], [[ 0.85700291  0.11990795 -0.50116879], [-0.11955784  0.99228019  0.03296454], [0.50125241 0.03166799 0.86472225]], [-0.08,-0.09,-0.13]
82 [[581.9481811523438, 0, 711.3695678710938], [0, 581.9481811523438, 339.9622802734375], [0, 0, 1]], [[ 0.76840842  0.14373268 -0.62361157], [-0.1781514   0.98397654  0.00727456], [0.61466449 0.10550744 0.78170139]], [-0.06,-0.08,-0.18]
83 [[581.9481811523438, 0, 711.3695678710938], [0, 581.9481811523438, 339.9622802734375], [0, 0, 1]], [[ 0.69072372  0.15278228 -0.70679581], [-0.22283584  0.97483087 -0.00704755], [0.68792933 0.16236731 0.70738363]], [-0.06,-0.09,-0.22]
84 [[581.9481811523438, 0, 711.3695678710938], [0, 581.9481811523438, 339.9622802734375], [0, 0, 1]], [[ 0.65579873  0.15719332 -0.73839009], [-0.26900116  0.96253979 -0.03400087], [0.70538485 0.22092551 0.67351717]], [-0.06,-0.12,-0.23]
85 [[581.9481811523438, 0, 711.3695678710938], [0, 581.9481811523438, 339.9622802734375], [0, 0, 1]], [[ 0.65613991  0.15892504 -0.7377162 ], [-0.27365804  0.96114069 -0.03634011], [0.70327318 0.2257261  0.6741333 ]], [-0.07,-0.13,-0.23]
86 [[581.9481811523438, 0, 711.3695678710938], [0, 581.9481811523438, 339.9622802734375], [0, 0, 1]], [[ 0.66375881  0.16188638 -0.73021859], [-0.27724534  0.96000028 -0.03918434], [0.69466609 0.22845852 0.68209016]], [-0.07,-0.13,-0.23]
87 [[581.9481811523438, 0, 711.3695678710938], [0, 581.9481811523438, 339.9622802734375], [0, 0, 1]], [[ 0.67290038  0.16207483 -0.72176093], [-0.27898306  0.95925587 -0.04469156], [0.68510956 0.23143198 0.69069922]], [-0.07,-0.13,-0.23]
88 [[581.9481811523438, 0, 711.3695678710938], [0, 581.9481811523438, 339.9622802734375], [0, 0, 1]], [[ 0.68580103  0.16279326 -0.70935005], [-0.28133911  0.95819366 -0.05209735], [0.67121309 0.23529622 0.70292968]], [-0.07,-0.13,-0.23]
89 [[581.9481811523438, 0, 711.3695678710938], [0, 581.9481811523438, 339.9622802734375], [0, 0, 1]], [[ 0.70966357  0.16607237 -0.68468952], [-0.2904565   0.95435631 -0.06957066], [0.64188355 0.24824418 0.72550803]], [-0.07,-0.14,-0.23]
90 [[581.9481811523438, 0, 711.3695678710938], [0, 581.9481811523438, 339.9622802734375], [0, 0, 1]], [[ 0.7583003   0.17088161 -0.6291123 ], [-0.2989116   0.94875067 -0.10259032], [0.57933962 0.26584309 0.77051574]], [-0.08,-0.16,-0.19]
91 [[581.9481811523438, 0, 711.3695678710938], [0, 581.9481811523438, 339.9622802734375], [0, 0, 1]], [[ 0.82979029  0.17809662 -0.52889687], [-0.29055172  0.94700706 -0.13696125], [0.47647643 0.26732084 0.83756286]], [-0.08,-0.17,-0.14]
92 [[581.9481811523438, 0, 711.3695678710938], [0, 581.9481811523438, 339.9622802734375], [0, 0, 1]], [[ 0.90135556  0.22318085 -0.37114766], [-0.27991685  0.95415038 -0.10604034], [0.33046433 0.19947043 0.92250019]], [-0.07,-0.17,-0.06]
93 [[581.9481811523438, 0, 711.3695678710938], [0, 581.9481811523438, 339.9622802734375], [0, 0, 1]], [[ 0.94676161  0.22018453 -0.23486891], [-0.25395483  0.95917082 -0.12449602], [0.19786724 0.17751409 0.9640224 ]], [-0.07,-0.17,-0.04]
94 [[581.9481811523438, 0, 711.3695678710938], [0, 581.9481811523438, 339.9622802734375], [0, 0, 1]], [[ 0.96802324  0.22780578 -0.10506026], [-0.23918207  0.9644202  -0.11263448], [0.07566344 0.13416131 0.98806769]], [-0.07,-0.15,-0.0]
95 [[581.9481811523438, 0, 711.3695678710938], [0, 581.9481811523438, 339.9622802734375], [0, 0, 1]], [[0.9692291  0.2450427  0.02347284], [-0.24055415  0.96306568 -0.12099227], [-0.05225411  0.11162275  0.99237686]], [-0.06,-0.16,0.04]
96 [[581.9481811523438, 0, 711.3695678710938], [0, 581.9481811523438, 339.9622802734375], [0, 0, 1]], [[0.95997328 0.25027487 0.12576149], [-0.23274034  0.9625569  -0.13898692], [-0.15583742  0.10415395  0.98227739]], [-0.05,-0.16,0.05]
97 [[581.9481811523438, 0, 711.3695678710938], [0, 581.9481811523438, 339.9622802734375], [0, 0, 1]], [[0.9487595  0.24784327 0.19603898], [-0.22146036  0.9640286  -0.14698756], [-0.2254169   0.09604099  0.9695183 ]], [-0.05,-0.16,0.07]
98 [[581.9481811523438, 0, 711.3695678710938], [0, 581.9481811523438, 339.9622802734375], [0, 0, 1]], [[0.93436921 0.2483308  0.25551602], [-0.21432514  0.96459067 -0.15372297], [-0.28464234  0.08887048  0.95450675]], [-0.04,-0.16,0.1]
99 [[581.9481811523438, 0, 711.3695678710938], [0, 581.9481811523438, 339.9622802734375], [0, 0, 1]], [[0.91921073 0.25510752 0.2999568 ], [-0.21464902  0.96325642 -0.16144386], [-0.33012071  0.0840155   0.94019383]], [-0.04,-0.16,0.13]
100 [[581.9481811523438, 0, 711.3695678710938], [0, 581.9481811523438, 339.9622802734375], [0, 0, 1]], [[0.90814865 0.25799724 0.32970566], [-0.21300429  0.96273571 -0.1666443 ], [-0.36041304  0.08110909  0.92926121]], [-0.03,-0.17,0.14]
101 [[581.9481811523438, 0, 711.3695678710938], [0, 581.9481811523438, 339.9622802734375], [0, 0, 1]], [[0.90597785 0.25794679 0.33566353], [-0.21219383  0.96282291 -0.16717371], [-0.3663063   0.08022995  0.92703044]], [-0.03,-0.17,0.14]
102 [[581.9481811523438, 0, 711.3695678710938], [0, 581.9481811523438, 339.9622802734375], [0, 0, 1]], [[0.90598726 0.25820908 0.33543634], [-0.21241207  0.96273911 -0.16737981], [-0.36615649  0.08039323  0.92707562]], [-0.03,-0.17,0.14]
103 [[581.9481811523438, 0, 711.3695678710938], [0, 581.9481811523438, 339.9622802734375], [0, 0, 1]], [[0.90973884 0.25691772 0.3261455 ], [-0.2115635   0.9627685  -0.16828287], [-0.35723734  0.08409297  0.93022186]], [-0.03,-0.17,0.14]
104 [[581.9481811523438, 0, 711.3695678710938], [0, 581.9481811523438, 339.9622802734375], [0, 0, 1]], [[0.93567669 0.25550127 0.24337341], [-0.22193621  0.96233428 -0.15703031], [-0.2743279   0.09291622  0.95713836]], [-0.06,-0.16,0.14]
105 [[581.9481811523438, 0, 711.3695678710938], [0, 581.9481811523438, 339.9622802734375], [0, 0, 1]], [[0.97033471 0.2322024  0.06734225], [-0.22246243  0.96658194 -0.12740205], [-0.0946748   0.10864146  0.98956394]], [-0.08,-0.15,0.11]
106 [[581.9481811523438, 0, 711.3695678710938], [0, 581.9481811523438, 339.9622802734375], [0, 0, 1]], [[ 0.96097487  0.24012695 -0.13736354], [-0.25205937  0.96463829 -0.07707411], [0.11399854 0.10869001 0.98751909]], [-0.09,-0.15,0.11]
107 [[581.9481811523438, 0, 711.3695678710938], [0, 581.9481811523438, 339.9622802734375], [0, 0, 1]], [[ 0.90681738  0.2550981  -0.33557352], [-0.28229713  0.95872366 -0.03404172], [0.31303823 0.12560099 0.94140041]], [-0.09,-0.15,0.07]
108 [[581.9481811523438, 0, 711.3695678710938], [0, 581.9481811523438, 339.9622802734375], [0, 0, 1]], [[ 0.81782126  0.28230971 -0.50146979], [-0.33365345  0.94260025 -0.01348799], [0.46887758 0.17834778 0.86507177]], [-0.08,-0.17,0.02]
109 [[581.9481811523438, 0, 711.3695678710938], [0, 581.9481811523438, 339.9622802734375], [0, 0, 1]], [[ 0.78526527  0.03134829 -0.61836725], [-0.01144293  0.99928248  0.03612724], [ 0.61905593 -0.02129354  0.78506029]], [-0.08,-0.17,-0.05]
110 [[581.9481811523438, 0, 711.3695678710938], [0, 581.9481811523438, 339.9622802734375], [0, 0, 1]], [[ 0.75423121  0.04397497 -0.65513653], [-0.0473647   0.99880016  0.01251364], [0.65490055 0.02159218 0.7554087 ]], [-0.08,-0.18,-0.08]
111 [[581.9481811523438, 0, 711.3695678710938], [0, 581.9481811523438, 339.9622802734375], [0, 0, 1]], [[ 0.74410588  0.04599293 -0.66647846], [-0.05376318  0.99851513  0.00888106], [0.66589719 0.02922356 0.74547327]], [-0.08,-0.18,-0.08]
112 [[581.9481811523438, 0, 711.3695678710938], [0, 581.9481811523438, 339.9622802734375], [0, 0, 1]], [[ 0.74416959  0.04627572 -0.6663878 ], [-0.05401601  0.99850029  0.00901747], [0.66580552 0.02928519 0.74555272]], [-0.08,-0.19,-0.08]
113 [[581.9481811523438, 0, 711.3695678710938], [0, 581.9481811523438, 339.9622802734375], [0, 0, 1]], [[ 0.74460238  0.04680584 -0.66586709], [-0.0543824   0.9984771   0.00937293], [0.66529167 0.0292325  0.74601334]], [-0.08,-0.19,-0.08]
114 [[581.9481811523438, 0, 711.3695678710938], [0, 581.9481811523438, 339.9622802734375], [0, 0, 1]], [[ 0.74752539  0.04796259 -0.66250139], [-0.0576463   0.99831182  0.00722921], [0.66172945 0.03278685 0.74902773]], [-0.08,-0.19,-0.08]
115 [[581.9481811523438, 0, 711.3695678710938], [0, 581.9481811523438, 339.9622802734375], [0, 0, 1]], [[ 0.7715745   0.07072571 -0.63219726], [-0.06855784  0.99725819  0.02789335], [0.63243645 0.02182037 0.77430713]], [-0.07,-0.18,-0.07]
116 [[581.9481811523438, 0, 711.3695678710938], [0, 581.9481811523438, 339.9622802734375], [0, 0, 1]], [[ 0.87715751  0.09368955 -0.47097746], [-0.04543172  0.99257559  0.1128355 ], [ 0.47805208 -0.07757707  0.87490088]], [-0.02,-0.12,0.0]
117 [[581.9481811523438, 0, 711.3695678710938], [0, 581.9481811523438, 339.9622802734375], [0, 0, 1]], [[ 0.9504329   0.13630298 -0.27946675], [-0.09486267  0.98305798  0.15684493], [ 0.29611045 -0.12255941  0.9472599 ]], [0.0,-0.06,0.15]
118 [[581.9481811523438, 0, 711.3695678710938], [0, 581.9481811523438, 339.9622802734375], [0, 0, 1]], [[ 0.98072851  0.17541483 -0.08604631], [-0.15557648  0.96753097  0.1992037 ], [ 0.11819589 -0.18197775  0.97617489]], [-0.01,-0.02,0.24]
119 [[581.9481811523438, 0, 711.3695678710938], [0, 581.9481811523438, 339.9622802734375], [0, 0, 1]], [[0.97175741 0.18771338 0.14301673], [-0.21522564  0.95352823  0.2108655 ], [-0.09678793 -0.23569074  0.96699834]], [-0.01,0.01,0.3]
120 [[581.9481811523438, 0, 711.3695678710938], [0, 581.9481811523438, 339.9622802734375], [0, 0, 1]], [[0.91813362 0.18509527 0.35038969], [-0.25843292  0.94998395  0.17534369], [-0.3004089  -0.25154093  0.92004651]], [-0.01,0.02,0.32]
121 [[581.9481811523438, 0, 711.3695678710938], [0, 581.9481811523438, 339.9622802734375], [0, 0, 1]], [[0.84428847 0.18636629 0.50244111], [-0.28966779  0.94751805  0.13529533], [-0.45085707 -0.25976899  0.85396248]], [0.01,0.03,0.34]
122 [[581.9481811523438, 0, 711.3695678710938], [0, 581.9481811523438, 339.9622802734375], [0, 0, 1]], [[0.7906372  0.18647668 0.58319986], [-0.30189574  0.94739181  0.10635073], [-0.53268629 -0.2601501   0.80533928]], [0.03,0.02,0.35]
123 [[581.9481811523438, 0, 711.3695678710938], [0, 581.9481811523438, 339.9622802734375], [0, 0, 1]], [[0.77725524 0.187227   0.60068548], [-0.30558538  0.94687057  0.10028255], [-0.54999536 -0.26150557  0.79317361]], [0.03,0.03,0.36]
124 [[581.9481811523438, 0, 711.3695678710938], [0, 581.9481811523438, 339.9622802734375], [0, 0, 1]], [[0.7766273  0.18707763 0.60154361], [-0.30569261  0.94684446  0.10020214], [-0.5508222  -0.26170695  0.79253328]], [0.03,0.03,0.36]
125 [[581.9481811523438, 0, 711.3695678710938], [0, 581.9481811523438, 339.9622802734375], [0, 0, 1]], [[0.77763772 0.1865095  0.60041362], [-0.30470291  0.9471395   0.10042754], [-0.54994446 -0.26104379  0.79336113]], [0.03,0.03,0.36]
126 [[581.9481811523438, 0, 711.3695678710938], [0, 581.9481811523438, 339.9622802734375], [0, 0, 1]], [[0.80859959 0.13942622 0.57160294], [-0.26041585  0.95598453  0.13520393], [-0.52759218 -0.25818005  0.80931717]], [0.03,0.04,0.35]
127 [[581.9481811523438, 0, 711.3695678710938], [0, 581.9481811523438, 339.9622802734375], [0, 0, 1]], [[0.86511058 0.13111152 0.4841451 ], [-0.23435165  0.95905674  0.15903668], [-0.44347057 -0.25104427  0.86041588]], [0.01,0.04,0.34]
128 [[581.9481811523438, 0, 711.3695678710938], [0, 581.9481811523438, 339.9622802734375], [0, 0, 1]], [[0.9342556  0.11402738 0.33788651], [-0.18693165  0.96348554  0.19171631], [-0.30368751 -0.24227349  0.92145663]], [-0.02,0.04,0.32]
129 [[581.9481811523438, 0, 711.3695678710938], [0, 581.9481811523438, 339.9622802734375], [0, 0, 1]], [[0.98189658 0.10997158 0.15423521], [-0.14169031  0.96679139  0.21269971], [-0.12572213 -0.23070253  0.96487051]], [-0.03,0.04,0.31]
130 [[581.9481811523438, 0, 711.3695678710938], [0, 581.9481811523438, 339.9622802734375], [0, 0, 1]], [[ 0.9962011   0.08273861 -0.02721925], [-0.07494229  0.97346509  0.21622305], [ 0.04438712 -0.21336158  0.97596693]], [0.07,0.24,0.11]
131 [[581.9481811523438, 0, 711.3695678710938], [0, 581.9481811523438, 339.9622802734375], [0, 0, 1]], [[ 0.97448498  0.10567497 -0.19802831], [-0.06463757  0.976987    0.20327732], [ 0.21495241 -0.18529049  0.95888883]], [0.07,0.23,0.11]
132 [[581.9481811523438, 0, 711.3695678710938], [0, 581.9481811523438, 339.9622802734375], [0, 0, 1]], [[ 0.93235946  0.14080012 -0.33299315], [-0.08472068  0.98049241  0.17737068], [ 0.35147095 -0.13716179  0.92609918]], [0.06,0.2,0.07]
133 [[581.9481811523438, 0, 711.3695678710938], [0, 581.9481811523438, 339.9622802734375], [0, 0, 1]], [[ 0.85828614  0.17830865 -0.48120108], [-0.11646151  0.98090881  0.15575023], [ 0.49978566 -0.07763685  0.86266559]], [0.04,0.17,-0.01]
134 [[581.9481811523438, 0, 711.3695678710938], [0, 581.9481811523438, 339.9622802734375], [0, 0, 1]], [[ 0.84449589  0.18174028 -0.50378621], [-0.11959096  0.98090404  0.15338986], [ 0.52204287 -0.06928879  0.85010314]], [0.04,0.16,-0.01]
135 [[581.9481811523438, 0, 711.3695678710938], [0, 581.9481811523438, 339.9622802734375], [0, 0, 1]], [[ 0.8407532   0.18277027 -0.50963968], [-0.12009706  0.98080635  0.15361875], [ 0.52793461 -0.06794928  0.84656537]], [0.04,0.16,-0.01]
136 [[581.9481811523438, 0, 711.3695678710938], [0, 581.9481811523438, 339.9622802734375], [0, 0, 1]], [[ 0.84251159  0.18867904 -0.50455719], [-0.12468696  0.97952241  0.15808927], [ 0.52405298 -0.07028036  0.84878397]], [0.04,0.16,-0.01]
137 [[581.9481811523438, 0, 711.3695678710938], [0, 581.9481811523438, 339.9622802734375], [0, 0, 1]], [[ 0.85470504  0.20181026 -0.47828388], [-0.13616887  0.97623819  0.16858321], [ 0.50094068 -0.07896158  0.86187506]], [0.04,0.16,-0.01]
138 [[581.9481811523438, 0, 711.3695678710938], [0, 581.9481811523438, 339.9622802734375], [0, 0, 1]], [[ 0.88930118  0.22603293 -0.39756227], [-0.16229235  0.96872097  0.18773428], [ 0.42756093 -0.10243103  0.89816731]], [0.06,0.18,0.0]
139 [[581.9481811523438, 0, 711.3695678710938], [0, 581.9481811523438, 339.9622802734375], [0, 0, 1]], [[ 0.92065603  0.23821369 -0.30927324], [-0.1970536   0.96748185  0.15859401], [ 0.33699548 -0.08506712  0.93765813]], [0.06,0.16,0.04]
140 [[581.9481811523438, 0, 711.3695678710938], [0, 581.9481811523438, 339.9622802734375], [0, 0, 1]], [[ 0.96740532  0.24771862 -0.05259034], [-0.2391021   0.96190226  0.13258082], [ 0.08342968 -0.11568492  0.98977858]], [0.07,0.17,0.09]
141 [[581.9481811523438, 0, 711.3695678710938], [0, 581.9481811523438, 339.9622802734375], [0, 0, 1]], [[0.96476102 0.25201309 0.07568898], [-0.2602509   0.95632726  0.13308297], [-0.03884453 -0.14809138  0.98821312]], [0.07,0.19,0.11]
142 [[581.9481811523438, 0, 711.3695678710938], [0, 581.9481811523438, 339.9622802734375], [0, 0, 1]], [[0.92487687 0.2515603  0.28517261], [-0.28700572  0.95374089  0.08949535], [-0.2494669  -0.16461831  0.95429146]], [0.08,0.2,0.13]
143 [[581.9481811523438, 0, 711.3695678710938], [0, 581.9481811523438, 339.9622802734375], [0, 0, 1]], [[0.90259683 0.25095582 0.34977609], [-0.29392347  0.95290053  0.07478629], [-0.31453332 -0.17030922  0.93384624]], [0.09,0.2,0.15]
144 [[581.9481811523438, 0, 711.3695678710938], [0, 581.9481811523438, 339.9622802734375], [0, 0, 1]], [[0.87495434 0.2499707  0.41469622], [-0.30163863  0.95134264  0.06296721], [-0.37877771 -0.18018179  0.90778148]], [0.1,0.2,0.17]
145 [[581.9481811523438, 0, 711.3695678710938], [0, 581.9481811523438, 339.9622802734375], [0, 0, 1]], [[0.87388003 0.24983504 0.41703695], [-0.30177376  0.95133513  0.06243376], [-0.38114321 -0.18041034  0.90674555]], [0.1,0.2,0.17]
146 [[581.9481811523438, 0, 711.3695678710938], [0, 581.9481811523438, 339.9622802734375], [0, 0, 1]], [[0.87628073 0.24940209 0.41223097], [-0.29925209  0.95228899  0.05998091], [-0.37760305 -0.17592102  0.90910572]], [0.1,0.2,0.17]
147 [[581.9481811523438, 0, 711.3695678710938], [0, 581.9481811523438, 339.9622802734375], [0, 0, 1]], [[0.89137167 0.24454567 0.38165113], [-0.28802177  0.95572513  0.06030622], [-0.35000539 -0.163679    0.92233998]], [0.1,0.2,0.17]
148 [[581.9481811523438, 0, 711.3695678710938], [0, 581.9481811523438, 339.9622802734375], [0, 0, 1]], [[0.9130705  0.23424149 0.33382165], [-0.27483636  0.95821244  0.07935916], [-0.30128238 -0.16420677  0.93929273]], [0.11,0.2,0.16]
149 [[581.9481811523438, 0, 711.3695678710938], [0, 581.9481811523438, 339.9622802734375], [0, 0, 1]], [[0.95791698 0.22145455 0.18263844], [-0.24208108  0.96515197  0.0994108 ], [-0.15425849 -0.13944054  0.97814435]], [0.1,0.2,0.15]
150 [[581.9481811523438, 0, 711.3695678710938], [0, 581.9481811523438, 339.9622802734375], [0, 0, 1]], [[ 0.97455621  0.22362447 -0.01535798], [-0.22118321  0.97050506  0.0959257 ], [ 0.03635653 -0.09008805  0.99527282]], [0.07,0.18,0.12]
151 [[581.9481811523438, 0, 711.3695678710938], [0, 581.9481811523438, 339.9622802734375], [0, 0, 1]], [[ 0.91427821  0.23357697 -0.3309691 ], [-0.1871866   0.96816754  0.16618165], [ 0.35924971 -0.08998325  0.92889619]], [0.07,0.18,0.12]
152 [[581.9481811523438, 0, 711.3695678710938], [0, 581.9481811523438, 339.9622802734375], [0, 0, 1]], [[ 0.87800199  0.24509776 -0.41114852], [-0.18895467  0.9666729   0.17275208], [ 0.43978712 -0.07398827  0.89505225]], [0.07,0.17,0.09]
153 [[581.9481811523438, 0, 711.3695678710938], [0, 581.9481811523438, 339.9622802734375], [0, 0, 1]], [[ 0.8700099   0.25084418 -0.42445678], [-0.19465782  0.96572304  0.17172958], [ 0.45298487 -0.06678261  0.88901645]], [0.07,0.17,0.09]
154 [[581.9481811523438, 0, 711.3695678710938], [0, 581.9481811523438, 339.9622802734375], [0, 0, 1]], [[ 0.87118101  0.26211303 -0.41514364], [-0.20397396  0.962367    0.1795782 ], [ 0.44659001 -0.0717666   0.89185899]], [0.07,0.17,0.09]
155 [[581.9481811523438, 0, 711.3695678710938], [0, 581.9481811523438, 339.9622802734375], [0, 0, 1]], [[ 0.87984192  0.26204929 -0.39650011], [-0.20749336  0.96235049  0.17559128], [ 0.4275853  -0.07222146  0.9010886 ]], [0.07,0.17,0.09]
156 [[581.9481811523438, 0, 711.3695678710938], [0, 581.9481811523438, 339.9622802734375], [0, 0, 1]], [[ 0.89060205  0.26281404 -0.37116116], [-0.20977792  0.96151018  0.17746966], [ 0.40351647 -0.08019343  0.91145444]], [0.06,0.18,0.11]
157 [[581.9481811523438, 0, 711.3695678710938], [0, 581.9481811523438, 339.9622802734375], [0, 0, 1]], [[ 0.91048974  0.27072495 -0.31260213], [-0.23199233  0.96015692  0.15582702], [ 0.34233314 -0.06935762  0.93701828]], [0.06,0.17,0.13]
158 [[581.9481811523438, 0, 711.3695678710938], [0, 581.9481811523438, 339.9622802734375], [0, 0, 1]], [[ 0.93108487  0.27905688 -0.23497246], [-0.24888118  0.95682752  0.15014461], [ 0.26672688 -0.08131717  0.96033859]], [0.07,0.17,0.16]
159 [[581.9481811523438, 0, 711.3695678710938], [0, 581.9481811523438, 339.9622802734375], [0, 0, 1]], [[ 0.94061369  0.31982458 -0.11385135], [-0.30293822  0.94211268  0.14372274], [ 0.15322687 -0.10069761  0.98305005]], [0.08,0.17,0.2]
160 [[581.9481811523438, 0, 711.3695678710938], [0, 581.9481811523438, 339.9622802734375], [0, 0, 1]], [[0.98356903 0.00960654 0.18028894], [-0.01530251  0.99942791  0.03022876], [-0.17989507 -0.032491    0.98315215]], [0.12,0.17,0.38]
161 [[581.9481811523438, 0, 711.3695678710938], [0, 581.9481811523438, 339.9622802734375], [0, 0, 1]], [[0.9420346  0.00462079 0.3354899 ], [-0.01452193  0.99953163  0.02700916], [-0.33520752 -0.03031556  0.94165969]], [0.12,0.17,0.38]
162 [[581.9481811523438, 0, 711.3695678710938], [0, 581.9481811523438, 339.9622802734375], [0, 0, 1]], [[0.88469201 0.00155968 0.46617773], [-0.02358106  0.9988659   0.04140859], [-0.46558392 -0.04762686  0.88372481]], [0.13,0.18,0.39]
163 [[581.9481811523438, 0, 711.3695678710938], [0, 581.9481811523438, 339.9622802734375], [0, 0, 1]], [[ 8.25821340e-01 -6.56521879e-05  5.63935578e-01], [-0.03115191  0.99846977  0.04573429], [-0.56307507 -0.05533603  0.82455492]], [0.14,0.18,0.4]
164 [[581.9481811523438, 0, 711.3695678710938], [0, 581.9481811523438, 339.9622802734375], [0, 0, 1]], [[0.78654397 0.00157152 0.61753595], [-0.03668095  0.99835211  0.04417876], [-0.61644822 -0.05740029  0.78530467]], [0.15,0.18,0.41]
165 [[581.9481811523438, 0, 711.3695678710938], [0, 581.9481811523438, 339.9622802734375], [0, 0, 1]], [[0.77824378 0.00150191 0.62796408], [-0.03662745  0.9984054   0.04300462], [-0.62689751 -0.05646884  0.77705705]], [0.15,0.18,0.41]
