[[0.9977402, -0.0058492734, -0.06693497, 0.021116462], [0.017403169, 0.98470426, 0.17336285, 0.05908324], [0.064897105, -0.17413595, 0.9825808, -1.7458978]] 8228439258543908
[[0.99675035, -0.01977998, -0.078086644, 0.018781383], [0.034393422, 0.9810837, 0.19050428, 0.060971916], [0.07284136, -0.19257087, 0.9785758, -1.7389097]] 8228439291870524
[[0.9954633, -0.030631395, -0.090080425, 0.018304009], [0.048847243, 0.97699785, 0.2075793, 0.06287718], [0.081649944, -0.21103777, 0.9740618, -1.7321819]] 8228439325189062
[[0.99147004, -0.065634586, -0.11260243, -0.0064655812], [0.09106692, 0.96692777, 0.23823828, 0.066626415], [0.09324174, -0.24646047, 0.96465707, -1.7626302]] 8228439358509947
[[0.991433, -0.05600576, -0.11799974, -0.010375241], [0.083389714, 0.9667358, 0.24180178, 0.0699172], [0.10053227, -0.24957024, 0.96312404, -1.7589805]] 8228439391832600
[[0.9920481, -0.04908426, -0.11589371, 0.0056043076], [0.07780908, 0.96295106, 0.25820738, 0.06817344], [0.09892604, -0.2651717, 0.95911294, -1.8592118]] 8228439425158639
[[0.99263537, -0.04156436, -0.11378652, 0.0032998328], [0.07049999, 0.96205354, 0.2635957, 0.06682211], [0.09851253, -0.2696764, 0.95789874, -1.8630174]] 8228439458482716
[[0.99341154, -0.023841478, -0.11209401, 0.044825178], [0.053384513, 0.96178645, 0.26854587, 0.050760433], [0.10140797, -0.27276063, 0.95672256, -2.05627]] 8228439491801254
[[0.9934636, -0.031916723, -0.10959666, 0.044200905], [0.060234062, 0.9621417, 0.26581046, 0.043789297], [0.096963726, -0.27067444, 0.95777524, -2.0714788]] 8228439525124831
[[0.9932562, -0.04279948, -0.10775138, 0.042916298], [0.07040884, 0.96103716, 0.26730168, 0.036197312], [0.0921127, -0.2730857, 0.95756954, -2.0882843]] 8228439558449793
[[0.99398655, -0.03989525, -0.10197619, 0.0418841], [0.065675, 0.9623812, 0.2636461, 0.031059604], [0.08762174, -0.26875797, 0.95921403, -2.1063707]] 8228439591773216
[[0.99592173, -0.021470705, -0.087629214, 0.050397135], [0.046332523, 0.95512563, 0.29255474, 0.019924834], [0.077415556, -0.29542172, 0.9522252, -2.1599567]] 8228439625094254
[[0.9965285, -0.033097893, -0.07639015, 0.049759112], [0.054440975, 0.953272, 0.29716772, 0.014826588], [0.06298496, -0.30029488, 0.9517646, -2.1851149]] 8228439658420254
[[0.99721414, -0.041929662, -0.06169216, 0.048357517], [0.058653846, 0.9517424, 0.3012409, 0.011688661], [0.046084117, -0.30402014, 0.9515503, -2.211733]] 8228439691738369
[[0.9986608, -0.027146477, -0.044041365, 0.06825873], [0.039880563, 0.9462117, 0.32108092, 0.0031168275], [0.032956243, -0.3224073, 0.94602716, -2.2684188]] 8228439725065369
[[0.99891794, -0.027078655, -0.037810605, 0.06881934], [0.037804883, 0.94630563, 0.32105523, 0.0016536042], [0.027086642, -0.3221373, 0.9463054, -2.301271]] 8228439758385254
[[0.9991944, -0.028540824, -0.028213672, 0.069203205], [0.03623597, 0.9437799, 0.3285826, -8.618124E-4], [0.01724948, -0.32934025, 0.94405377, -2.335646]] 8228439791711908
[[0.9998264, -0.014194602, -0.012072184, 0.07259002], [0.017470123, 0.9394299, 0.34229568, -0.0043544546], [0.0064822184, -0.34244713, 0.93951476, -2.3854787]] 8228439825034177
[[0.9999977, -0.0010074931, -0.0018960587, 0.072], [0.0016193707, 0.9337554, 0.35790816, -0.0069049], [0.001409865, -0.35791042, 0.93375486, -2.4247057]] 8228439858355369
[[0.99998945, 0.0011601824, -0.0044416157, 0.07085028], [5.223722E-4, 0.93249524, 0.3611819, -0.011359818], [0.004560822, -0.36118042, 0.9324848, -2.4653175]] 8228439891678446
[[0.9999581, 0.003114772, -0.008606556, 0.07087046], [1.1547911E-4, 0.9359464, 0.35214248, -0.021707118], [0.009152119, -0.3521287, 0.9359068, -2.5232415]] 8228439925012331
[[0.999994, 0.0021165404, -0.0027421163, 0.06944494], [-0.0010504579, 0.93963134, 0.34218678, -0.0296603], [0.0033008307, -0.34218183, 0.93962795, -2.5648906]] 8228439958319908
[[0.9999839, -0.003411101, 0.004526771, 0.06772143], [0.0017349601, 0.94451356, 0.32846782, -0.03976504], [-0.005396034, -0.3284547, 0.9445043, -2.606886]] 8228439991645715
[[0.99994075, -0.007615611, 0.007780103, 0.067727506], [0.004781019, 0.949197, 0.31464618, -0.05110354], [-0.009781074, -0.31459033, 0.94917715, -2.65956]] 8228440024969292
[[0.9999037, -0.013871615, -4.6658993E-4, 0.065646775], [0.013376662, 0.9541699, 0.29896623, -0.0641328], [-0.0037019392, -0.2989437, 0.95426357, -2.7064903]] 8228440058293985
[[0.9997034, -0.018374223, -0.015982337, 0.06313427], [0.022180736, 0.9579387, 0.28611442, -0.077661216], [0.01005297, -0.28638408, 0.9580622, -2.756427]] 8228440091614177
[[0.99918354, -0.02155343, -0.03417199, 0.061720293], [0.030034132, 0.96198815, 0.27143463, -0.09275828], [0.027022703, -0.27223936, 0.96185005, -2.8153243]] 8228440124938215
[[0.9990442, -0.025450636, -0.03553778, 0.05908031], [0.03397722, 0.9636328, 0.26506105, -0.10543239], [0.0274994, -0.2660152, 0.9635765, -2.868417]] 8228440158257292
[[0.9995257, -0.024422303, -0.018757824, 0.055114508], [0.028649122, 0.96084976, 0.2755848, -0.11584611], [0.011293034, -0.27599147, 0.9610937, -2.923249]] 8228440191586408
[[0.99952877, -0.021889763, -0.021519493, 0.04989], [0.027051663, 0.95947146, 0.28050435, -0.117686], [0.014507167, -0.2809543, 0.9596115, -2.9795055]] 8228440224913831
[[0.9987507, -0.012991633, -0.048252504, 0.048556417], [0.02647277, 0.95653796, 0.2904037, -0.124193095], [0.042382535, -0.29131827, 0.95568687, -3.0408635]] 8228440258234600
[[0.99761593, 7.186234E-4, -0.069006875, 0.048677653], [0.019707786, 0.9553374, 0.29485944, -0.12783758], [0.06613673, -0.29551646, 0.9530456, -3.104273]] 8228440291551446
[[0.99765766, 0.008508058, -0.06787336, 0.049509924], [0.012561049, 0.9525765, 0.30403987, -0.13378173], [0.067241356, -0.30418023, 0.9502384, -3.163701]] 8228440324871100
[[0.9978341, 0.0033530132, -0.06569536, 0.050903916], [0.017959505, 0.9468714, 0.32111058, -0.1426099], [0.063281745, -0.32159492, 0.9447603, -3.2228882]] 8228440358196946
[[0.99678564, 0.002600925, -0.080072865, 0.054508165], [0.023478217, 0.9461078, 0.32299963, -0.14851825], [0.07659766, -0.32384136, 0.9430056, -3.2843738]] 8228440391519830
[[0.9944964, 0.01592644, -0.10355322, 0.062149834], [0.01649462, 0.9522525, 0.30486578, -0.16901782], [0.10346423, -0.304896, 0.946749, -3.405675]] 8228440458165869
[[0.9946166, 0.010790093, -0.10305964, 0.062645115], [0.020538384, 0.95430523, 0.29812697, -0.17053449], [0.10156717, -0.29863873, 0.94894624, -3.4521327]] 8228440491486253
[[0.99469805, 0.008406314, -0.10249432, 0.065344214], [0.02195863, 0.9563065, 0.29154027, -0.18432492], [0.100466765, -0.29224515, 0.95105165, -3.5128715]] 8228440524809715
[[0.99422765, -0.003345509, -0.10723883, 0.067594364], [0.034001317, 0.95781994, 0.2853505, -0.19993562], [0.10176085, -0.28734964, 0.9524048, -3.5755596]] 8228440558133600
[[0.99404407, -0.016946808, -0.10765329, 0.0699971], [0.045910865, 0.96101844, 0.27264586, -0.20542467], [0.09883632, -0.27596447, 0.9560727, -3.6198938]] 8228440591454138
[[0.9949948, -0.020144489, -0.09787516, 0.07229319], [0.04582798, 0.9623813, 0.26780972, -0.22025196], [0.08879833, -0.2709547, 0.9584876, -3.6837504]] 8228440624779100
[[0.9957625, -0.025292665, -0.08841551, 0.07411854], [0.047858506, 0.9635068, 0.2633707, -0.23478833], [0.07852761, -0.2664861, 0.96063447, -3.749505]] 8228440658100715
[[0.996624, -0.0351658, -0.074189186, 0.07176967], [0.053021893, 0.9655978, 0.25457716, -0.22233142], [0.062684506, -0.25765133, 0.96420246, -3.7836337]] 8228440691423907
[[0.997516, -0.036968034, -0.0599602, 0.07251097], [0.05167925, 0.9624949, 0.2663322, -0.2340509], [0.047865614, -0.26876932, 0.96201456, -3.8514924]] 8228440724747484
[[0.99701643, -0.03926626, -0.066456124, 0.073822364], [0.055439137, 0.96332675, 0.26254147, -0.24457657], [0.053709943, -0.26544243, 0.9626295, -3.9218159]] 8228440758069407
[[0.9966655, -0.044140518, -0.068626314, 0.07097494], [0.060551606, 0.9638589, 0.25944078, -0.24298885], [0.054694235, -0.26273108, 0.96331763, -3.98534]] 8228440791393407
[[0.99739724, -0.0404463, -0.059689876, 0.07235756], [0.05511457, 0.96142924, 0.2694739, -0.25221878], [0.04648837, -0.2720623, 0.9611561, -4.0564117]] 8228440824716869
[[0.9985625, -0.028946942, -0.045110796, 0.07339142], [0.040473018, 0.9589913, 0.2805309, -0.26032254], [0.035140347, -0.28195342, 0.95878434, -4.1281614]] 8228440858041522
[[0.9991412, -0.019170446, -0.03673239, 0.07390574], [0.028912159, 0.9575952, 0.28666255, -0.26889867], [0.029679313, -0.28747842, 0.9573272, -4.2014213]] 8228440891361407
[[0.99922115, -0.017541232, -0.035347454, 0.07260379], [0.02681621, 0.9589947, 0.28215262, -0.2678411], [0.028948717, -0.28288075, 0.9587181, -4.260669]] 8228440924692215
[[0.9991896, -0.02147167, -0.03404613, 0.072717525], [0.03018543, 0.95925754, 0.2809161, -0.28101003], [0.026627267, -0.2817161, 0.95912826, -4.3351407]] 8228440958005292
[[0.9992235, -0.024204707, -0.031090204, 0.06617217], [0.031932626, 0.95972437, 0.27912265, -0.29465902], [0.02308194, -0.2798987, 0.959752, -4.406478]] 8228440991331830
[[0.9993591, -0.02219107, -0.028089708, 0.06624542], [0.029028207, 0.96154064, 0.27312443, -0.3103249], [0.020948472, -0.27376476, 0.96156853, -4.4822907]] 8228441024652907
[[0.99939406, -0.022894017, -0.026217723, 0.06638766], [0.029011775, 0.9640738, 0.26404557, -0.3273312], [0.019230755, -0.2646462, 0.9641538, -4.559056]] 8228441057974638
[[0.9994748, -0.022396676, -0.02341933, 0.05726549], [0.027637083, 0.9664975, 0.25518394, -0.33064768], [0.01691945, -0.25569713, 0.9666089, -4.6070523]] 8228441091297484
[[0.9995114, -0.022234943, -0.021965373, 0.056550093], [0.026983716, 0.96852314, 0.24745665, -0.34840494], [0.015771788, -0.24792846, 0.96865, -4.685263]] 8228441124620791
[[0.9993548, -0.027389983, -0.02323372, 0.05560857], [0.032167368, 0.97030485, 0.23973696, -0.36672854], [0.015977398, -0.24032964, 0.97055984, -4.765244]] 8228441157942138
[[0.9988497, -0.037715055, -0.029611627, 0.054276515], [0.04357796, 0.97163767, 0.23242451, -0.38471735], [0.020005869, -0.23344757, 0.97216356, -4.8472905]] 8228441191268945
[[0.99863225, -0.044713307, -0.027098292, 0.033073865], [0.04977273, 0.9717097, 0.2308741, -0.37933588], [0.016008528, -0.23190708, 0.9726062, -4.8472037]] 8228441224593638
[[0.9989678, -0.042965617, -0.014739665, 0.030092835], [0.045245174, 0.96993214, 0.23913278, -0.3915801], [0.0040219883, -0.23955284, 0.970875, -4.928529]] 8228441257914445
[[0.9989967, -0.040670045, -0.0187499, 0.013484948], [0.043968014, 0.9702548, 0.23805977, -0.36944497], [0.0085102795, -0.23864533, 0.9710695, -4.9481916]] 8228441291234561
[[0.99875414, -0.034646187, -0.035914056, 0.012462139], [0.042354133, 0.9691142, 0.24294809, -0.3779621], [0.026387595, -0.24416652, 0.96937424, -5.031688]] 8228441324557291
[[0.99829286, -0.03133176, -0.049291782, 0.013290635], [0.0429379, 0.9657995, 0.25570998, -0.39570394], [0.039594136, -0.25738993, 0.9654961, -5.1974235]] 8228441391203330
[[0.99782705, -0.036219716, -0.055039007, 0.015223558], [0.04935489, 0.964292, 0.260202, -0.40641817], [0.04364923, -0.262353, 0.96398425, -5.2801514]] 8228441424527214
[[0.9975789, -0.026387451, -0.06434303, 0.011800081], [0.041987926, 0.9660853, 0.25478658, -0.3925218], [0.055437684, -0.25687137, 0.9648543, -5.3039827]] 8228441457850945
[[0.99727553, -0.014085907, -0.0724094, 0.0146696605], [0.031212728, 0.9699748, 0.24119407, -0.33866164], [0.066837855, -0.24279705, 0.9677718, -5.253623]] 8228441491173637
[[0.9969747, -0.01165692, -0.07684757, 0.019089311], [0.02932015, 0.9720507, 0.23293291, -0.34983996], [0.071984455, -0.23448141, 0.9694517, -5.331434]] 8228441524495368
[[0.99722093, -0.0064979214, -0.074217044, 0.023972668], [0.023336258, 0.97330093, 0.22834338, -0.36259514], [0.070751764, -0.22944076, 0.9707477, -5.4097667]] 8228441557818945
[[0.99739563, -0.0033480017, -0.072046384, 0.022650536], [0.018935656, 0.9760357, 0.21678497, -0.31047773], [0.06959404, -0.21758462, 0.9735572, -5.3415484]] 8228441591141868
[[0.99725896, -0.007923046, -0.07356505, 0.026922196], [0.023221081, 0.9775314, 0.20950712, -0.32363614], [0.07025221, -0.2106411, 0.97503585, -5.4184957]] 8228441624462483
[[0.9973384, -0.013222959, -0.071702756, 0.03107468], [0.027677312, 0.97846884, 0.20453036, -0.33733556], [0.06745442, -0.20597053, 0.9762305, -5.496717]] 8228441657790445
[[0.99796164, -0.018357955, -0.061119523, 0.03467335], [0.030584473, 0.9781618, 0.20558214, -0.3507285], [0.05601072, -0.20703238, 0.97672945, -5.575862]] 8228441691106945
[[0.99807197, -0.029046673, -0.05485145, 0.057068203], [0.03938156, 0.9794254, 0.19792698, -0.2940978], [0.04797378, -0.1997055, 0.97868085, -5.423109]] 8228441724430830
[[0.9976415, -0.04254067, -0.053867914, 0.061030388], [0.05215311, 0.9800199, 0.19193995, -0.30393523], [0.044626378, -0.19429663, 0.9799272, -5.4982843]] 8228441757755253
[[0.99769634, -0.045849647, -0.049998723, 0.065402485], [0.054505948, 0.980572, 0.18843494, -0.31135228], [0.040387675, -0.19072609, 0.98081213, -5.573735]] 8228441791076945
[[0.99801767, -0.046308264, -0.042617448, 0.08067215], [0.053266823, 0.9821963, 0.18014747, -0.26930082], [0.033516385, -0.18206045, 0.98271596, -5.5015516]] 8228441824400560
[[0.99881554, -0.041137736, -0.025985032, 0.08611473], [0.04532225, 0.9808865, 0.18922886, -0.27302048], [0.01770392, -0.19018242, 0.98158914, -5.5731792]] 8228441857723983
[[0.9996653, -0.023320023, -0.011196972, 0.09110736], [0.025104184, 0.97899234, 0.20234582, -0.27469516], [0.00624304, -0.2025592, 0.97925013, -5.6464167]] 8228441891044137
[[0.99997485, -0.0041255704, -0.00576471, 0.09313584], [0.0052479855, 0.97752196, 0.21076834, -0.23530318], [0.0047655907, -0.21079329, 0.97751904, -5.616446]] 8228441924368022
[[0.9999486, 0.0052673803, -0.008659194, 0.096947916], [-0.003263623, 0.9761811, 0.21693262, -0.23681515], [0.009595609, -0.21689323, 0.9761482, -5.690687]] 8228441957693560
[[0.99986476, 0.008002883, -0.014368905, 0.10099], [-0.0047360137, 0.97672594, 0.21443872, -0.24038547], [0.015750611, -0.21434166, 0.97663176, -5.7652783]] 8228441991012791
[[0.9998154, 0.010227841, -0.016265977, 0.10383125], [-0.006522973, 0.97695386, 0.21335085, -0.25868326], [0.018073227, -0.21320535, 0.97684026, -5.8359046]] 8228442024337483
[[0.9997912, 0.01168293, -0.01676389, 0.10865198], [-0.007889765, 0.97751874, 0.2107008, -0.26674977], [0.018848618, -0.21052454, 0.97740686, -5.9101605]] 8228442057659252
[[0.99982053, 0.010001051, -0.016089741, 0.11320294], [-0.0064952658, 0.9787872, 0.20477653, -0.27663743], [0.017796412, -0.20463526, 0.9786765, -5.984556]] 8228442090979406
[[0.9997796, 0.0039358316, -0.020622926, 0.11597599], [1.885749E-4, 0.98054844, 0.19627704, -0.25311616], [0.020994293, -0.19623767, 0.9803316, -5.9494596]] 8228442124312098
[[0.9995254, -0.0020538182, -0.030736368, 0.120330535], [0.007782918, 0.98224115, 0.1874613, -0.26455718], [0.029805515, -0.18761156, 0.98179096, -6.023833]] 8228442157632752
[[0.99925786, -0.0032664044, -0.038380243, 0.124462835], [0.010235779, 0.98309153, 0.18282866, -0.27564108], [0.037134096, -0.18308583, 0.98239535, -6.0995355]] 8228442190960368
[[0.9988308, -0.008131406, -0.047654375, 0.12207406], [0.016422924, 0.9842021, 0.17628545, -0.25816235], [0.045468085, -0.17686194, 0.9831849, -6.0606236]] 8228442224286060
[[0.9985532, -0.012941563, -0.05219241, 0.12476113], [0.021719329, 0.9849789, 0.17130339, -0.26741034], [0.049191486, -0.17218915, 0.98383486, -6.135281]] 8228442257594060
[[0.9988389, -0.014688316, -0.04588101, 0.12646773], [0.022830892, 0.9829693, 0.18234606, -0.2749586], [0.042421266, -0.18318184, 0.98216337, -6.2110286]] 8228442290954445
[[0.9988058, -0.017138982, -0.045750886, 0.12897098], [0.025624668, 0.981081, 0.19189438, -0.27906796], [0.04159645, -0.1928376, 0.9803486, -6.239143]] 8228442324242252
[[0.9981414, -0.011891536, -0.059768397, 0.13125594], [0.023446143, 0.98021746, 0.19652985, -0.28259328], [0.05624898, -0.19756593, 0.9786745, -6.3169565]] 8228442357568406
[[0.9969654, 1.7175451E-5, -0.07784607, 0.12274818], [0.015909398, 0.97884876, 0.20396574, -0.27188015], [0.07620304, -0.20458527, 0.97587806, -6.330425]] 8228442390886637
[[0.9971965, -0.004648272, -0.07468334, 0.1304245], [0.021409145, 0.97406894, 0.22523616, -0.28138492], [0.07169977, -0.2262036, 0.97143763, -6.477628]] 8228442457536214
[[0.9971929, -0.010076775, -0.074194126, 0.13607559], [0.026960291, 0.9727608, 0.2302382, -0.28835997], [0.069853075, -0.23159221, 0.9703018, -6.5596642]] 8228442490854444
[[0.9968645, -0.0018492602, -0.07910602, 0.13910517], [0.02011305, 0.9728133, 0.23071569, -0.29044548], [0.07652873, -0.23158336, 0.96980023, -6.5953293]] 8228442524179752
[[0.9961007, 0.009064798, -0.08775661, 0.14634313], [0.011558187, 0.9727255, 0.23167118, -0.2971319], [0.08746315, -0.23178214, 0.9688278, -6.6692605]] 8228442557504829
[[0.9955901, 0.014379943, -0.09270168, 0.15398332], [0.0071706153, 0.9736254, 0.2280398, -0.30568808], [0.09353591, -0.22769889, 0.9692287, -6.7427397]] 8228442590827290
[[0.9960185, 0.01763796, -0.08738397, 0.15175487], [0.002536769, 0.9742267, 0.22555669, -0.2814999], [0.089110166, -0.22488032, 0.9703032, -6.728038]] 8228442624147521
[[0.99643785, 0.012431858, -0.0834091, 0.15896596], [0.0064666774, 0.9748978, 0.22255884, -0.2917009], [0.08408217, -0.22230543, 0.97134465, -6.7998185]] 8228442657467752
[[0.9965027, 0.0027739578, -0.08351484, 0.1661478], [0.014883911, 0.977574, 0.21006571, -0.26371458], [0.08222465, -0.21057408, 0.97411376, -6.6313725]] 8228442690794444
[[0.99668574, -0.0036388654, -0.08126653, 0.17422655], [0.019634668, 0.9802237, 0.19691616, -0.27282128], [0.07894283, -0.19785917, 0.97704643, -6.6997285]] 8228442724119175
[[0.99746966, -0.0016842792, -0.07107342, 0.1830725], [0.015431284, 0.9810144, 0.19332029, -0.2806843], [0.06939844, -0.19392787, 0.97855806, -6.768835]] 8228442757443060
[[0.998668, -0.0086132195, -0.050872456, 0.20212601], [0.017853526, 0.9827472, 0.1840903, -0.2399087], [0.048409153, -0.18475334, 0.98159194, -6.670894]] 8228442824085636
[[0.9987832, -0.024155702, -0.042996127, 0.21011604], [0.031422906, 0.9836524, 0.17731492, -0.24509485], [0.03801008, -0.17845021, 0.9832145, -6.73795]] 8228442857412521
[[0.9987259, -0.032304257, -0.03876903, 0.21852227], [0.038516536, 0.98434, 0.172021, -0.22370872], [0.032604896, -0.17329508, 0.9843301, -6.6691103]] 8228442890730983
[[0.998551, -0.038707376, -0.03738393, 0.22773929], [0.044208854, 0.9861631, 0.15977485, -0.22644368], [0.030682184, -0.16119604, 0.98644537, -6.73502]] 8228442924052713
[[0.99888045, -0.03826797, -0.027811384, 0.237592], [0.042305447, 0.9856927, 0.16315705, -0.22944704], [0.021169787, -0.16415095, 0.986208, -6.8015175]] 8228442957374982
[[0.9996685, -0.020928351, -0.014999488, 0.24966066], [0.0232647, 0.9837764, 0.17788416, -0.20118955], [0.011033321, -0.17817414, 0.9839371, -6.718524]] 8228442990699406
[[0.99992394, -0.0027207164, -0.0120274555, 0.2595653], [0.0050079823, 0.9808977, 0.19445981, -0.20262142], [0.0112686325, -0.19450526, 0.98083675, -6.7856483]] 8228443024025906
[[0.999724, 0.0046300963, -0.023033945, 0.2684969], [6.259582E-5, 0.9798611, 0.1996805, -0.20516592], [0.023494607, -0.19962683, 0.9795903, -6.854305]] 8228443057345213
[[0.99931365, 0.0049493504, -0.036710966, 0.27246866], [0.0022607762, 0.98103774, 0.19380376, -0.17042506], [0.036974046, -0.19375375, 0.9803532, -6.764452]] 8228443090667367
[[0.999089, 0.0083619505, -0.0418481, 0.28089136], [-2.617687E-4, 0.9817976, 0.18993005, -0.17424545], [0.04267455, -0.18974608, 0.98090535, -6.8289833]] 8228443123995213
[[0.99908805, 0.008510165, -0.04184103, 0.2889964], [-7.391721E-4, 0.98323655, 0.18233313, -0.17932945], [0.042691313, -0.18213592, 0.9823462, -6.892258]] 8228443157315559
[[0.99913394, -0.0026652366, -0.041523766, 0.2963618], [0.0096822055, 0.9854449, 0.1697191, -0.18659964], [0.040467042, -0.16997415, 0.9846173, -6.955128]] 8228443190638328
[[0.99859846, -0.0189115, -0.04943152, 0.30241802], [0.026457895, 0.98727906, 0.15678024, -0.17599207], [0.045837756, -0.15786836, 0.9863957, -6.926683]] 8228443223960328
[[0.99718547, -0.032531857, -0.067548364, 0.30966887], [0.041940004, 0.9888476, 0.14290375, -0.18421903], [0.062146112, -0.14533451, 0.98742884, -6.9907904]] 8228443257278482
[[0.9954581, -0.041575033, -0.08564224, 0.3169391], [0.052400064, 0.9903496, 0.12830418, -0.19137427], [0.079481505, -0.13220909, 0.9880301, -7.055885]] 8228443290602136
[[0.99357533, -0.049851432, -0.10160135, 0.32373902], [0.061557963, 0.99139225, 0.115551166, -0.1973545], [0.0949664, -0.121063165, 0.98809165, -7.12158]] 8228443323927905
[[0.99135935, -0.060588952, -0.116342895, 0.32317317], [0.07240089, 0.99233556, 0.10014126, -0.1772281], [0.10938374, -0.107699305, 0.9881478, -7.042118]] 8228443357255713
[[0.98992544, -0.066016704, -0.12525739, 0.3283699], [0.0773924, 0.9930885, 0.08823651, -0.17925224], [0.11856659, -0.09704153, 0.98819274, -7.1057725]] 8228443390569636
[[0.98943245, -0.05680344, -0.13340437, 0.3273544], [0.0677465, 0.99457204, 0.07897395, -0.16725858], [0.12819427, -0.08717707, 0.9879101, -7.0864277]] 8228443423895136
[[0.98932934, -0.041804854, -0.13957019, 0.33301657], [0.05309042, 0.99552774, 0.07813999, -0.16632451], [0.13567938, -0.08471602, 0.98712426, -7.149396]] 8228443457224136
[[0.9899823, -0.03017458, -0.13792938, 0.3390378], [0.042921115, 0.99498075, 0.09039421, -0.16713427], [0.13450947, -0.095408745, 0.98630846, -7.212374]] 8228443490538136
[[0.99089897, -0.025898542, -0.13209271, 0.34479427], [0.040574025, 0.9931419, 0.10964895, -0.16947725], [0.12834707, -0.114010565, 0.9851541, -7.275923]] 8228443523864751
[[0.9902249, -0.031072015, -0.13597506, 0.33300743], [0.04836998, 0.99087286, 0.1258226, -0.14824776], [0.13082445, -0.1311698, 0.9826899, -7.2126985]] 8228443557183559
[[0.986783, -0.032401774, -0.15877481, 0.34023526], [0.054075357, 0.98948455, 0.13414964, -0.15163198], [0.15275852, -0.14096239, 0.9781587, -7.2774105]] 8228443590509405
[[0.98202145, -0.024453878, -0.18717864, 0.33442274], [0.049791522, 0.99001324, 0.13188832, -0.1284566], [0.18208417, -0.13883705, 0.9734319, -7.191425]] 8228443623831636
[[0.97936213, -0.014645012, -0.20158224, 0.34440368], [0.041584328, 0.99063337, 0.13006245, -0.13315088], [0.19778933, -0.13576089, 0.9707978, -7.251882]] 8228443657159636
[[0.9790766, -0.012058388, -0.20313433, 0.3544514], [0.039288364, 0.9906621, 0.13055658, -0.14078458], [0.19966319, -0.13580573, 0.97040784, -7.3108983]] 8228443690489944
[[0.97837806, -0.012058102, -0.20647255, 0.36329153], [0.03950503, 0.9908141, 0.12933202, -0.11889951], [0.2030164, -0.13469233, 0.96986717, -7.294853]] 8228443723803751
[[0.9750903, -0.017210796, -0.22113939, 0.37364167], [0.044825442, 0.99170434, 0.12047076, -0.12890515], [0.2172315, -0.12738255, 0.9677728, -7.354373]] 8228443757124443
[[0.97099113, -0.022538483, -0.23805085, 0.3843708], [0.051114097, 0.9921006, 0.1145591, -0.13929448], [0.2335884, -0.12340362, 0.9644729, -7.4150333]] 8228443790444713
[[0.9689102, -0.020146292, -0.24659105, 0.39001524], [0.048451226, 0.99283147, 0.109261945, -0.13780406], [0.24262212, -0.11781265, 0.96294063, -7.3587008]] 8228443823767097
[[0.9679156, -0.018231627, -0.25061327, 0.4013426], [0.046975058, 0.99290985, 0.10919428, -0.14627567], [0.2468456, -0.11746341, 0.96190935, -7.41766]] 8228443857095020
[[0.96535635, -0.026903272, -0.2595445, 0.41273788], [0.05700712, 0.9923874, 0.109167084, -0.15487096], [0.25463176, -0.120181024, 0.95954114, -7.4774914]] 8228443890416328
[[0.9613708, -0.039810106, -0.27236238, 0.4198241], [0.07029196, 0.9921853, 0.10308925, -0.14664182], [0.26612994, -0.11825188, 0.95665634, -7.429357]] 8228443923738559
[[0.9570036, -0.047408476, -0.28617573, 0.43139586], [0.079676494, 0.99156976, 0.10218157, -0.15245022], [0.27891892, -0.120589614, 0.9527132, -7.4894676]] 8228443957057982
[[0.95265496, -0.051786132, -0.29961094, 0.44310838], [0.08542169, 0.9912864, 0.10027172, -0.15722802], [0.29180756, -0.12111762, 0.94877756, -7.550005]] 8228443990382597
[[0.9512002, -0.04197798, -0.3057058, 0.45565107], [0.07914889, 0.9907501, 0.1102261, -0.12742494], [0.29825097, -0.12904337, 0.9457241, -7.4549313]] 8228444023710559
[[0.9483808, -0.029602274, -0.3157492, 0.4674538], [0.07424609, 0.98868906, 0.1303127, -0.13105544], [0.30832025, -0.1470292, 0.93985164, -7.5145903]] 8228444057042443
[[0.94288963, -0.0126889385, -0.33286354, 0.47941646], [0.066007614, 0.98657596, 0.14936838, -0.13412738], [0.32649985, -0.16280943, 0.9310698, -7.5754538]] 8228444090354174
[[0.93636847, 0.006535789, -0.3509577, 0.48524576], [0.053442143, 0.9855164, 0.16093865, -0.10490232], [0.34692645, -0.16945383, 0.9224573, -7.5213323]] 8228444123679982
[[0.9296459, 0.018321283, -0.36799845, 0.49619207], [0.046427153, 0.98497766, 0.16632372, -0.108338006], [0.36551753, -0.17170727, 0.9148298, -7.5799336]] 8228444157000174
[[0.92374367, 0.022867378, -0.3823281, 0.5060091], [0.043760788, 0.985378, 0.16466686, -0.11392741], [0.38050318, -0.16884094, 0.90923595, -7.6374617]] 8228444190318020
[[0.9180024, 0.02389891, -0.3958539, 0.51523274], [0.043310832, 0.98617, 0.15997776, -0.07936589], [0.39420256, -0.16400474, 0.90427136, -7.568216]] 8228444223642405
[[0.9138894, 0.026960256, -0.40506697, 0.5235165], [0.040026195, 0.98694676, 0.1559936, -0.08762295], [0.40398514, -0.15877418, 0.9008811, -7.6227226]] 8228444256965251
[[0.9093037, 0.027589062, -0.41521743, 0.5307847], [0.038927846, 0.98778486, 0.15088306, -0.09664117], [0.41430822, -0.15336205, 0.8971225, -7.6774955]] 8228444290287597
[[0.90348506, 0.025148952, -0.42788115, 0.5289309], [0.040068045, 0.98895013, 0.14273109, -0.08616248], [0.42674264, -0.14609976, 0.892494, -7.6258335]] 8228444323612597
[[0.8985736, 0.02269766, -0.43823546, 0.534405], [0.04099495, 0.9899521, 0.13533038, -0.09476316], [0.43690377, -0.13956973, 0.8886143, -7.6801558]] 8228444356941443
[[0.8929967, 0.015880749, -0.44978282, 0.5391479], [0.047535174, 0.9904594, 0.12934683, -0.10249816], [0.44754574, -0.13688682, 0.8837221, -7.7354875]] 8228444390255212
[[0.88707757, 0.01166307, -0.46147305, 0.5285108], [0.052859843, 0.9905386, 0.12664554, -0.08306285], [0.45858395, -0.1367378, 0.87806803, -7.6406364]] 8228444423579443
[[0.88305205, 0.010203481, -0.46916404, 0.5315523], [0.053053856, 0.99118316, 0.121413454, -0.08437404], [0.46626636, -0.13210537, 0.874725, -7.6951632]] 8228444456901751
[[0.87924147, 0.020476606, -0.4759361, 0.53506917], [0.044039827, 0.9913034, 0.12400858, -0.08274968], [0.47433633, -0.12999363, 0.8706932, -7.750129]] 8228444490226366
[[0.8726159, 0.038964547, -0.48685035, 0.5167299], [0.03171076, 0.9901894, 0.13608617, -0.0646853], [0.4873766, -0.13418934, 0.8628194, -7.626224]] 8228444523597289
[[0.86856616, 0.041104175, -0.4938656, 0.5206351], [0.03078612, 0.99015415, 0.13655385, -0.0632579], [0.49461603, -0.13381025, 0.858749, -7.676421]] 8228444556875174
[[0.86862314, 0.034182232, -0.4942929, 0.52469164], [0.044522468, 0.9881968, 0.1465771, -0.0642145], [0.493469, -0.14932741, 0.8568487, -7.7255235]] 8228444590195981
[[0.8662466, 0.034188587, -0.49844557, 0.5301038], [0.048581805, 0.9871642, 0.15214011, -0.065062575], [0.49724907, -0.15600625, 0.8534667, -7.7740693]] 8228444623520751
[[0.8604349, 0.03828472, -0.5081202, 0.5184209], [0.044328645, 0.9877692, 0.14948902, -0.034062337], [0.50762856, -0.15114984, 0.848214, -7.6670117]] 8228444656842327
[[0.8524455, 0.03811206, -0.5214251, 0.5261233], [0.04456541, 0.9884125, 0.14510235, -0.037050866], [0.52091324, -0.14692935, 0.84086925, -7.7136226]] 8228444690159712
[[0.8468652, 0.037924767, -0.5304536, 0.523667], [0.04402665, 0.9890303, 0.1409989, 0.013224214], [0.52998203, -0.14276117, 0.8359057, -7.610259]] 8228444723487327
[[0.8432983, 0.04194815, -0.53580624, 0.5319186], [0.039229427, 0.9894856, 0.13920927, 0.007664174], [0.5360121, -0.13841432, 0.83278596, -7.655594]] 8228444756808212
[[0.83956456, 0.042605713, -0.5415867, 0.54006344], [0.037921578, 0.98989207, 0.13665895, 4.798025E-4], [0.5419348, -0.13527183, 0.8294626, -7.7020936]] 8228444790131404
[[0.8378689, 0.035524644, -0.54471433, 0.5445802], [0.043356776, 0.9903966, 0.13128126, 0.014963817], [0.5441469, -0.13361353, 0.82828224, -7.6752267]] 8228444823456597
[[0.8408923, 0.030776024, -0.5403267, 0.5515192], [0.04674921, 0.9905196, 0.1291724, 0.0063843727], [0.53917956, -0.13387991, 0.8314815, -7.7221045]] 8228444856779866
[[0.8546115, 0.03603045, -0.5180164, 0.56149054], [0.04053933, 0.98991555, 0.13573408, 0.015370134], [0.5176831, -0.13699993, 0.8445326, -7.7604175]] 8228444923425635
[[0.86262494, 0.026308762, -0.5051594, 0.56661254], [0.048871785, 0.98964024, 0.13499546, 0.010261472], [0.5034776, -0.1411385, 0.85240257, -7.809579]] 8228444956748673
[[0.8739832, 0.035204086, -0.4846793, 0.57133186], [0.04856946, 0.9860506, 0.15920195, 0.007182032], [0.48352286, -0.16268045, 0.8600818, -7.859904]] 8228444990073520
[[0.87838924, 0.038536817, -0.4763898, 0.57480085], [0.044633478, 0.9857743, 0.1620399, 0.018625975], [0.4758573, -0.16359705, 0.8641735, -7.8950787]] 8228445023390635
[[0.8834852, 0.04302632, -0.466479, 0.57904565], [0.040780775, 0.98492897, 0.16808276, 0.018693384], [0.46668065, -0.167522, 0.86841553, -7.9456377]] 8228445056715096
[[0.8929113, 0.059853494, -0.44623646, 0.58459496], [0.029958589, 0.9810291, 0.19153158, 0.016168058], [0.4492348, -0.18438934, 0.8741788, -8.028228]] 8228445090035212
[[0.9029494, 0.07953079, -0.4223236, 0.5866358], [0.013813652, 0.9768473, 0.21349142, 0.017498687], [0.4295248, -0.19860579, 0.8809451, -8.07879]] 8228445123364327
[[0.91060966, 0.08705157, -0.40399516, 0.5872126], [0.005314283, 0.9750159, 0.2220717, 0.018406935], [0.4132334, -0.20436758, 0.8873962, -8.129309]] 8228445156682789
[[0.9153234, 0.0820936, -0.3942635, 0.58716357], [0.0089103095, 0.9746346, 0.22362472, 0.017169513], [0.40262103, -0.20820196, 0.89137435, -8.179523]] 8228445190007519
[[0.9196217, 0.08079305, -0.38440663, 0.6148882], [0.0043430068, 0.9764677, 0.2156199, 0.047252048], [0.39278126, -0.19995822, 0.89763, -8.306706]] 8228445223326212
[[0.9264989, 0.07896604, -0.36791876, 0.61578614], [-3.3289194E-5, 0.9777508, 0.20976985, 0.044072263], [0.37629756, -0.19433928, 0.9058876, -8.355709]] 8228445256653327
[[0.9346909, 0.07759224, -0.34688956, 0.6160532], [-0.0051134787, 0.97871894, 0.20514154, 0.03979419], [0.35542476, -0.18997014, 0.9151965, -8.403922]] 8228445289983212
[[0.9401483, 0.076011226, -0.33217984, 0.62473947], [-0.010761101, 0.98094094, 0.1940078, 0.059883535], [0.3405956, -0.17882149, 0.92304796, -8.445766]] 8228445323301481
[[0.943554, 0.072955646, -0.3230841, 0.6260294], [-0.014321478, 0.9835143, 0.18026215, 0.055068415], [0.33090898, -0.16546002, 0.9290437, -8.494698]] 8228445356620788
[[0.94727093, 0.06611095, -0.31353974, 0.62732685], [-0.012538001, 0.98538303, 0.16989148, 0.04961913], [0.3201884, -0.15700209, 0.9342536, -8.544206]] 8228445389945404
[[0.9492913, 0.05590532, -0.30938753, 0.62217104], [-0.0053720567, 0.9868041, 0.16182923, 0.059741504], [0.314352, -0.15196103, 0.9370649, -8.522108]] 8228445423262404
[[0.9485078, 0.04914783, -0.3129176, 0.62391555], [5.425755E-4, 0.9876357, 0.15676582, 0.05702418], [0.31675327, -0.14886338, 0.93675345, -8.572477]] 8228445456589942
[[0.9457488, 0.04342203, -0.32198408, 0.6199555], [0.0053420123, 0.9888167, 0.14904036, 0.06437443], [0.32485488, -0.14267479, 0.9349402, -8.579622]] 8228445489912288
[[0.94317025, 0.051541224, -0.32828853, 0.6222549], [-0.009190012, 0.9915665, 0.12927288, 0.06978763], [0.3321828, -0.11890936, 0.9356897, -8.62804]] 8228445523231442
[[0.9460795, 0.07089928, -0.3160805, 0.6245968], [-0.03188196, 0.9913966, 0.12695006, 0.075548224], [0.32236183, -0.11002758, 0.9402004, -8.674407]] 8228445556553904
[[0.9537844, 0.07458183, -0.29108906, 0.6258281], [-0.034821045, 0.98961514, 0.13946086, 0.07796679], [0.2984674, -0.122879565, 0.9464765, -8.719374]] 8228445589875096
[[0.9610329, 0.057920963, -0.27029768, 0.63288933], [-0.016785257, 0.98822516, 0.15208334, 0.07295379], [0.27592376, -0.14162007, 0.95068914, -8.801289]] 8228445623198404
[[0.9632345, 0.044210546, -0.26499948, 0.6351838], [5.368162E-4, 0.9860487, 0.16645627, 0.07201505], [0.26866153, -0.16047867, 0.94977236, -8.849072]] 8228445656523519
[[0.95950323, 0.04459408, -0.27814543, 0.63972396], [0.0030581076, 0.98568314, 0.1685805, 0.072487146], [0.28168094, -0.16260412, 0.94562984, -8.898539]] 8228445689844481
[[0.9556531, 0.04409264, -0.29117534, 0.6413576], [0.0035836678, 0.9869136, 0.16120996, 0.07442745], [0.29447308, -0.15510426, 0.942989, -8.93552]] 8228445723169019
[[0.9575841, 0.039365027, -0.28545249, 0.646091], [0.0056059286, 0.98789227, 0.15503997, 0.07110563], [0.28809947, -0.15006402, 0.94576925, -8.982091]] 8228445756492865
[[0.9627891, 0.039191976, -0.26739684, 0.65082675], [0.0016657487, 0.9885495, 0.15088797, 0.06601404], [0.27024862, -0.14571872, 0.9516994, -9.027328]] 8228445789818173
[[0.968873, 0.03648495, -0.24485485, 0.6536777], [-0.0012101661, 0.98976624, 0.142693, 0.062117964], [0.24755521, -0.13795508, 0.959002, -9.057922]] 8228445823141711
[[0.9730358, 0.027281173, -0.22903495, 0.6580602], [0.0035827802, 0.99107313, 0.1332714, 0.053356156], [0.23062618, -0.13049844, 0.9642519, -9.103833]] 8228445856461019
[[0.9758477, 0.021186594, -0.21742207, 0.66300565], [0.0065183295, 0.99201864, 0.1259228, 0.044124212], [0.21835461, -0.1242987, 0.967921, -9.151321]] 8228445889788596
[[0.980278, 0.022002943, -0.1963946, 0.6627083], [0.0026000906, 0.99226063, 0.12414529, 0.042934895], [0.19760619, -0.122207545, 0.9726341, -9.150924]] 8228445923108211
[[0.9848026, 0.013889104, -0.17312096, 0.66672635], [0.008015297, 0.99210054, 0.1251892, 0.035196573], [0.17349215, -0.124674276, 0.97691184, -9.198835]] 8228445956428134
[[0.98852926, -0.004945021, -0.15094863, 0.670476], [0.024899717, 0.9911232, 0.13059393, 0.027522903], [0.1489629, -0.13285449, 0.9798774, -9.248089]] 8228445989756403
[[0.9912333, -0.009966395, -0.131747, 0.66940105], [0.030277077, 0.9877505, 0.15307623, 0.031617526], [0.12860754, -0.15572315, 0.9793929, -9.257606]] 8228446023076173
[[0.9913168, -0.007784278, -0.13126455, 0.67349464], [0.02938725, 0.98611295, 0.1634554, 0.028665192], [0.12816928, -0.16589358, 0.9777791, -9.309907]] 8228446056398519
[[0.99006474, -0.02175159, -0.13891983, 0.67778265], [0.04470835, 0.9853897, 0.16434202, 0.024072394], [0.13331547, -0.1689201, 0.97657204, -9.362149]] 8228446089723865
[[0.989902, -0.030872736, -0.13835056, 0.67689633], [0.056007627, 0.9817658, 0.18165638, 0.025726743], [0.13021962, -0.1875707, 0.9735811, -9.379437]] 8228446123042980
[[0.99277437, -0.014579937, -0.119106896, 0.6816896], [0.03862938, 0.9785836, 0.20219293, 0.025399186], [0.113608085, -0.205333, 0.9720759, -9.429581]] 8228446156369249
[[0.9956889, 0.010996906, -0.09210144, 0.6857559], [0.009543823, 0.97553104, 0.21965459, 0.0277664], [0.092263326, -0.21958664, 0.9712205, -9.479026]] 8228446189692096
[[0.99669284, 0.022011474, -0.07822358, 0.6770065], [-0.0039617093, 0.97463274, 0.22377518, 0.047325216], [0.08116489, -0.22272521, 0.97149664, -9.445801]] 8228446223011326
[[0.99693567, 0.02135839, -0.075253755, 0.6799786], [-0.004232754, 0.9753234, 0.2207405, 0.04578696], [0.07811141, -0.21974555, 0.97242504, -9.494562]] 8228446256334826
[[0.99723166, 0.020737056, -0.071407475, 0.6830848], [-0.0048916144, 0.97654045, 0.2152786, 0.0426042], [0.074196525, -0.21433333, 0.97393847, -9.542635]] 8228446289655365
[[0.9979814, 0.022226978, -0.059490185, 0.6860447], [-0.009125728, 0.9772217, 0.21202448, 0.038423494], [0.06284776, -0.21105361, 0.97545195, -9.589812]] 8228446322979942
[[0.9986147, 0.019409325, -0.048907317, 0.6897021], [-0.008793177, 0.9779675, 0.20857191, 0.03289067], [0.051878005, -0.20785293, 0.9767834, -9.629738]] 8228446356300211
[[0.99896723, 0.017804436, -0.041803174, 0.6926712], [-0.0089845415, 0.97926635, 0.2023775, 0.027191658], [0.04453966, -0.2017929, 0.97841495, -9.676844]] 8228446389630211
[[0.99897224, 0.018806867, -0.041240934, 0.6954622], [-0.010431303, 0.98082626, 0.19460487, 0.02174079], [0.0441101, -0.19397467, 0.9800143, -9.72468]] 8228446422956980
[[0.9988295, 0.011400982, -0.047007516, 0.6943086], [-0.0024580788, 0.9825336, 0.18606909, 0.019645058], [0.048307836, -0.18573575, 0.9814115, -9.770084]] 8228446456278942
[[0.9985805, -0.0046837446, -0.053057015, 0.6958507], [0.013826648, 0.9847726, 0.17329656, 0.014249865], [0.051437423, -0.17378415, 0.9834395, -9.817503]] 8228446489601980
[[0.9981021, -0.016481565, -0.059334252, 0.6956603], [0.026119208, 0.98586017, 0.1655219, 0.013744071], [0.05576722, -0.16675754, 0.9844196, -9.866892]] 8228446522955980
[[0.9980446, -0.016448282, -0.060302865, 0.69735503], [0.025451329, 0.98809594, 0.15171885, 0.014785521], [0.057089504, -0.15295696, 0.98658246, -9.913192]] 8228446556281865
[[0.99837255, -0.011887504, -0.05577543, 0.6997058], [0.01966677, 0.9898037, 0.14107409, 0.01736939], [0.053529706, -0.14194143, 0.9884266, -9.958603]] 8228446589563672
[[0.9986306, -0.012515824, -0.050796717, 0.6985119], [0.020021748, 0.98847353, 0.15006419, 0.02485063], [0.048333034, -0.15087573, 0.9873705, -10.003025]] 8228446622885326
[[0.9983019, -0.02356875, -0.053270362, 0.70170593], [0.031500217, 0.9876711, 0.15334149, 0.025612727], [0.048999526, -0.15475912, 0.98673636, -10.048879]] 8228446656212672
[[0.9974757, -0.034516074, -0.06205525, 0.7058739], [0.04393419, 0.9865467, 0.15746553, 0.026384976], [0.05578531, -0.1597944, 0.9855728, -10.095692]] 8228446689529980
[[0.9966286, -0.033630278, -0.07483594, 0.70337707], [0.045320127, 0.98600215, 0.16045505, 0.040077694], [0.06839225, -0.16330567, 0.9842021, -10.126063]] 8228446722851864
[[0.9956321, -0.029650137, -0.08852979, 0.70913124], [0.043284692, 0.9867592, 0.15630995, 0.04178781], [0.08272297, -0.15945919, 0.9837325, -10.172783]] 8228446756181095
[[0.9949321, -0.026976224, -0.09686253, 0.71535134], [0.040887926, 0.988638, 0.14464822, 0.041902408], [0.091859914, -0.14787567, 0.9847307, -10.218448]] 8228446789498018
[[0.99518824, -0.020182652, -0.09588028, 0.71708786], [0.033528306, 0.98962724, 0.13969164, 0.04561369], [0.092066385, -0.14223419, 0.9855421, -10.242895]] 8228446822821903
[[0.9953547, -0.018940382, -0.09439403, 0.72329354], [0.0315141, 0.9905406, 0.13355178, 0.04210954], [0.090971604, -0.13590613, 0.9865362, -10.287617]] 8228446856147787
[[0.9952284, -0.022734974, -0.094887145, 0.7294613], [0.03434085, 0.9918701, 0.12253347, 0.03697234], [0.091329925, -0.12520729, 0.987918, -10.33272]] 8228446889473710
[[0.9954455, -0.02362905, -0.092357405, 0.73528254], [0.0340231, 0.9930531, 0.11264109, 0.029986128], [0.089054205, -0.115270354, 0.98933417, -10.370521]] 8228446922792134
[[0.9959029, -0.024815146, -0.08695734, 0.7410999], [0.03436333, 0.9933276, 0.11008812, 0.023794938], [0.08364528, -0.11262522, 0.99011064, -10.416741]] 8228446956113941
[[0.99664676, -0.023885785, -0.07826064, 0.7464569], [0.03275617, 0.9929293, 0.11409864, 0.017717779], [0.074981935, -0.11627956, 0.99038213, -10.463787]] 8228446989464480
[[0.99727345, -0.028448682, -0.06809031, 0.7471114], [0.03622937, 0.99259853, 0.11591176, 0.01627367], [0.0642888, -0.11806259, 0.99092287, -10.49823]] 8228447022759210
[[0.99729633, -0.044802044, -0.058247805, 0.7497102], [0.05185351, 0.99069864, 0.12580724, 0.010792501], [0.052069597, -0.12848745, 0.9903432, -10.546234]] 8228447056086056
[[0.9968532, -0.055075392, -0.05701229, 0.7520493], [0.06219162, 0.9893387, 0.13168563, 0.0072767176], [0.04915183, -0.13481693, 0.98965067, -10.594929]] 8228447089416556
[[0.9963011, -0.06255156, -0.058918774, 0.75441784], [0.06959471, 0.9895526, 0.12626255, 0.0050837025], [0.05040531, -0.12989596, 0.9902456, -10.643362]] 8228447122729056
[[0.9967325, -0.0650699, -0.047857106, 0.7509919], [0.07109928, 0.98794305, 0.1375261, 0.012866329], [0.038331285, -0.14047933, 0.9893413, -10.669778]] 8228447156052864
[[0.998284, -0.04975919, -0.030871987, 0.7442756], [0.05388428, 0.9869675, 0.15162973, 0.027037784], [0.022924677, -0.15303306, 0.98795515, -10.68506]] 8228447189376441
