[[0.88780344, -0.07882717, 0.45342183, -2.708388], [0.029910743, 0.99302226, 0.11407098, 0.27890167], [-0.45924985, -0.087710425, 0.8839663, -18.967587]] 8228335674591905
[[0.896258, -0.07260289, 0.43755051, -2.7147324], [0.031515956, 0.9944426, 0.100452356, 0.27740964], [-0.442412, -0.0762414, 0.89356524, -18.982307]] 8228335707909098
[[0.91223353, -0.06407756, 0.40462834, -2.7202275], [0.027285255, 0.9950019, 0.09605549, 0.27678868], [-0.40876096, -0.07658465, 0.9094225, -18.998585]] 8228335741227713
[[0.93286103, -0.040042304, 0.35800403, -2.7858207], [0.008311942, 0.99593097, 0.08973499, 0.27630243], [-0.3601405, -0.080734566, 0.92939806, -19.146294]] 8228335807877328
[[0.9347905, -0.042993717, 0.35258803, -2.791302], [0.013420414, 0.9962138, 0.0858953, 0.27906224], [-0.354946, -0.075562224, 0.93182814, -19.168205]] 8228335841201059
[[0.9335275, -0.0656725, 0.35243934, -2.8037558], [0.027436169, 0.9932827, 0.112413496, 0.27215114], [-0.35745436, -0.0952715, 0.9290585, -19.201336]] 8228335874524059
[[0.9361658, -0.06601256, 0.34530556, -2.8073099], [0.023628196, 0.9918064, 0.12554613, 0.27555668], [-0.35076386, -0.10937304, 0.93005496, -19.224806]] 8228335907847944
[[0.94125026, -0.046084948, 0.33455056, -2.8123283], [0.0069484804, 0.99307823, 0.11724893, 0.27994752], [-0.33763832, -0.108035974, 0.9350554, -19.270763]] 8228335974489559
[[0.9449538, -0.053336844, 0.3228274, -2.8352935], [0.014364762, 0.9924359, 0.121920764, 0.2724096], [-0.32688838, -0.110572144, 0.9385722, -19.31713]] 8228336007817097
[[0.9514827, -0.054829244, 0.30277774, -2.8401864], [0.019356575, 0.9927128, 0.118939534, 0.26917404], [-0.3070927, -0.107308164, 0.9456104, -19.34041]] 8228336041139521
[[0.96885186, -0.046359055, 0.24326295, -2.8811274], [0.01803696, 0.9929225, 0.11738659, 0.24364395], [-0.24698317, -0.10934249, 0.962831, -19.450554]] 8228336141105367
[[0.971431, -0.04351685, 0.23329808, -2.9067032], [0.015156455, 0.9924139, 0.12200387, 0.22729267], [-0.23683749, -0.11498237, 0.9647212, -19.509954]] 8228336174433482
[[0.9694792, -0.032349154, 0.24303003, -2.927874], [0.0069804583, 0.9944973, 0.104529195, 0.21409029], [-0.24507414, -0.09964242, 0.96437025, -19.606144]] 8228336274394905
[[0.97511613, -0.0550046, 0.21476267, -2.953135], [0.032310467, 0.99364877, 0.10778778, 0.22052047], [-0.2193275, -0.09816652, 0.97070014, -19.671673]] 8228336341042866
[[0.9753899, -0.04888327, 0.21499993, -2.9766579], [0.021249507, 0.9914156, 0.12900971, 0.22890955], [-0.21946071, -0.12126612, 0.96805555, -19.720068]] 8228336407687674
[[0.9719226, -0.048386548, 0.23027214, -2.9895658], [0.017503899, 0.9907845, 0.13431154, 0.22979827], [-0.23464894, -0.12650977, 0.9638128, -19.75064]] 8228336441016097
[[0.96452975, -0.061952088, 0.25660154, -3.0184462], [0.02380355, 0.98852235, 0.14918768, 0.24094748], [-0.26289883, -0.13778794, 0.9549339, -19.800535]] 8228336507655251
[[0.9645292, -0.0744848, 0.25324962, -3.0461967], [0.04168155, 0.9903041, 0.13251562, 0.23820251], [-0.26066455, -0.11725936, 0.95828193, -19.84851]] 8228336574302828
[[0.9691032, -0.07122274, 0.23614888, -3.0599968], [0.04014435, 0.9901819, 0.13389622, 0.23152252], [-0.2433668, -0.12027921, 0.96244764, -19.878366]] 8228336607625789
[[0.9726861, -0.06470589, 0.22292352, -3.0735886], [0.036896266, 0.9912507, 0.12673077, 0.22483045], [-0.22917333, -0.115044214, 0.96656317, -19.909224]] 8228336640944135
[[0.97311056, -0.05913318, 0.2226188, -3.0875587], [0.033491775, 0.9925382, 0.117244095, 0.2222538], [-0.22789069, -0.10663557, 0.9678299, -19.952261]] 8228336674271866
[[0.97656435, -0.038104866, 0.21182552, -3.1269891], [0.016225133, 0.994436, 0.104085505, 0.20805758], [-0.21461308, -0.09820929, 0.971749, -20.051477]] 8228336774236558
[[0.9820251, -0.029926004, 0.1863631, -3.1439166], [0.008358145, 0.9932773, 0.11545694, 0.21381271], [-0.1885654, -0.11182396, 0.9756734, -20.093094]] 8228336807559828
[[0.9848889, -0.019163664, 0.17212376, -3.1564074], [-0.0027635507, 0.99199355, 0.12625812, 0.21358132], [-0.17316523, -0.12482589, 0.9769505, -20.129095]] 8228336840887520
[[0.98563963, -0.026668701, 0.16674335, -3.1803308], [0.0059153736, 0.99229705, 0.12374013, 0.22115469], [-0.16875891, -0.12097683, 0.978205, -20.202055]] 8228336907526866
[[0.98524326, -0.044209156, 0.16535178, -3.1912048], [0.020164337, 0.98931974, 0.14436015, 0.22266144], [-0.16996783, -0.13889566, 0.9756121, -20.239624]] 8228336940854866
[[0.98376626, -0.04950668, 0.17249072, -3.197516], [0.023934796, 0.98880374, 0.14728992, 0.23232917], [-0.17785129, -0.14077033, 0.9739367, -20.26671]] 8228336974175328
[[0.9819479, -0.066995636, 0.17688963, -3.2134333], [0.039949484, 0.9875337, 0.15225388, 0.2322129], [-0.18488482, -0.14243872, 0.9723831, -20.340134]] 8228337040824981
[[0.97912896, -0.06880525, 0.19123894, -3.226782], [0.0435727, 0.9901377, 0.13314955, 0.22896911], [-0.19851425, -0.12203778, 0.9724705, -20.401638]] 8228337107475981
[[0.97705674, -0.06822816, 0.20175496, -3.2326667], [0.0424649, 0.99068606, 0.12937512, 0.22361654], [-0.20870283, -0.11783932, 0.97085375, -20.43723]] 8228337140790712
[[0.9748757, -0.06697838, 0.21244137, -3.2380164], [0.041280095, 0.9915258, 0.123176716, 0.21786924], [-0.21889128, -0.11131238, 0.96937925, -20.473553]] 8228337174111789
[[0.97186875, -0.0704426, 0.22474203, -3.2306337], [0.044623945, 0.9920147, 0.11796403, 0.21864662], [-0.23125708, -0.10461667, 0.96725154, -20.484554]] 8228337207435135
[[0.96869165, -0.072311714, 0.23750256, -3.2335458], [0.043928497, 0.991471, 0.122701004, 0.21336937], [-0.24434961, -0.10842632, 0.96360624, -20.521341]] 8228337240757750
[[0.96569747, -0.063787386, 0.25171337, -3.2346957], [0.034368612, 0.9922285, 0.11958832, 0.20978427], [-0.2573854, -0.106835105, 0.96038485, -20.558825]] 8228337274079097
[[0.96385086, -0.048005037, 0.26208216, -3.2352266], [0.019019442, 0.99352235, 0.11203421, 0.20880811], [-0.2657627, -0.102999605, 0.95852035, -20.591236]] 8228337307406097
[[0.96441007, -0.039882846, 0.26138595, -3.2359648], [0.009610545, 0.99319285, 0.116084464, 0.20898107], [-0.26423642, -0.10944096, 0.95822847, -20.629673]] 8228337340723520
[[0.96531177, -0.039936982, 0.25802767, -3.2371497], [0.007586723, 0.9921059, 0.12517323, 0.21155185], [-0.26098984, -0.1188736, 0.95799446, -20.668642]] 8228337374046173
[[0.96227664, -0.04431387, 0.26843983, -3.2409542], [0.009360079, 0.99145466, 0.1301156, 0.21378797], [-0.27191186, -0.12269458, 0.9544684, -20.708002]] 8228337407371058
[[0.95515966, -0.056764163, 0.29059905, -3.2438288], [0.01592998, 0.9898816, 0.14099883, 0.2186169], [-0.29566234, -0.13004716, 0.9463992, -20.743452]] 8228337440696058
[[0.95113313, -0.064256884, 0.30202112, -3.255919], [0.021759113, 0.98962396, 0.14202428, 0.21693571], [-0.3080134, -0.1285123, 0.94266236, -20.800629]] 8228337474020366
[[0.95063853, -0.06395021, 0.30363923, -3.25879], [0.021932073, 0.989933, 0.13982698, 0.22199091], [-0.30952448, -0.1262655, 0.942471, -20.83462]] 8228337507337558
[[0.9516032, -0.06459466, 0.30046448, -3.262002], [0.02173817, 0.9893609, 0.14384836, 0.22635299], [-0.30655965, -0.130355, 0.9428832, -20.868334]] 8228337540673135
[[0.9511103, -0.065691195, 0.30178452, -3.265733], [0.026118316, 0.9907259, 0.13334204, 0.22943315], [-0.3077451, -0.118940875, 0.9440053, -20.901447]] 8228337573986827
[[0.94768363, -0.070512295, 0.31132567, -3.2698195], [0.032489005, 0.9915391, 0.1256767, 0.23267058], [-0.31755334, -0.10898709, 0.9419563, -20.9357]] 8228337607306635
[[0.9456813, -0.0719336, 0.31703708, -3.2735174], [0.03506563, 0.99209344, 0.12050307, 0.23126957], [-0.32319865, -0.10284038, 0.9407266, -20.968916]] 8228337640631750
[[0.9444908, -0.07124291, 0.32072043, -3.2721016], [0.03548596, 0.9926162, 0.115991056, 0.22786346], [-0.3266158, -0.09817141, 0.94004494, -21.00909]] 8228337673953404
[[0.9427277, -0.07051423, 0.3260249, -3.2747762], [0.03721484, 0.99353254, 0.10727622, 0.22368613], [-0.3314808, -0.08899931, 0.9392548, -21.04354]] 8228337707275250
[[0.94096094, -0.068380386, 0.3315367, -3.277309], [0.038112804, 0.99455833, 0.09695944, 0.21916236], [-0.33636272, -0.07859926, 0.93844676, -21.07862]] 8228337740597327
[[0.9413489, -0.06818447, 0.33047405, -3.2745235], [0.041105766, 0.9952495, 0.0882541, 0.21653779], [-0.3349217, -0.06949351, 0.9396798, -21.103235]] 8228337773918673
[[0.94532627, -0.06125795, 0.32032126, -3.2757373], [0.038850524, 0.9963592, 0.07588788, 0.21251808], [-0.32380378, -0.059294157, 0.9442644, -21.13952]] 8228337807253981
[[0.95081717, -0.05060781, 0.30559048, -3.27677], [0.033991482, 0.997652, 0.059456367, 0.20977412], [-0.30788192, -0.04614466, 0.9503049, -21.176382]] 8228337840571288
[[0.9579884, -0.04866899, 0.2826475, -3.2791998], [0.035620745, 0.9980568, 0.051124323, 0.20502849], [-0.28458643, -0.038908396, 0.95786047, -21.228647]] 8228337873887788
[[0.95945746, -0.044280697, 0.27835348, -3.280431], [0.031690326, 0.9982677, 0.04957176, 0.20580164], [-0.28006634, -0.03874088, 0.9591986, -21.26702]] 8228337907210365
[[0.9573156, -0.048127264, 0.2850098, -3.2820313], [0.035095915, 0.9980992, 0.050657615, 0.20795113], [-0.28690606, -0.03849265, 0.95718503, -21.305048]] 8228337940536058
[[0.95605385, -0.06287717, 0.2863695, -3.2833486], [0.046420857, 0.9968759, 0.06390309, 0.21073756], [-0.2894929, -0.04780128, 0.95598584, -21.34403]] 8228337973857365
[[0.9553894, -0.064989224, 0.28811032, -3.2800045], [0.043039855, 0.99571234, 0.08188098, 0.21283498], [-0.2921964, -0.06582799, 0.9540901, -21.375093]] 8228338007182365
[[0.9528533, -0.057216812, 0.29798785, -3.2788925], [0.03447902, 0.99611646, 0.0810139, 0.21690245], [-0.30146596, -0.06692004, 0.9511256, -21.41274]] 8228338040503327
[[0.9492402, -0.05885869, 0.3089962, -3.2787116], [0.037062023, 0.9964228, 0.07594714, 0.2205361], [-0.312361, -0.06064006, 0.94802606, -21.449337]] 8228338073827750
[[0.94825184, -0.06395767, 0.31101096, -3.2768414], [0.04244572, 0.99624515, 0.075458065, 0.2225039], [-0.3146693, -0.05835217, 0.94740605, -21.48659]] 8228338107150557
[[0.95130944, -0.06896585, 0.3004231, -3.277461], [0.04941781, 0.99616534, 0.0721974, 0.22235408], [-0.30425024, -0.053835817, 0.95106965, -21.52247]] 8228338140476057
[[0.9539624, -0.07181786, 0.29120094, -3.2780821], [0.054608535, 0.9962701, 0.06681125, 0.22043535], [-0.29491305, -0.04783336, 0.9543261, -21.558372]] 8228338173793788
[[0.95434386, -0.06862641, 0.29072013, -3.2768846], [0.053744223, 0.9968173, 0.058879748, 0.21889853], [-0.29383555, -0.040566996, 0.95499474, -21.592297]] 8228338207118096
[[0.95403326, -0.06753846, 0.2919917, -3.2764087], [0.05267811, 0.9968984, 0.058468502, 0.2147809], [-0.29503495, -0.040399324, 0.954632, -21.628767]] 8228338240440711
[[0.94912934, -0.067400366, 0.30758843, -3.2756305], [0.050353825, 0.99674034, 0.06303348, 0.21034141], [-0.31083426, -0.044338673, 0.9494294, -21.665264]] 8228338273768904
[[0.9426841, -0.07158749, 0.325917, -3.2706969], [0.05571729, 0.9967731, 0.057783674, 0.20984414], [-0.3290019, -0.03631254, 0.9436308, -21.692846]] 8228338307085865
[[0.93865347, -0.07344286, 0.33695084, -3.268631], [0.05635023, 0.99659187, 0.06024387, 0.20623627], [-0.34022695, -0.03756086, 0.9395929, -21.729284]] 8228338340413173
[[0.93261254, -0.06862323, 0.3542947, -3.265825], [0.048764706, 0.9967132, 0.06468938, 0.204377], [-0.35756943, -0.043053046, 0.93289363, -21.765211]] 8228338373732711
[[0.92891854, -0.07280001, 0.3630571, -3.259764], [0.05405977, 0.99664026, 0.06152833, 0.20545782], [-0.3663166, -0.03752802, 0.92973316, -21.792542]] 8228338407053519
[[0.9280902, -0.07682638, 0.3643436, -3.256818], [0.062152773, 0.99671894, 0.05184921, 0.20709606], [-0.36713156, -0.025475778, 0.92982006, -21.826365]] 8228338440377634
[[0.9294252, -0.07952139, 0.36034042, -3.254333], [0.06808497, 0.9966936, 0.044342995, 0.20941934], [-0.3626752, -0.016679727, 0.93176633, -21.859745]] 8228338473699480
[[0.93300873, -0.08583743, 0.34946615, -3.250415], [0.07472279, 0.9961799, 0.04519038, 0.21375285], [-0.3520102, -0.016049929, 0.93585855, -21.890997]] 8228338507022211
[[0.9368528, -0.08191219, 0.33999592, -3.2490222], [0.070494875, 0.9964592, 0.045820657, 0.21640483], [-0.34254533, -0.018959235, 0.93930995, -21.924341]] 8228338540352826
[[0.9361475, -0.0780928, 0.34282553, -3.2441041], [0.06567977, 0.9967005, 0.04768949, 0.21493603], [-0.34541857, -0.022127695, 0.93818784, -21.96329]] 8228338573669557
[[0.9298672, -0.0820248, 0.3586348, -3.244799], [0.06830451, 0.99637115, 0.050784297, 0.21676525], [-0.36149892, -0.022726275, 0.9320955, -21.996271]] 8228338606992557
[[0.92388016, -0.08515554, 0.37308714, -3.2460816], [0.06982147, 0.9960724, 0.054449506, 0.21679881], [-0.37625846, -0.02425532, 0.9261972, -22.029835]] 8228338640318634
[[0.9198778, -0.08761726, 0.38229305, -3.2490723], [0.064311296, 0.9952306, 0.073349066, 0.20983693], [-0.38689637, -0.042886414, 0.92112535, -22.09951]] 8228338706957788
[[0.9203516, -0.08553792, 0.38162318, -3.2496512], [0.059766445, 0.995089, 0.078904286, 0.2060129], [-0.3864983, -0.049811427, 0.92094404, -22.127121]] 8228338740287172
[[0.9205722, -0.077712, 0.3827631, -3.2493558], [0.05300881, 0.9957972, 0.07468577, 0.1989737], [-0.38695842, -0.048463825, 0.9208227, -22.141706]] 8228338773609057
[[0.919906, -0.075282976, 0.3848446, -3.2505617], [0.052878052, 0.9962495, 0.06848944, 0.19361803], [-0.3885573, -0.04265402, 0.92043674, -22.176739]] 8228338806947019
[[0.92210615, -0.07621136, 0.3793575, -3.2519977], [0.053345997, 0.99608845, 0.07044169, 0.1888285], [-0.38324204, -0.044717517, 0.92256486, -22.212658]] 8228338840249788
[[0.9261781, -0.071369514, 0.3702709, -3.2533896], [0.050249446, 0.99652773, 0.06638859, 0.18536888], [-0.37372333, -0.04288175, 0.9265484, -22.249084]] 8228338873576749
[[0.9329138, -0.06812405, 0.35359728, -3.2563179], [0.050024644, 0.9969388, 0.060087644, 0.18214726], [-0.35660827, -0.03836801, 0.93346584, -22.284985]] 8228338906899557
[[0.9387718, -0.061802775, 0.33895126, -3.2579162], [0.041180544, 0.996855, 0.06770672, 0.18264258], [-0.34206972, -0.049602963, 0.93836445, -22.323544]] 8228338940219788
[[0.9361902, -0.04957915, 0.3479796, -3.2592921], [0.028955357, 0.99751544, 0.06422285, 0.1853142], [-0.35029912, -0.050048925, 0.93529975, -22.36144]] 8228338973546903
[[0.93014973, -0.05471338, 0.36308113, -3.2575164], [0.031977315, 0.99714935, 0.06834209, 0.18709587], [-0.36578533, -0.051958013, 0.9292478, -22.415895]] 8228339006865057
[[0.92713225, -0.061587222, 0.36963868, -3.2586336], [0.034604304, 0.99625826, 0.07919628, 0.19062367], [-0.37313306, -0.060634337, 0.92579436, -22.453876]] 8228339040188326
[[0.9271448, -0.06511412, 0.3690022, -3.2587695], [0.036848936, 0.9958561, 0.083143115, 0.19428687], [-0.37288687, -0.06348838, 0.9257022, -22.491827]] 8228339073513249
[[0.929246, -0.06945247, 0.36287484, -3.2566745], [0.039836064, 0.99528104, 0.08848016, 0.19923168], [-0.36730763, -0.06776433, 0.9276277, -22.537182]] 8228339106838711
[[0.9319023, -0.06654073, 0.35655355, -3.2550118], [0.03718911, 0.99537635, 0.08856019, 0.20144114], [-0.36079782, -0.06926953, 0.9300681, -22.574608]] 8228339140156249
[[0.93366516, -0.061684243, 0.3527952, -3.2532766], [0.03600338, 0.9962319, 0.078903295, 0.20227301], [-0.35633293, -0.060967434, 0.93236786, -22.611347]] 8228339173483326
[[0.93420225, -0.058782957, 0.3518674, -3.2503786], [0.03547047, 0.99674886, 0.0723433, 0.1991361], [-0.35497597, -0.05510237, 0.9332501, -22.668167]] 8228339206807711
[[0.9359154, -0.054888073, 0.34792182, -3.2465267], [0.035888646, 0.99750304, 0.06082482, 0.19423395], [-0.35039166, -0.04444044, 0.93554837, -22.742094]] 8228339273455941
[[0.93489647, -0.0526565, 0.3509927, -3.2427227], [0.035259932, 0.99782044, 0.055777073, 0.18915668], [-0.3531647, -0.039769806, 0.9347155, -22.779858]] 8228339306775864
[[0.93179065, -0.05430399, 0.35891122, -3.2402444], [0.035650514, 0.9976569, 0.05839309, 0.1855348], [-0.36124122, -0.041614763, 0.93154335, -22.817549]] 8228339340095018
[[0.92675084, -0.055464827, 0.3715595, -3.237328], [0.038096376, 0.99781775, 0.053929277, 0.181995], [-0.37373984, -0.035823934, 0.9268415, -22.85491]] 8228339373415134
[[0.9232605, -0.049840014, 0.38092783, -3.230673], [0.033509497, 0.9982174, 0.049387764, 0.17630383], [-0.38271025, -0.032833073, 0.9232848, -22.884867]] 8228339406742787
[[0.9182252, -0.043406077, 0.3936729, -3.2263293], [0.023758186, 0.99822295, 0.05464836, 0.17513011], [-0.39534542, -0.040826548, 0.9176248, -22.921864]] 8228339440064403
[[0.9129539, -0.04492645, 0.40558204, -3.222378], [0.027927756, 0.9984695, 0.047736168, 0.17630213], [-0.4071059, -0.03225392, 0.9128113, -22.956957]] 8228339473388749
[[0.9158336, -0.05694647, 0.39749965, -3.220187], [0.047883905, 0.9983176, 0.032696832, 0.18046987], [-0.39869288, -0.010911021, 0.9170196, -22.984476]] 8228339506723403
[[0.925822, -0.069292985, 0.37155357, -3.2169373], [0.05883365, 0.99748886, 0.039427668, 0.18251774], [-0.37335262, -0.014643149, 0.9275739, -23.01927]] 8228339540039633
[[0.9358398, -0.07333163, 0.3447121, -3.2135572], [0.062372036, 0.99713516, 0.042793155, 0.19038926], [-0.34686264, -0.01854714, 0.9377325, -23.048103]] 8228339573356326
[[0.9425598, -0.071002245, 0.32640418, -3.2098622], [0.05819444, 0.9971093, 0.048851274, 0.19193773], [-0.32892922, -0.027050339, 0.9439671, -23.083511]] 8228339606681710
[[0.9443704, -0.062359437, 0.32291773, -3.2068975], [0.044449925, 0.99705154, 0.0625496, 0.19345984], [-0.3258662, -0.044716313, 0.9443578, -23.119684]] 8228339640002326
[[0.9393735, -0.06266598, 0.33712086, -3.2055874], [0.041869186, 0.99676406, 0.0686175, 0.19493324], [-0.34032992, -0.050342485, 0.9389575, -23.155613]] 8228339673323595
[[0.9316312, -0.07000824, 0.35659796, -3.2046263], [0.046674915, 0.99619246, 0.0736344, 0.1971891], [-0.3603952, -0.051955935, 0.93135166, -23.178448]] 8228339706647826
[[0.92391783, -0.077226095, 0.37471578, -3.2051406], [0.049395166, 0.9952969, 0.08333198, 0.19538856], [-0.37938884, -0.058482748, 0.92338717, -23.21388]] 8228339739971518
[[0.92007697, -0.082298204, 0.38299534, -3.20579], [0.054528505, 0.99507105, 0.08282645, 0.19194014], [-0.38792405, -0.055322547, 0.9200295, -23.249523]] 8228339773292326
[[0.9204677, -0.08406134, 0.38167125, -3.2015183], [0.057697464, 0.9951217, 0.08002333, 0.1870007], [-0.38653624, -0.051637426, 0.9208275, -23.272081]] 8228339806612518
[[0.9221515, -0.08168044, 0.378107, -3.201132], [0.055306517, 0.9952502, 0.08011352, 0.18165787], [-0.38285482, -0.052965023, 0.92228895, -23.30838]] 8228339839936133
[[0.9235845, -0.0789664, 0.3751745, -3.2004483], [0.055948265, 0.99584335, 0.07187378, 0.1767267], [-0.3792906, -0.045391142, 0.9241635, -23.344837]] 8228339873261249
[[0.92718726, -0.079404175, 0.36608565, -3.1967776], [0.05826773, 0.9959517, 0.068447426, 0.17507914], [-0.37003863, -0.042132597, 0.9280605, -23.384777]] 8228339906589402
[[0.93185973, -0.06819632, 0.356352, -3.1950042], [0.047640916, 0.9966714, 0.06615556, 0.17156768], [-0.3596774, -0.04467076, 0.93200684, -23.422676]] 8228339939909825
[[0.93755186, -0.052848376, 0.34380752, -3.1932678], [0.036007456, 0.9978264, 0.05518975, 0.1693894], [-0.3459769, -0.039363623, 0.9374169, -23.46089]] 8228339973232018
[[0.9443172, -0.049128793, 0.3253481, -3.1901493], [0.03135392, 0.99772644, 0.059656247, 0.16582525], [-0.32753924, -0.04613348, 0.9437106, -23.49907]] 8228340006550595
[[0.9453613, -0.03944563, 0.3236295, -3.188941], [0.019920643, 0.9977878, 0.06342488, 0.16701189], [-0.32541537, -0.053512514, 0.94405574, -23.538317]] 8228340039877325
[[0.9412683, -0.04115139, 0.33514252, -3.188628], [0.023622772, 0.99813926, 0.05621326, 0.16953704], [-0.3368322, -0.044994764, 0.940489, -23.576403]] 8228340073197671
[[0.9400691, -0.058423035, 0.3359417, -3.1888561], [0.039249457, 0.997204, 0.06358986, 0.16953827], [-0.33871755, -0.046593335, 0.93973374, -23.607595]] 8228340106520941
[[0.9432519, -0.06559514, 0.32553512, -3.1874652], [0.041388396, 0.99587524, 0.08074366, 0.1713506], [-0.32948875, -0.06268824, 0.9420761, -23.646984]] 8228340139846018
[[0.9442175, -0.065459915, 0.32275116, -3.1850758], [0.039877776, 0.9955608, 0.08525464, 0.17310731], [-0.32689917, -0.067628324, 0.9426364, -23.68573]] 8228340173164902
[[0.94463307, -0.06607526, 0.3214069, -3.183716], [0.041461926, 0.9957001, 0.082838416, 0.17417045], [-0.32549846, -0.06492576, 0.94331086, -23.7268]] 8228340206489056
[[0.9452102, -0.06635511, 0.31964758, -3.1820197], [0.03986591, 0.99525857, 0.08871902, 0.17388482], [-0.32401899, -0.071115084, 0.9433739, -23.764652]] 8228340239818210
[[0.9438287, -0.06785948, 0.32339206, -3.1810272], [0.041156996, 0.9952066, 0.08871287, 0.17205162], [-0.32786193, -0.07041991, 0.9420974, -23.801968]] 8228340273132633
[[0.9413327, -0.07062913, 0.3300064, -3.1786242], [0.042680882, 0.99491847, 0.09119008, 0.17119586], [-0.3347701, -0.07175524, 0.9395638, -23.826231]] 8228340306460402
[[0.93788147, -0.07151994, 0.33950445, -3.1775694], [0.042193737, 0.99477184, 0.092998184, 0.16678052], [-0.3443807, -0.07289631, 0.93599576, -23.862967]] 8228340339779479
[[0.93448424, -0.07172942, 0.3487034, -3.1694558], [0.044449814, 0.9953355, 0.085623465, 0.16561954], [-0.35321864, -0.064513974, 0.9333137, -23.90206]] 8228340373101017
[[0.9351451, -0.06954016, 0.34737286, -3.163103], [0.041101247, 0.99522024, 0.08858535, 0.1550301], [-0.3518727, -0.06856269, 0.9335335, -23.977037]] 8228340439747402
[[0.9363313, -0.072224, 0.3436095, -3.1593437], [0.045468196, 0.9953167, 0.08530747, 0.15000255], [-0.34816152, -0.06425274, 0.93523, -24.015135]] 8228340473070594
[[0.9368507, -0.06606847, 0.34343222, -3.1429546], [0.034849294, 0.9947421, 0.09629994, 0.14512847], [-0.34798887, -0.0782503, 0.9342273, -24.083677]] 8228340539715056
[[0.93466175, -0.06718329, 0.34913304, -3.1378717], [0.036264822, 0.9948775, 0.094358884, 0.14471087], [-0.35368398, -0.075532384, 0.93231034, -24.123182]] 8228340573041786
[[0.93240994, -0.070362024, 0.35448685, -3.1350796], [0.035825387, 0.99402845, 0.103072666, 0.14506164], [-0.35962245, -0.08340635, 0.9293627, -24.159473]] 8228340606361902
[[0.9315551, -0.07743381, 0.35525924, -3.1319783], [0.03886797, 0.9926687, 0.11444731, 0.14608991], [-0.36151683, -0.09280576, 0.9277352, -24.197783]] 8228340639682094
[[0.933171, -0.08484491, 0.34927532, -3.129082], [0.046241485, 0.99200404, 0.117429666, 0.14819439], [-0.35644582, -0.093430944, 0.9296327, -24.235683]] 8228340673008671
[[0.93799686, -0.08405793, 0.3362977, -3.1230886], [0.043556694, 0.99104494, 0.12622488, 0.1537388], [-0.34389633, -0.10375053, 0.93325835, -24.258242]] 8228340706332786
[[0.9406293, -0.082122594, 0.32935145, -3.1204143], [0.040357824, 0.9904668, 0.13170716, 0.15716669], [-0.33702782, -0.110595696, 0.93497634, -24.295649]] 8228340739653017
[[0.9381208, -0.08283144, 0.33625636, -3.1149547], [0.04212752, 0.9910588, 0.12660024, 0.1619159], [-0.34373632, -0.10460066, 0.9332224, -24.318247]] 8228340772981094
[[0.9329956, -0.08403523, 0.34993902, -3.1136646], [0.040888328, 0.9908116, 0.12892093, 0.16308816], [-0.3575575, -0.105974235, 0.9278589, -24.354803]] 8228340806301286
[[0.92799187, -0.08318323, 0.3631965, -3.1128316], [0.03794656, 0.99079204, 0.12996598, 0.16241634], [-0.37066317, -0.10682531, 0.9226035, -24.391592]] 8228340839628748
[[0.92548746, -0.082999796, 0.36957276, -3.1124115], [0.039967455, 0.9916485, 0.12262066, 0.16024119], [-0.37666374, -0.098712996, 0.9210756, -24.428747]] 8228340872951517
[[0.92597234, -0.08307251, 0.36833978, -3.106754], [0.04019954, 0.99164295, 0.122589566, 0.16101575], [-0.37544537, -0.09870746, 0.92157346, -24.438284]] 8228340906269132
[[0.9252177, -0.07836026, 0.37125722, -3.1055672], [0.036198676, 0.9922088, 0.11921138, 0.15750861], [-0.37770614, -0.096857466, 0.9208456, -24.475998]] 8228340939591248
[[0.92471665, -0.07702132, 0.37278253, -3.1045778], [0.03983663, 0.9935192, 0.10645499, 0.15430364], [-0.3785659, -0.08359031, 0.92179203, -24.513605]] 8228340972918517
[[0.9279034, -0.0762243, 0.36494532, -3.106343], [0.04162706, 0.9939378, 0.10175856, 0.1535105], [-0.37048945, -0.07923051, 0.9254513, -24.52234]] 8228341006238902
[[0.9332537, -0.06577443, 0.3531448, -3.104387], [0.03323076, 0.994686, 0.09744493, 0.1513528], [-0.35767755, -0.079205565, 0.9304801, -24.560383]] 8228341039562325
[[0.94133556, -0.05928284, 0.33222425, -3.1024911], [0.028555574, 0.99491125, 0.09662385, 0.15045834], [-0.3362618, -0.08146861, 0.93823814, -24.59935]] 8228341072885748
[[0.9460765, -0.04611837, 0.32064357, -3.1030917], [0.014139885, 0.99474984, 0.101354994, 0.15215158], [-0.32363448, -0.09135572, 0.94176155, -24.616156]] 8228341106210248
[[0.9435643, -0.03854538, 0.32893875, -3.1014674], [0.005292535, 0.9948323, 0.101393774, 0.15534528], [-0.33114716, -0.09393062, 0.9388922, -24.653976]] 8228341139528132
[[0.93909764, -0.050735466, 0.3398845, -3.1005769], [0.015831595, 0.9943788, 0.10469102, 0.15979895], [-0.34328547, -0.092934184, 0.93462205, -24.691397]] 8228341172852055
[[0.93772596, -0.06212215, 0.34177604, -3.1004393], [0.025137952, 0.9934353, 0.11159891, 0.16251668], [-0.34646514, -0.09605765, 0.93313175, -24.720263]] 8228341206173171
[[0.9389377, -0.065606445, 0.33777466, -3.0979526], [0.02672919, 0.9925952, 0.118492, 0.16605619], [-0.34304735, -0.10222817, 0.9337387, -24.757252]] 8228341239500324
[[0.94076836, -0.06416642, 0.3329227, -3.094674], [0.027327329, 0.9930839, 0.11418252, 0.1688973], [-0.33794683, -0.09832141, 0.9360154, -24.7938]] 8228341272818171
[[0.94200546, -0.062255383, 0.32977256, -3.0886004], [0.028480204, 0.9939281, 0.10628191, 0.16865069], [-0.33438686, -0.09072614, 0.93805873, -24.841051]] 8228341306140324
[[0.9430752, -0.060444437, 0.3270408, -3.084552], [0.02881732, 0.9944988, 0.10070613, 0.16832772], [-0.3313288, -0.08554901, 0.93962896, -24.877234]] 8228341339461671
[[0.94310975, -0.06212561, 0.32662585, -3.0804892], [0.030842645, 0.994499, 0.10010187, 0.16634794], [-0.33104798, -0.08433305, 0.9398378, -24.913456]] 8228341372791632
[[0.94315493, -0.060928058, 0.3267209, -3.074023], [0.030242722, 0.99470764, 0.098194, 0.16673324], [-0.33097452, -0.08273123, 0.9400061, -24.930075]] 8228341406108555
[[0.9422388, -0.06154227, 0.32923937, -3.0684683], [0.031778324, 0.99496645, 0.09503639, 0.16357273], [-0.3334309, -0.07908429, 0.9394517, -24.965994]] 8228341439435247
[[0.9414575, -0.062712416, 0.33124757, -3.061842], [0.03583478, 0.995595, 0.08663985, 0.16053814], [-0.33522183, -0.06969756, 0.9395577, -25.001951]] 8228341472762478
[[0.9440806, -0.065451905, 0.32315302, -3.060266], [0.04052066, 0.9957011, 0.08329107, 0.15529628], [-0.32721537, -0.06553911, 0.9426742, -25.039433]] 8228341506090209
[[0.94797885, -0.061743274, 0.31228817, -3.0517921], [0.03793969, 0.9959314, 0.08173874, 0.15209016], [-0.31606442, -0.06563848, 0.9464644, -25.076277]] 8228341539404863
[[0.9492742, -0.054730333, 0.3096501, -3.0429657], [0.035031445, 0.99701333, 0.068827465, 0.15037978], [-0.31249222, -0.054488648, 0.9483563, -25.112997]] 8228341572732747
[[0.9478421, -0.06078435, 0.31289062, -3.0382013], [0.039831873, 0.9965412, 0.072932124, 0.14665619], [-0.31624153, -0.056665123, 0.9469849, -25.150143]] 8228341606044363
[[0.9462722, -0.0661323, 0.31653666, -3.0299172], [0.043891236, 0.99607277, 0.07689324, 0.14881569], [-0.32037866, -0.05886875, 0.9454586, -25.187094]] 8228341639368324
[[0.94539684, -0.071807824, 0.3179127, -3.0218472], [0.049748432, 0.9957906, 0.07698196, 0.15211043], [-0.32210237, -0.056962844, 0.94498956, -25.22402]] 8228341672694709
[[0.94545436, -0.07659272, 0.31662214, -3.012555], [0.050048657, 0.9945791, 0.09114587, 0.1571742], [-0.3218869, -0.070327744, 0.9441625, -25.254883]] 8228341706050824
[[0.9464788, -0.07091889, 0.3148783, -3.0051475], [0.041001152, 0.99407685, 0.10064872, 0.16029347], [-0.32015112, -0.08235151, 0.9437804, -25.290598]] 8228341739339632
[[0.94753623, -0.06162999, 0.31365085, -2.997944], [0.029283589, 0.99384725, 0.10681792, 0.1674111], [-0.31830424, -0.09202903, 0.943511, -25.33139]] 8228341772660747
[[0.947602, -0.056562915, 0.314406, -2.9916992], [0.024004139, 0.9940249, 0.106481984, 0.17144185], [-0.31855032, -0.09335549, 0.9432976, -25.365501]] 8228341805982132
[[0.94704956, -0.059288822, 0.31556612, -2.9865265], [0.028163256, 0.9943549, 0.102299094, 0.17467672], [-0.3198499, -0.08799495, 0.94337314, -25.3991]] 8228341839304401
[[0.94764304, -0.06292147, 0.31307116, -2.9819834], [0.032876275, 0.9944095, 0.100343764, 0.17602661], [-0.31763473, -0.08479746, 0.9444139, -25.433044]] 8228341872632170
[[0.94822896, -0.06651478, 0.31054404, -2.9796162], [0.03744341, 0.9944165, 0.0986606, 0.1764993], [-0.3153725, -0.08192502, 0.94542503, -25.442274]] 8228341905953555
[[0.9480745, -0.06963628, 0.31033128, -2.9755502], [0.041870743, 0.9945716, 0.09525844, 0.17411256], [-0.31528014, -0.07731829, 0.9458437, -25.476196]] 8228341939274555
[[0.94739515, -0.07162618, 0.31194898, -2.9713564], [0.044242665, 0.9945886, 0.09400031, 0.17084804], [-0.3169938, -0.07525398, 0.9454374, -25.510939]] 8228341972594709
[[0.94564116, -0.07075864, 0.3174209, -2.9687457], [0.04420603, 0.99495155, 0.09009606, 0.17039837], [-0.3221935, -0.07116662, 0.94399506, -25.515902]] 8228342005921978
[[0.94718736, -0.07209724, 0.31247097, -2.9639227], [0.04748373, 0.99519, 0.08568624, 0.16718027], [-0.3171457, -0.06632362, 0.9460548, -25.550323]] 8228342039243862
[[0.95286983, -0.06858775, 0.29552466, -2.9585974], [0.04619606, 0.9955525, 0.0821044, 0.16444896], [-0.29984164, -0.064582735, 0.9518004, -25.58557]] 8228342072566093
[[0.9595457, -0.060438257, 0.2749896, -2.9535084], [0.040399972, 0.9961373, 0.07796361, 0.16049461], [-0.27863938, -0.06370007, 0.958281, -25.621803]] 8228342105887785
[[0.96616125, -0.058536775, 0.25120893, -2.9481313], [0.03818094, 0.9956357, 0.08515763, 0.16046377], [-0.25509742, -0.072684616, 0.9641796, -25.658316]] 8228342139212708
[[0.96926886, -0.048380565, 0.24119951, -2.9420214], [0.027786922, 0.99572724, 0.0880634, 0.16281806], [-0.24442948, -0.07865492, 0.96647173, -25.69519]] 8228342172535939
[[0.9669844, -0.04079206, 0.2515496, -2.9377701], [0.020607118, 0.99638945, 0.08236155, 0.1649305], [-0.25400108, -0.074458614, 0.96433365, -25.73194]] 8228342205863593
[[0.9636744, -0.049594298, 0.26243487, -2.9326942], [0.028065646, 0.9959721, 0.08515786, 0.1693186], [-0.26560113, -0.074699044, 0.96118474, -25.767061]] 8228342239180824
[[0.962069, -0.058602143, 0.26643777, -2.9274757], [0.034090456, 0.99482507, 0.09571282, 0.17351156], [-0.27066797, -0.08299934, 0.9590881, -25.801958]] 8228342272506747
[[0.96254903, -0.06625427, 0.26288736, -2.9210157], [0.040354375, 0.99389035, 0.10273001, 0.17661895], [-0.2680875, -0.088274024, 0.9593419, -25.851198]] 8228342305826708
[[0.9647503, -0.07065622, 0.2535045, -2.91386], [0.04586147, 0.99368304, 0.10242429, 0.1797791], [-0.25914007, -0.087187774, 0.9618964, -25.885149]] 8228342339149785
[[0.96621966, -0.07009473, 0.24800459, -2.9062395], [0.04568701, 0.99364775, 0.10284398, 0.1814388], [-0.253638, -0.08803929, 0.9632844, -25.918888]] 8228342372479901
[[0.9656175, -0.0676854, 0.25100124, -2.8982477], [0.04390645, 0.99410236, 0.09916038, 0.17790703], [-0.25623262, -0.084730424, 0.9628944, -25.964334]] 8228342405795747
[[0.9648154, -0.06949216, 0.25357857, -2.8908274], [0.046285108, 0.99426883, 0.09636976, 0.17580263], [-0.25882223, -0.081242114, 0.96250236, -25.997309]] 8228342439118477
[[0.96351945, -0.07257846, 0.25760934, -2.8832033], [0.048964188, 0.9940856, 0.09693458, 0.1726524], [-0.2631211, -0.080784716, 0.9613746, -26.030636]] 8228342472439439
[[0.9622881, -0.07543479, 0.26136422, -2.8729863], [0.05280566, 0.9943062, 0.09255675, 0.16791397], [-0.26685804, -0.075264744, 0.96079236, -26.077227]] 8228342505762324
[[0.9613507, -0.082337074, 0.262727, -2.864384], [0.060603313, 0.99411476, 0.0897946, 0.16404817], [-0.2685742, -0.070401974, 0.9606828, -26.11098]] 8228342539083439
[[0.96014935, -0.08625829, 0.26584345, -2.8550313], [0.063431606, 0.9936152, 0.093302034, 0.160205], [-0.27219415, -0.07272101, 0.9594905, -26.145231]] 8228342572409900
[[0.9595914, -0.08307637, 0.2688545, -2.8406646], [0.059147593, 0.99362975, 0.09592416, 0.15956303], [-0.27511084, -0.076145895, 0.9583923, -26.180416]] 8228342605732247
[[0.95607287, -0.07659769, 0.28294426, -2.8294063], [0.053005252, 0.99451876, 0.090127125, 0.15843992], [-0.28829688, -0.07117057, 0.95489246, -26.214458]] 8228342639054554
[[0.9480622, -0.07650658, 0.3087471, -2.8187652], [0.05343596, 0.99515647, 0.08251219, 0.15945847], [-0.31356442, -0.061728496, 0.9475584, -26.247248]] 8228342672377323
[[0.9416707, -0.08692439, 0.32511604, -2.8095636], [0.06379576, 0.9946576, 0.08115688, 0.16369927], [-0.33043367, -0.055682022, 0.9421853, -26.279467]] 8228342705703477
[[0.9414711, -0.09591977, 0.32315868, -2.8000371], [0.07501814, 0.99423915, 0.07655612, 0.16709122], [-0.32864022, -0.04783261, 0.94324315, -26.311161]] 8228342739019439
[[0.9451727, -0.10168594, 0.3103361, -2.7907991], [0.08097562, 0.99358517, 0.07893922, 0.17030947], [-0.3163724, -0.049481533, 0.9473437, -26.343252]] 8228342772343362
[[0.9488408, -0.10416743, 0.2980777, -2.7826397], [0.08208451, 0.9929336, 0.08570321, 0.17331485], [-0.30489886, -0.056851145, 0.9506864, -26.375546]] 8228342805672516
[[0.9510686, -0.09822168, 0.29295236, -2.7733107], [0.07401132, 0.99294525, 0.09263935, 0.17624025], [-0.29998487, -0.066424586, 0.9516285, -26.408243]] 8228342838988785
[[0.949168, -0.09419583, 0.30034518, -2.764895], [0.06714153, 0.9928014, 0.099183045, 0.17753953], [-0.30752575, -0.073975734, 0.94865984, -26.461567]] 8228342872314246
[[0.9433826, -0.096606396, 0.317327, -2.7573836], [0.06821299, 0.9927041, 0.099426165, 0.17974079], [-0.324617, -0.072151095, 0.9430896, -26.49418]] 8228342905633477
[[0.93764836, -0.09783115, 0.33353353, -2.7504473], [0.0682706, 0.99271727, 0.09925495, 0.18009411], [-0.3408147, -0.07029571, 0.9374987, -26.52705]] 8228342938957131
[[0.93497837, -0.094883665, 0.34177843, -2.7435977], [0.06329943, 0.99272376, 0.102433816, 0.17849508], [-0.34901085, -0.074139014, 0.93418133, -26.560638]] 8228342972285092
[[0.9342771, -0.09368263, 0.34402007, -2.7369146], [0.06328635, 0.99311554, 0.09857184, 0.17565191], [-0.35088617, -0.070321634, 0.93377393, -26.594515]] 8228343005622362
[[0.9345876, -0.09219142, 0.34357932, -2.729251], [0.06322413, 0.99350524, 0.09460456, 0.16968158], [-0.3500696, -0.066693746, 0.93434644, -26.637138]] 8228343038928439
[[0.9362882, -0.08729473, 0.34021187, -2.7220008], [0.05897176, 0.99394244, 0.09274038, 0.16581121], [-0.34624678, -0.06676883, 0.93576443, -26.67186]] 8228343072252131
[[0.9392563, -0.08715991, 0.33196494, -2.7043798], [0.061865248, 0.99436915, 0.086038604, 0.16571423], [-0.33759484, -0.060275212, 0.93935966, -26.727062]] 8228343105584862
[[0.9435745, -0.08640866, 0.31968856, -2.6969907], [0.064529404, 0.9948289, 0.07843114, 0.16275457], [-0.32481253, -0.05337631, 0.944271, -26.762936]] 8228343138895823
[[0.94758004, -0.07601691, 0.31034416, -2.689823], [0.05531927, 0.9956501, 0.074971005, 0.16079144], [-0.31469327, -0.053873017, 0.94766337, -26.799316]] 8228343172222362
[[0.9520433, -0.07238545, 0.29727757, -2.6834707], [0.05228814, 0.9958102, 0.07501946, 0.16056193], [-0.30146235, -0.055877678, 0.9518393, -26.836258]] 8228343205545015
[[0.95593643, -0.066753104, 0.28588387, -2.680049], [0.046409283, 0.9959223, 0.07736212, 0.15849978], [-0.28988227, -0.060685605, 0.9551364, -26.874424]] 8228343238865169
[[0.95529056, -0.05416549, 0.29066473, -2.6737149], [0.03308949, 0.9964861, 0.07694459, 0.16199672], [-0.29381114, -0.06388649, 0.9537261, -26.911415]] 8228343272188092
[[0.95136327, -0.0573492, 0.30268624, -2.6664855], [0.03476424, 0.9962295, 0.07948676, 0.16857672], [-0.3061035, -0.06509812, 0.9497699, -26.948431]] 8228343305510438
[[0.94991016, -0.06710054, 0.30523467, -2.6607237], [0.042177334, 0.9952683, 0.08753381, 0.17258808], [-0.30966395, -0.07027527, 0.9482455, -26.984314]] 8228343338833169
[[0.9526445, -0.07314377, 0.29515818, -2.6543202], [0.044635937, 0.9937619, 0.10220049, 0.17599949], [-0.3007923, -0.08418608, 0.94996667, -27.020613]] 8228343372158246
[[0.95642823, -0.0732102, 0.28263995, -2.6513915], [0.044622883, 0.99333274, 0.10629602, 0.17439905], [-0.28853747, -0.08905229, 0.9533183, -27.041668]] 8228343405477823
[[0.9595844, -0.0779378, 0.27041343, -2.6449146], [0.049862593, 0.9927693, 0.109191656, 0.17616808], [-0.27696833, -0.09129509, 0.9565322, -27.076845]] 8228343438801554
[[0.960376, -0.0818042, 0.26643184, -2.6415665], [0.052671526, 0.9920004, 0.11472098, 0.17598908], [-0.27368513, -0.0961419, 0.95700216, -27.096601]] 8228343472131323
[[0.9573261, -0.08187984, 0.27716854, -2.6300676], [0.05183047, 0.99212, 0.114067666, 0.1724611], [-0.28432432, -0.094834186, 0.9540263, -27.165245]] 8228343538768515
[[0.954231, -0.07939567, 0.2883392, -2.6242044], [0.049724292, 0.9928171, 0.10881948, 0.16956726], [-0.29490787, -0.08950146, 0.95132476, -27.19947]] 8228343572092746
[[0.95319384, -0.08363474, 0.29056275, -2.6229854], [0.055764787, 0.99312514, 0.10292134, 0.16389152], [-0.29717296, -0.081900805, 0.9513046, -27.228374]] 8228343605420477
[[0.9554338, -0.08317823, 0.28324488, -2.6095498], [0.055114157, 0.99287385, 0.10565966, 0.15624152], [-0.290015, -0.08534001, 0.9532095, -27.29903]] 8228343672064284
[[0.95515734, -0.0774415, 0.28579235, -2.6019137], [0.04940019, 0.9933429, 0.104065076, 0.15390685], [-0.29194874, -0.08528033, 0.9526244, -27.334934]] 8228343705385900
[[0.9519358, -0.07328953, 0.29740015, -2.5950007], [0.04360612, 0.993489, 0.1052525, 0.14901066], [-0.30317768, -0.08722515, 0.94893366, -27.378994]] 8228343738706246
[[0.9456227, -0.07255855, 0.3170694, -2.5876608], [0.042187538, 0.9939271, 0.10163205, 0.15134388], [-0.32251817, -0.0827292, 0.94294107, -27.413881]] 8228343772031938
[[0.94330037, -0.07566373, 0.32320192, -2.5824661], [0.04845466, 0.99463195, 0.09142974, 0.15342078], [-0.3283849, -0.07058507, 0.94190294, -27.444017]] 8228343805349246
[[0.9484253, -0.08032611, 0.3066549, -2.5766568], [0.053835213, 0.9941248, 0.09390199, 0.15694368], [-0.31239602, -0.07255019, 0.94717747, -27.47836]] 8228343838674900
[[0.95429194, -0.08102099, 0.28768477, -2.572753], [0.05499222, 0.9937204, 0.09744547, 0.16091831], [-0.29377332, -0.077171, 0.95275486, -27.506567]] 8228343871996976
[[0.9560243, -0.07936145, 0.282346, -2.5680506], [0.053930443, 0.9938474, 0.096740745, 0.16432603], [-0.28828633, -0.07725946, 0.9544223, -27.540215]] 8228343905319784
[[0.953501, -0.07742337, 0.29127562, -2.5641487], [0.049247213, 0.99347585, 0.102861285, 0.16746657], [-0.29733914, -0.08373383, 0.9510931, -27.574047]] 8228343938643130
[[0.9484286, -0.07653782, 0.307612, -2.5609148], [0.0466342, 0.9935435, 0.10342393, 0.1702035], [-0.31354177, -0.083744965, 0.9458744, -27.608057]] 8228343971975361
[[0.9436012, -0.078553565, 0.32163045, -2.5578933], [0.04826858, 0.9937059, 0.10108761, 0.16929454], [-0.32754686, -0.07986174, 0.94145375, -27.657839]] 8228344005289092
[[0.9415262, -0.07727657, 0.32795858, -2.5549276], [0.045790803, 0.99366033, 0.102675855, 0.16911264], [-0.3338139, -0.08165452, 0.93909574, -27.692713]] 8228344038613515
[[0.94141114, -0.075343534, 0.32873762, -2.5491168], [0.044240933, 0.9938924, 0.10109722, 0.16703139], [-0.33434683, -0.080630384, 0.93899465, -27.74187]] 8228344071934861
[[0.9414321, -0.07581411, 0.32856923, -2.5462809], [0.04558097, 0.9940658, 0.09877013, 0.16409808], [-0.33410764, -0.07800886, 0.9393012, -27.777267]] 8228344105255515
[[0.94201577, -0.07240801, 0.3276635, -2.5434003], [0.043242373, 0.99449486, 0.09544668, 0.16040403], [-0.3327708, -0.075743325, 0.9399609, -27.812988]] 8228344138577092
[[0.94477004, -0.0688569, 0.320419, -2.5407565], [0.041693814, 0.9949884, 0.09088335, 0.15623584], [-0.32507116, -0.07250438, 0.9429061, -27.849384]] 8228344171901092
[[0.9493292, -0.070013314, 0.3063858, -2.5393448], [0.044193186, 0.9949225, 0.09042178, 0.14864549], [-0.31116083, -0.07229987, 0.9476031, -27.88773]] 8228344205226438
