[[[1802.6329253039435, 0.0, 640.0], [0.0, 1802.6329253039435, 360.0], [0.0, 0.0, 1.0]], [[0.09116820245981216, -0.29635733366012573, 0.9507158994674683, -30.047100067138672],[-0.9958221912384033, -0.022196656093001366, 0.08857449889183044, 0.33897608518600464],[-0.005146987270563841, -0.9548191428184509, -0.2971428334712982, 11.882146835327148]]]
[[[1808.1988204721222, 0.0, 640.0], [0.0, 1808.1988204721222, 360.0], [0.0, 0.0, 1.0]], [[0.09175437688827515, -0.2968636453151703, 0.9505015015602112, -30.132097244262695],[-0.9957675933837891, -0.02228226140141487, 0.08916476368904114, 0.32594507932662964],[-0.005290454253554344, -0.9546598792076111, -0.2976517081260681, 11.92520809173584]]]
[[[1805.6186613242999, 0.0, 640.0], [0.0, 1805.6186613242999, 360.0], [0.0, 0.0, 1.0]], [[0.0923398956656456, -0.296821266412735, 0.9504580497741699, -30.076766967773438],[-0.9957116842269897, -0.022137586027383804, 0.08982301503419876, 0.32034724950790405],[-0.0056205326691269875, -0.9546763896942139, -0.2975925803184509, 11.89969253540039]]]
[[[1820.1666702898228, 0.0, 640.0], [0.0, 1820.1666702898228, 360.0], [0.0, 0.0, 1.0]], [[0.09223902225494385, -0.2966267466545105, 0.9505285620689392, -30.290653228759766],[-0.9957234263420105, -0.022507933899760246, 0.08960077911615372, 0.31771475076675415],[-0.005183555651456118, -0.9547281861305237, -0.29743432998657227, 11.960638046264648]]]
[[[1807.5164497159565, 0.0, 640.0], [0.0, 1807.5164497159565, 360.0], [0.0, 0.0, 1.0]], [[0.0924651250243187, -0.2964547276496887, 0.9505602717399597, -30.10535430908203],[-0.9957002997398376, -0.0221784096211195, 0.08993922919034958, 0.32803425192832947],[-0.005580995697528124, -0.9547893404960632, -0.2972307801246643, 11.895779609680176]]]
[[[1800.1728584441705, 0.0, 640.0], [0.0, 1800.1728584441705, 360.0], [0.0, 0.0, 1.0]], [[0.09309177100658417, -0.29623109102249146, 0.9505687952041626, -29.995967864990234],[-0.99564129114151, -0.022243542596697807, 0.09057396650314331, 0.32017889618873596],[-0.005686804186552763, -0.9548572301864624, -0.2970105707645416, 11.852485656738281]]]
[[[1794.2764006161572, 0.0, 640.0], [0.0, 1794.2764006161572, 360.0], [0.0, 0.0, 1.0]], [[0.09249700605869293, -0.29618746042251587, 0.9506404399871826, -29.913394927978516],[-0.9956974387168884, -0.02217933163046837, 0.08997070044279099, 0.34769171476364136],[-0.005563623737543821, -0.9548722505569458, -0.2969646155834198, 11.824970245361328]]]
[[[1809.8012491238571, 0.0, 640.0], [0.0, 1809.8012491238571, 360.0], [0.0, 0.0, 1.0]], [[0.092851921916008, -0.29661825299263, 0.9504715204238892, -30.127946853637695],[-0.9956629872322083, -0.022088810801506042, 0.09037332981824875, 0.3096972107887268],[-0.005811591167002916, -0.9547406435012817, -0.29738280177116394, 11.906935691833496]]]
[[[1807.140442958681, 0.0, 640.0], [0.0, 1807.140442958681, 360.0], [0.0, 0.0, 1.0]], [[0.0929500013589859, -0.2965257465839386, 0.9504908323287964, -30.113426208496094],[-0.9956560134887695, -0.0224776491522789, 0.09035439789295197, 0.3083065152168274],[-0.005427605006843805, -0.9547603130340576, -0.297326922416687, 11.907537460327148]]]
[[[1814.230112922237, 0.0, 640.0], [0.0, 1814.230112922237, 360.0], [0.0, 0.0, 1.0]], [[0.09154998511075974, -0.29681771993637085, 0.9505355358123779, -30.19417953491211],[-0.9957853555679321, -0.02202308177947998, 0.0890311673283577, 0.32165467739105225],[-0.0054923053830862045, -0.9546801447868347, -0.2975829243659973, 11.936660766601562]]]
[[[1801.64379627387, 0.0, 640.0], [0.0, 1801.64379627387, 360.0], [0.0, 0.0, 1.0]], [[0.09144913405179977, -0.29644516110420227, 0.9506615400314331, -30.01565170288086],[-0.9957924485206604, -0.021591534838080406, 0.08905761688947678, 0.3224717676639557],[-0.00587445730343461, -0.9548057913780212, -0.2971723675727844, 11.86725902557373]]]
[[[1800.3049558139028, 0.0, 640.0], [0.0, 1800.3049558139028, 360.0], [0.0, 0.0, 1.0]], [[0.09011326730251312, -0.2965739667415619, 0.9507489204406738, -30.02100944519043],[-0.9959190487861633, -0.022054465487599373, 0.08751494437456131, 0.3561384975910187],[-0.00498639652505517, -0.9547551870346069, -0.29735106229782104, 11.884448051452637]]]
[[[1824.5523969894593, 0.0, 640.0], [0.0, 1824.5523969894593, 360.0], [0.0, 0.0, 1.0]], [[0.08850395679473877, -0.29686233401298523, 0.9508100748062134, -30.37870979309082],[-0.9960651397705078, -0.021949488669633865, 0.08586334437131882, 0.3536883294582367],[-0.00461979815736413, -0.9546679854393005, -0.29763683676719666, 12.007071495056152]]]
[[[1810.0317654287414, 0.0, 640.0], [0.0, 1810.0317654287414, 360.0], [0.0, 0.0, 1.0]], [[0.08786569535732269, -0.2969672679901123, 0.9508364796638489, -30.136863708496094],[-0.9961185455322266, -0.021170612424612045, 0.08543810248374939, 0.35114824771881104],[-0.005242528393864632, -0.9546529650688171, -0.2976747751235962, 11.930927276611328]]]
[[[1796.8484479144954, 0.0, 640.0], [0.0, 1796.8484479144954, 360.0], [0.0, 0.0, 1.0]], [[0.08590804785490036, -0.297124981880188, 0.9509661197662354, -29.979421615600586],[-0.9962899088859558, -0.02071082778275013, 0.08353149145841599, 0.38946449756622314],[-0.0051239957101643085, -0.954613983631134, -0.29780182242393494, 11.893091201782227]]]
[[[1800.1495369883612, 0.0, 640.0], [0.0, 1800.1495369883612, 360.0], [0.0, 0.0, 1.0]], [[0.08545847237110138, -0.2967310845851898, 0.9511296153068542, -30.034343719482422],[-0.9963288307189941, -0.02059394307434559, 0.0830947533249855, 0.36072805523872375],[-0.005069289822131395, -0.954738974571228, -0.29740166664123535, 11.896865844726562]]]
[[[1808.9026991643857, 0.0, 640.0], [0.0, 1808.9026991643857, 360.0], [0.0, 0.0, 1.0]], [[0.08405062556266785, -0.2966541051864624, 0.9512790441513062, -30.149282455444336],[-0.9964512586593628, -0.020702514797449112, 0.08158580958843231, 0.3473666310310364],[-0.004508896265178919, -0.9547605514526367, -0.2973414361476898, 11.927042961120605]]]
[[[1792.504086986364, 0.0, 640.0], [0.0, 1792.504086986364, 360.0], [0.0, 0.0, 1.0]], [[0.08205680549144745, -0.2961585521697998, 0.9516074657440186, -29.88858413696289],[-0.9966146945953369, -0.01951315999031067, 0.07986489683389664, 0.3624807298183441],[-0.005083803553134203, -0.9549394249916077, -0.29675716161727905, 11.820636749267578]]]
[[[1808.27958286566, 0.0, 640.0], [0.0, 1808.27958286566, 360.0], [0.0, 0.0, 1.0]], [[0.08090099692344666, -0.2964905798435211, 0.9516030550003052, -30.135526657104492],[-0.9967100024223328, -0.019347233697772026, 0.07870777696371078, 0.31100574135780334],[-0.004925226792693138, -0.9548397660255432, -0.2970803380012512, 11.911693572998047]]]
[[[1814.4663857388985, 0.0, 640.0], [0.0, 1814.4663857388985, 360.0], [0.0, 0.0, 1.0]], [[0.07893802225589752, -0.2965581715106964, 0.9517468214035034, -30.21050262451172],[-0.9968687891960144, -0.019046055153012276, 0.07674580812454224, 0.29464733600616455],[-0.00463257497176528, -0.9548248648643494, -0.29713305830955505, 11.93297004699707]]]
[[[1829.1689012583404, 0.0, 640.0], [0.0, 1829.1689012583404, 360.0], [0.0, 0.0, 1.0]], [[0.07493823766708374, -0.2972168028354645, 0.9518647193908691, -30.440547943115234],[-0.9971784353256226, -0.018115447834134102, 0.07284919172525406, 0.3149757981300354],[-0.004408547654747963, -0.9546381831169128, -0.29773572087287903, 12.028519630432129]]]
[[[1829.9364811700857, 0.0, 640.0], [0.0, 1829.9364811700857, 360.0], [0.0, 0.0, 1.0]], [[0.07301356643438339, -0.2976403832435608, 0.9518819451332092, -30.430967330932617],[-0.9973220229148865, -0.017754899337887764, 0.0709473118185997, 0.291189968585968],[-0.004216217435896397, -0.9545129537582397, -0.29813966155052185, 12.035839080810547]]]
[[[1839.4444036857105, 0.0, 640.0], [0.0, 1839.4444036857105, 360.0], [0.0, 0.0, 1.0]], [[0.0702076107263565, -0.29745861887931824, 0.9521498084068298, -30.594026565551758],[-0.9975231885910034, -0.016839073970913887, 0.06829260289669037, 0.2675282061100006],[-0.004280902445316315, -0.9545862078666687, -0.2979041039943695, 12.080672264099121]]]
[[[1832.7098827425816, 0.0, 640.0], [0.0, 1832.7098827425816, 360.0], [0.0, 0.0, 1.0]], [[0.06600824743509293, -0.2970277667045593, 0.9525846242904663, -30.468090057373047],[-0.9978052377700806, -0.014622282236814499, 0.06458234786987305, 0.29054585099220276],[-0.005253791343420744, -0.9547568559646606, -0.29734107851982117, 12.017282485961914]]]
[[[1817.161043975748, 0.0, 640.0], [0.0, 1817.161043975748, 360.0], [0.0, 0.0, 1.0]], [[0.0630650669336319, -0.2971550524234772, 0.9527443051338196, -30.230806350708008],[-0.9979960918426514, -0.01384095661342144, 0.061743516474962234, 0.29788264632225037],[-0.005160506349056959, -0.954728901386261, -0.29743245244026184, 11.948836326599121]]]
[[[1818.299941733521, 0.0, 640.0], [0.0, 1818.299941733521, 360.0], [0.0, 0.0, 1.0]], [[0.06030501797795296, -0.29661041498184204, 0.953092634677887, -30.275775909423828],[-0.9981702566146851, -0.013697659596800804, 0.05889438837766647, 0.29253149032592773],[-0.004413550719618797, -0.954900324344635, -0.29689374566078186, 11.954554557800293]]]
[[[1802.7651629542083, 0.0, 640.0], [0.0, 1802.7651629542083, 360.0], [0.0, 0.0, 1.0]], [[0.0558740608394146, -0.295149564743042, 0.9538159370422363, -30.031097412109375],[-0.998416543006897, -0.010277918539941311, 0.0553063340485096, 0.31414884328842163],[-0.006520398892462254, -0.9553957581520081, -0.29525649547576904, 11.81812572479248]]]
[[[1822.8742366635452, 0.0, 640.0], [0.0, 1822.8742366635452, 360.0], [0.0, 0.0, 1.0]], [[0.052732620388269424, -0.2958903908729553, 0.9537652730941772, -30.325647354125977],[-0.9985927939414978, -0.010239279828965664, 0.05203451216220856, 0.31302371621131897],[-0.005630642641335726, -0.9551669955253601, -0.2960139513015747, 11.941193580627441]]]
[[[1817.8360959499935, 0.0, 640.0], [0.0, 1817.8360959499935, 360.0], [0.0, 0.0, 1.0]], [[0.05057322978973389, -0.29611384868621826, 0.953812837600708, -30.249591827392578],[-0.9987127184867859, -0.011258392594754696, 0.04945871978998184, 0.3216712474822998],[-0.00390701275318861, -0.9550862908363342, -0.29630205035209656, 11.935803413391113]]]
[[[1806.162213398945, 0.0, 640.0], [0.0, 1806.162213398945, 360.0], [0.0, 0.0, 1.0]], [[0.04830029979348183, -0.2965717017650604, 0.9537883996963501, -30.03485679626465],[-0.9988210201263428, -0.00968911126255989, 0.04756803438067436, 0.30255115032196045],[-0.004865970462560654, -0.9549614191055298, -0.29669004678726196, 11.883914947509766]]]
[[[1807.9951586864067, 0.0, 640.0], [0.0, 1807.9951586864067, 360.0], [0.0, 0.0, 1.0]], [[0.04638965427875519, -0.2963605225086212, 0.9539488554000854, -30.096879959106445],[-0.9989168047904968, -0.01028944831341505, 0.04537981003522873, 0.29552987217903137],[-0.003633176675066352, -0.9550207257270813, -0.2965168356895447, 11.906692504882812]]]
[[[1802.8783853049167, 0.0, 640.0], [0.0, 1802.8783853049167, 360.0], [0.0, 0.0, 1.0]], [[0.04503187537193298, -0.29672348499298096, 0.9539011120796204, -30.0224666595459],[-0.9989809989929199, -0.0104885408654809, 0.04389741271734238, 0.26856788992881775],[-0.003020362462848425, -0.9549058675765991, -0.2968934178352356, 11.898484230041504]]]
[[[1813.9552922712671, 0.0, 640.0], [0.0, 1813.9552922712671, 360.0], [0.0, 0.0, 1.0]], [[0.04271186888217926, -0.29668956995010376, 0.9540183544158936, -30.156362533569336],[-0.9990822672843933, -0.009613711386919022, 0.04173963889479637, 0.25165820121765137],[-0.0032120582181960344, -0.9549255967140198, -0.29682791233062744, 11.93800163269043]]]
[[[1814.4104211080291, 0.0, 640.0], [0.0, 1814.4104211080291, 360.0], [0.0, 0.0, 1.0]], [[0.038705796003341675, -0.29575395584106445, 0.9544796943664551, -30.19398307800293],[-0.999238908290863, -0.006824706215411425, 0.038406163454055786, 0.26894983649253845],[-0.004844731651246548, -0.9552397727966309, -0.2957930266857147, 11.918265342712402]]]
[[[1815.4887346545515, 0.0, 640.0], [0.0, 1815.4887346545515, 360.0], [0.0, 0.0, 1.0]], [[0.03646383062005043, -0.2960582375526428, 0.954473614692688, -30.210636138916016],[-0.9993274211883545, -0.007084260694682598, 0.0359799899160862, 0.28041157126426697],[-0.0038904326502233744, -0.9551436305046082, -0.2961174249649048, 11.937631607055664]]]
[[[1824.718613733066, 0.0, 640.0], [0.0, 1824.718613733066, 360.0], [0.0, 0.0, 1.0]], [[0.034416861832141876, -0.2965656816959381, 0.9543920755386353, -30.388084411621094],[-0.9993987083435059, -0.0061935544945299625, 0.034115299582481384, 0.2677881121635437],[-0.004206347744911909, -0.9549923539161682, -0.2966005206108093, 12.008321762084961]]]
[[[1805.360432451239, 0.0, 640.0], [0.0, 1805.360432451239, 360.0], [0.0, 0.0, 1.0]], [[0.03253556415438652, -0.29739460349082947, 0.9542001485824585, -30.07750701904297],[-0.9994633793830872, -0.006054059602320194, 0.03219205141067505, 0.2733476161956787],[-0.0037969585973769426, -0.9547354578971863, -0.297432005405426, 11.930922508239746]]]
[[[1772.4417933517555, 0.0, 640.0], [0.0, 1772.4417933517555, 360.0], [0.0, 0.0, 1.0]], [[0.029508063569664955, -0.29626330733299255, 0.954650342464447, -29.543546676635742],[-0.9995457530021667, -0.0028912897687405348, 0.029998498037457466, 0.27511051297187805],[-0.006127283442765474, -0.9551019072532654, -0.2962140440940857, 11.709993362426758]]]
[[[1773.914805635748, 0.0, 640.0], [0.0, 1773.914805635748, 360.0], [0.0, 0.0, 1.0]], [[0.02982463128864765, -0.29571661353111267, 0.9548100233078003, -29.569992065429688],[-0.9995356202125549, -0.0028553695883601904, 0.030337346717715263, 0.20712324976921082],[-0.0062449220567941666, -0.9552714228630066, -0.2956644594669342, 11.704506874084473]]]
[[[1814.9167745134898, 0.0, 640.0], [0.0, 1814.9167745134898, 360.0], [0.0, 0.0, 1.0]], [[0.02475421130657196, -0.29662957787513733, 0.9546717405319214, -30.171512603759766],[-0.9996830821037292, -0.002976667834445834, 0.024996444582939148, 0.28291863203048706],[-0.004572944715619087, -0.9549880027770996, -0.2966092824935913, 11.928506851196289]]]
[[[1816.0560407001556, 0.0, 640.0], [0.0, 1816.0560407001556, 360.0], [0.0, 0.0, 1.0]], [[0.02292572893202305, -0.2956799268722534, 0.9550119042396545, -30.220142364501953],[-0.9997338056564331, -0.004300294443964958, 0.02266789972782135, 0.31162047386169434],[-0.002595610683783889, -0.9552773833274841, -0.295699805021286, 11.9129638671875]]]
