[[[534.0982666015625,0,658.426513671875],[0,534.0982666015625,371.0883483886719],[0,0,1]],[[9.99938548e-01,1.10871848e-02,2.34631807e-05,0.00000000e+00],[-1.10844300e-02,9.99638500e-01,2.44959900e-02,0.00000000e+00],[2.48136814e-04,-2.44947430e-02,9.99699950e-01,0.00000000e+00]]]
[[[534.0982666015625,0,658.426513671875],[0,534.0982666015625,371.0883483886719],[0,0,1]],[[9.99934971e-01,1.14065520e-02,-3.23770219e-05,-0.00000000e+00],[-1.14024400e-02,9.99643330e-01,2.41492700e-02,-0.00000000e+00],[3.07825336e-04,-2.41473280e-02,9.99708354e-01,0.00000000e+00]]]
[[[534.0982666015625,0,658.426513671875],[0,534.0982666015625,371.0883483886719],[0,0,1]],[[9.99936521e-01,1.12687992e-02,8.04663941e-05,-0.00000000e+00],[-1.12673700e-02,9.99633790e-01,2.46029300e-02,-0.00000000e+00],[1.96808542e-04,-2.46022735e-02,9.99697328e-01,0.00000000e+00]]]
[[[534.0982666015625,0,658.426513671875],[0,534.0982666015625,371.0883483886719],[0,0,1]],[[9.99936283e-01,1.12844873e-02,2.15027947e-04,0.00000000e+00],[-1.12863600e-02,9.99632480e-01,2.46472400e-02,-0.00000000e+00],[6.31824951e-05,-2.46480927e-02,9.99696195e-01,0.00000000e+00]]]
[[[534.0982666015625,0,658.426513671875],[0,534.0982666015625,371.0883483886719],[0,0,1]],[[9.99936998e-01,1.12236664e-02,-7.20774842e-05,-0.00000000e+00],[-1.12182900e-02,9.99619780e-01,2.51893000e-02,-0.00000000e+00],[3.54766380e-04,-2.51869056e-02,9.99682724e-01,0.00000000e+00]]]
[[[534.0982666015625,0,658.426513671875],[0,534.0982666015625,371.0883483886719],[0,0,1]],[[9.99937296e-01,1.11960275e-02,9.29164671e-05,-0.00000000e+00],[-1.11948300e-02,9.99621570e-01,2.51283600e-02,-0.00000000e+00],[1.88456484e-04,-2.51278263e-02,9.99684215e-01,0.00000000e+00]]]
[[[534.0982666015625,0,658.426513671875],[0,534.0982666015625,371.0883483886719],[0,0,1]],[[9.99937534e-01,1.11720264e-02,2.62661983e-04,0.00000000e+00],[-1.11751000e-02,9.99618890e-01,2.52434600e-02,-0.00000000e+00],[1.94586391e-05,-2.52448153e-02,9.99681294e-01,0.00000000e+00]]]
[[[534.0982666015625,0,658.426513671875],[0,534.0982666015625,371.0883483886719],[0,0,1]],[[9.99937117e-01,1.12085044e-02,-2.91845412e-04,-0.00000000e+00],[-1.11971000e-02,9.99598090e-01,2.60442800e-02,-0.00000000e+00],[5.83645597e-04,-2.60393769e-02,9.99660730e-01,0.00000000e+00]]]
[[[534.0982666015625,0,658.426513671875],[0,534.0982666015625,371.0883483886719],[0,0,1]],[[9.99940932e-01,1.08687719e-02,1.92635955e-04,-0.00000000e+00],[-1.08699900e-02,9.99569890e-01,2.72382800e-02,-0.00000000e+00],[1.03493599e-04,-2.72387676e-02,9.99628961e-01,0.00000000e+00]]]
[[[534.0982666015625,0,658.426513671875],[0,534.0982666015625,371.0883483886719],[0,0,1]],[[9.99939144e-01,1.10312151e-02,2.71602650e-04,-0.00000000e+00],[-1.10345500e-02,9.99607500e-01,2.57513000e-02,-0.00000000e+00],[1.25720981e-05,-2.57527325e-02,9.99668360e-01,0.00000000e+00]]]
[[[534.0982666015625,0,658.426513671875],[0,534.0982666015625,371.0883483886719],[0,0,1]],[[9.99936938e-01,1.12285065e-02,-1.00826524e-04,-0.00000000e+00],[-1.12221900e-02,9.99605420e-01,2.57501000e-02,-0.00000000e+00],[3.89921857e-04,-2.57473420e-02,9.99668419e-01,0.00000000e+00]]]
[[[534.0982666015625,0,658.426513671875],[0,534.0982666015625,371.0883483886719],[0,0,1]],[[9.99935925e-01,1.13207130e-02,9.30457027e-05,-0.00000000e+00],[-1.13194900e-02,9.99622640e-01,2.50295800e-02,-0.00000000e+00],[1.90342049e-04,-2.50290241e-02,9.99686718e-01,0.00000000e+00]]]
[[[534.0982666015625,0,658.426513671875],[0,534.0982666015625,371.0883483886719],[0,0,1]],[[9.99936461e-01,1.12719405e-02,-1.61969947e-04,-0.00000000e+00],[-1.12642800e-02,9.99619130e-01,2.51947100e-02,-0.00000000e+00],[4.45901445e-04,-2.51912791e-02,9.99682546e-01,0.00000000e+00]]]
[[[534.0982666015625,0,658.426513671875],[0,534.0982666015625,371.0883483886719],[0,0,1]],[[9.99938488e-01,1.10781435e-02,-4.85828903e-04,-0.00000000e+00],[-1.10616000e-02,9.99595050e-01,2.62182300e-02,-0.00000000e+00],[7.76081404e-04,-2.62112431e-02,9.99656141e-01,0.00000000e+00]]]
[[[534.0982666015625,0,658.426513671875],[0,534.0982666015625,371.0883483886719],[0,0,1]],[[9.99938965e-01,1.10466089e-02,-8.01605638e-05,-0.00000000e+00],[-1.10408600e-02,9.99606130e-01,2.57998000e-02,-0.00000000e+00],[3.65129294e-04,-2.57973410e-02,9.99667108e-01,0.00000000e+00]]]
[[[534.0982666015625,0,658.426513671875],[0,534.0982666015625,371.0883483886719],[0,0,1]],[[9.99935091e-01,1.13914339e-02,-1.16400261e-04,-0.00000000e+00],[-1.13848900e-02,9.99618170e-01,2.51760700e-02,-0.00000000e+00],[4.03147307e-04,-2.51731072e-02,9.99683022e-01,0.00000000e+00]]]
[[[534.0982666015625,0,658.426513671875],[0,534.0982666015625,371.0883483886719],[0,0,1]],[[9.99937177e-01,1.12088779e-02,-5.53470309e-05,-0.00000000e+00],[-1.12036600e-02,9.99600050e-01,2.59662200e-02,-0.00000000e+00],[3.46377026e-04,-2.59639677e-02,9.99662817e-01,0.00000000e+00]]]
[[[534.0982666015625,0,658.426513671875],[0,534.0982666015625,371.0883483886719],[0,0,1]],[[9.99929190e-01,1.18991602e-02,-2.09393736e-04,-0.00000000e+00],[-1.18909800e-02,9.99654230e-01,2.34513100e-02,-0.00000000e+00],[4.88372229e-04,-2.34471597e-02,9.99724984e-01,0.00000000e+00]]]
[[[534.0982666015625,0,658.426513671875],[0,534.0982666015625,371.0883483886719],[0,0,1]],[[9.99931633e-01,1.16921235e-02,-2.03646516e-04,-0.00000000e+00],[-1.16847700e-02,9.99687610e-01,2.20946700e-02,-0.00000000e+00],[4.61916527e-04,-2.20907852e-02,9.99755859e-01,0.00000000e+00]]]
[[[534.0982666015625,0,658.426513671875],[0,534.0982666015625,371.0883483886719],[0,0,1]],[[0.99992615,0.01201163,-0.00184341,-0.],[-0.01196584,0.99966127,0.02311328,-0.],[0.00212041,-0.02308952,0.99973112,0.]]]
[[[534.0982666015625,0,658.426513671875],[0,534.0982666015625,371.0883483886719],[0,0,1]],[[0.99991083,0.01096514,-0.00762266,-0.],[-0.01079251,0.99969238,0.02233113,-0.],[0.00786518,-0.02224687,0.99972159,0.]]]
[[[534.0982666015625,0,658.426513671875],[0,534.0982666015625,371.0883483886719],[0,0,1]],[[0.96555793,0.01576942,-0.25970986,-0.01],[-0.00623442,0.99927729,0.03749694,0.02],[0.26011345,-0.03458632,0.96495843,-0.02]]]
[[[534.0982666015625,0,658.426513671875],[0,534.0982666015625,371.0883483886719],[0,0,1]],[[0.88691908,0.01743053,-0.46159583,-0.01],[-0.00350064,0.99951267,0.03101685,0.02],[0.46191156,-0.02589355,0.88654792,-0.03]]]
[[[534.0982666015625,0,658.426513671875],[0,534.0982666015625,371.0883483886719],[0,0,1]],[[0.76570553,0.01795908,-0.64294034,0.01],[-0.00126261,0.99965006,0.02641925,0.02],[0.64318991,-0.01941758,0.76546043,-0.03]]]
[[[534.0982666015625,0,658.426513671875],[0,534.0982666015625,371.0883483886719],[0,0,1]],[[0.68676442,0.02251764,-0.72653109,0.01],[-0.0014138,0.9995594,0.02964328,0.02],[0.72687864,-0.01933078,0.68649387,-0.03]]]
[[[534.0982666015625,0,658.426513671875],[0,534.0982666015625,371.0883483886719],[0,0,1]],[[0.69481725,0.02624064,-0.71870738,0.01],[-0.00484859,0.99948221,0.03180457,0.02],[0.71916997,-0.01861364,0.69458485,-0.04]]]
[[[534.0982666015625,0,658.426513671875],[0,534.0982666015625,371.0883483886719],[0,0,1]],[[0.75711584,0.02483123,-0.65280843,-0.01],[-0.01166109,0.99963158,0.02449921,0.02],[0.65317649,-0.01093627,0.75712675,-0.04]]]
[[[534.0982666015625,0,658.426513671875],[0,534.0982666015625,371.0883483886719],[0,0,1]],[[0.82280993,0.03271257,-0.56737417,-0.01],[-0.01540705,0.99925882,0.03526993,0.02],[0.5681076,-0.02027888,0.82270437,-0.04]]]
[[[534.0982666015625,0,658.426513671875],[0,534.0982666015625,371.0883483886719],[0,0,1]],[[0.96011603,0.02963228,-0.27802688,-0.01],[-0.02300585,0.99936855,0.02706675,0.02],[0.27865344,-0.01959097,0.96019191,-0.04]]]
[[[534.0982666015625,0,658.426513671875],[0,534.0982666015625,371.0883483886719],[0,0,1]],[[0.99914432,0.02334323,0.03414073,-0.01],[-0.02388867,0.99959177,0.01565658,0.02],[-0.03376133,-0.01645875,0.9992944,-0.03]]]
[[[534.0982666015625,0,658.426513671875],[0,534.0982666015625,371.0883483886719],[0,0,1]],[[0.98375672,0.0240421,0.17788886,-0.01],[-0.02344256,0.99970996,-0.0054717,0.02],[-0.17796886,0.00121267,0.98403537,-0.03]]]
[[[534.0982666015625,0,658.426513671875],[0,534.0982666015625,371.0883483886719],[0,0,1]],[[0.93200034,0.02081312,0.3618592,0.01],[-0.01893035,0.99978232,-0.00874787,0.03],[-0.36196256,0.00130292,0.93219173,-0.01]]]
[[[534.0982666015625,0,658.426513671875],[0,534.0982666015625,371.0883483886719],[0,0,1]],[[0.89558661,0.02184382,0.44435057,0.02],[-0.01717223,0.99974668,-0.01453596,0.02],[-0.44455561,0.00538774,0.89573503,-0.]]]
[[[534.0982666015625,0,658.426513671875],[0,534.0982666015625,371.0883483886719],[0,0,1]],[[0.89078921,0.01438628,0.45418918,0.02],[-0.01328651,0.99989587,-0.00561287,0.03],[-0.45422265,-0.00103468,0.89088762,-0.]]]
[[[534.0982666015625,0,658.426513671875],[0,534.0982666015625,371.0883483886719],[0,0,1]],[[0.90024257,0.0015145,0.43538642,0.03],[-0.00906203,0.99984252,0.01525947,0.03],[-0.43529463,-0.01768269,0.90011436,0.]]]
[[[534.0982666015625,0,658.426513671875],[0,534.0982666015625,371.0883483886719],[0,0,1]],[[0.98733157,-0.00804602,0.15846656,0.01],[0.01188635,0.99965775,-0.02330143,0.06],[-0.15822482,0.02488984,0.98708922,-0.01]]]
[[[534.0982666015625,0,658.426513671875],[0,534.0982666015625,371.0883483886719],[0,0,1]],[[0.9999069,-0.01335448,-0.0027621,0.02],[0.0128694,0.99105686,-0.13281649,0.05],[0.00451114,0.1327686,0.99113661,-0.01]]]
[[[534.0982666015625,0,658.426513671875],[0,534.0982666015625,371.0883483886719],[0,0,1]],[[0.99315459,-0.03235901,-0.11223451,0.02],[0.01409935,0.98704576,-0.15981708,0.05],[0.11595218,0.15714064,0.98074543,-0.01]]]
[[[534.0982666015625,0,658.426513671875],[0,534.0982666015625,371.0883483886719],[0,0,1]],[[0.98121029,-0.04575939,-0.18743613,0.04],[0.02300415,0.99228472,-0.12182514,0.06],[0.19156474,0.11522429,0.97469276,-0.01]]]
[[[534.0982666015625,0,658.426513671875],[0,534.0982666015625,371.0883483886719],[0,0,1]],[[0.95894867,-0.05775348,-0.27763614,0.05],[0.02174112,0.99113303,-0.13108078,0.05],[0.2827448,0.11966363,0.95170146,-0.02]]]
[[[534.0982666015625,0,658.426513671875],[0,534.0982666015625,371.0883483886719],[0,0,1]],[[0.92386866,-0.04915897,-0.37953934,0.06],[0.02832123,0.99777842,-0.06029589,0.06],[0.38166037,0.04495647,0.92320859,-0.02]]]
[[[534.0982666015625,0,658.426513671875],[0,534.0982666015625,371.0883483886719],[0,0,1]],[[0.91096359,-0.07857126,-0.40493441,0.06],[0.02973613,0.99164534,-0.12551737,0.06],[0.41141346,0.10230058,0.90568936,-0.02]]]
[[[534.0982666015625,0,658.426513671875],[0,534.0982666015625,371.0883483886719],[0,0,1]],[[0.88672948,-0.08538407,-0.45433521,0.06],[0.03423078,0.99222404,-0.11966208,0.06],[0.46101967,0.09055567,0.88275725,-0.02]]]
[[[534.0982666015625,0,658.426513671875],[0,534.0982666015625,371.0883483886719],[0,0,1]],[[0.87145323,-0.07539272,-0.48464966,0.05],[0.02762132,0.9940908,-0.10497591,0.06],[0.48970038,0.07809495,0.86838621,-0.02]]]
[[[534.0982666015625,0,658.426513671875],[0,534.0982666015625,371.0883483886719],[0,0,1]],[[0.86719805,-0.01351469,-0.49777997,0.05],[0.02845626,0.99934274,0.02244247,0.05],[0.49714965,-0.03362703,0.86701274,-0.02]]]
[[[534.0982666015625,0,658.426513671875],[0,534.0982666015625,371.0883483886719],[0,0,1]],[[0.8716284,-0.00846782,-0.4900941,0.04],[0.02419191,0.99937516,0.02575796,0.05],[0.4895699,-0.03430769,0.87128872,-0.03]]]
[[[534.0982666015625,0,658.426513671875],[0,534.0982666015625,371.0883483886719],[0,0,1]],[[0.9559685,0.00107512,-0.29346731,0.04],[0.00632601,0.99968523,0.02426931,0.07],[0.29340118,-0.02505718,0.95566082,-0.01]]]
[[[534.0982666015625,0,658.426513671875],[0,534.0982666015625,371.0883483886719],[0,0,1]],[[0.99860173,0.00230702,0.05281395,0.03],[-0.00338722,0.9997865,0.02037256,0.07],[-0.0527555,-0.02052297,0.9983964,-0.01]]]
[[[534.0982666015625,0,658.426513671875],[0,534.0982666015625,371.0883483886719],[0,0,1]],[[9.55961290e-01,4.20004000e-03,2.93462720e-01,2.00000000e-02],[-4.33552917e-03,9.99990344e-01,-1.88789767e-04,5.00000000e-02],[-2.93460550e-01,-1.09184000e-03,9.55970470e-01,-1.00000000e-02]]]
[[[534.0982666015625,0,658.426513671875],[0,534.0982666015625,371.0883483886719],[0,0,1]],[[0.88896799,-0.00145566,0.45796704,0.04],[0.00281706,0.99999315,-0.00228975,0.06],[-0.45796046,0.00332564,0.8889662,-0.01]]]
[[[534.0982666015625,0,658.426513671875],[0,534.0982666015625,371.0883483886719],[0,0,1]],[[0.86516464,-0.0103857,0.50138038,0.05],[0.00519028,0.99991721,0.01175631,0.07],[-0.50146085,-0.00756884,0.86514693,0.01]]]
[[[534.0982666015625,0,658.426513671875],[0,534.0982666015625,371.0883483886719],[0,0,1]],[[0.86511719,-0.01896372,0.50121117,0.05],[0.00663729,0.99963009,0.02636549,0.07],[-0.50152564,-0.01948255,0.86492312,0.01]]]
[[[534.0982666015625,0,658.426513671875],[0,534.0982666015625,371.0883483886719],[0,0,1]],[[0.86511284,-0.0228458,0.50105667,0.05],[0.00752504,0.99944061,0.03257717,0.07],[-0.5015204,-0.02441247,0.86480105,0.01]]]
[[[534.0982666015625,0,658.426513671875],[0,534.0982666015625,371.0883483886719],[0,0,1]],[[0.86886573,-0.02678686,0.49432257,0.05],[0.00844996,0.9991917,0.03929283,0.07],[-0.49497533,-0.0299632,0.86839002,0.01]]]
[[[534.0982666015625,0,658.426513671875],[0,534.0982666015625,371.0883483886719],[0,0,1]],[[0.89776087,-0.03643747,0.43897319,0.06],[0.01567258,0.99858373,0.05083599,0.08],[-0.44020364,-0.03875874,0.89706081,-0.01]]]
[[[534.0982666015625,0,658.426513671875],[0,534.0982666015625,371.0883483886719],[0,0,1]],[[0.97761559,-0.03359099,0.20769966,0.09],[0.02385124,0.99850279,0.04922177,0.09],[-0.20904185,-0.04316609,0.97695333,-0.02]]]
[[[534.0982666015625,0,658.426513671875],[0,534.0982666015625,371.0883483886719],[0,0,1]],[[0.99907255,-0.02685148,-0.03366106,0.09],[0.028329,0.99862015,0.04421419,0.09],[0.03242771,-0.04512677,0.99845469,-0.04]]]
[[[534.0982666015625,0,658.426513671875],[0,534.0982666015625,371.0883483886719],[0,0,1]],[[0.96997505,-0.02043127,-0.24234512,0.08],[0.03198295,0.99852693,0.04382797,0.08],[0.24109297,-0.05026295,0.9691996,-0.04]]]
[[[534.0982666015625,0,658.426513671875],[0,534.0982666015625,371.0883483886719],[0,0,1]],[[0.92634559,-0.01484817,-0.37638247,0.07],[0.03449389,0.99836808,0.04551044,0.08],[0.37509274,-0.0551413,0.92534578,-0.05]]]
[[[534.0982666015625,0,658.426513671875],[0,534.0982666015625,371.0883483886719],[0,0,1]],[[0.88751638,-0.00920566,-0.46068454,0.06],[0.03235617,0.99857742,0.04238059,0.08],[0.45963934,-0.05251946,0.88655138,-0.05]]]
[[[534.0982666015625,0,658.426513671875],[0,534.0982666015625,371.0883483886719],[0,0,1]],[[0.88480181,-0.01045937,-0.46585071,0.06],[0.03372816,0.99856311,0.04164083,0.08],[0.46474606,-0.05255617,0.88388288,-0.05]]]
[[[534.0982666015625,0,658.426513671875],[0,534.0982666015625,371.0883483886719],[0,0,1]],[[0.88205922,-0.00998269,-0.47103336,0.06],[0.03153443,0.99878436,0.0378841,0.08],[0.47008285,-0.04826979,0.8813014,-0.05]]]
[[[534.0982666015625,0,658.426513671875],[0,534.0982666015625,371.0883483886719],[0,0,1]],[[0.90260333,-0.0075319,-0.43040848,0.04],[0.02647901,0.99892503,0.03804814,0.08],[0.42965952,-0.04573916,0.90183198,-0.06]]]
[[[534.0982666015625,0,658.426513671875],[0,534.0982666015625,371.0883483886719],[0,0,1]],[[0.95885801,-0.01380015,-0.28355235,0.06],[0.02370475,0.99922168,0.03152886,0.08],[0.28289691,-0.03695323,0.95843852,-0.05]]]
[[[534.0982666015625,0,658.426513671875],[0,534.0982666015625,371.0883483886719],[0,0,1]],[[0.99680722,-0.01103885,-0.07908633,0.04],[0.01316916,0.99956298,0.026466,0.08],[0.07875994,-0.02742299,0.99651664,-0.05]]]
[[[534.0982666015625,0,658.426513671875],[0,534.0982666015625,371.0883483886719],[0,0,1]],[[0.97968096,-0.01133624,0.20024468,0.07],[0.00816318,0.9998278,0.01666445,0.07],[-0.20039868,-0.01469121,0.97960454,-0.05]]]
[[[534.0982666015625,0,658.426513671875],[0,534.0982666015625,371.0883483886719],[0,0,1]],[[0.93256092,-0.00964601,0.36088529,0.07],[0.00477144,0.9998849,0.01439578,0.06],[-0.36098215,-0.01170301,0.93249959,-0.05]]]
[[[534.0982666015625,0,658.426513671875],[0,534.0982666015625,371.0883483886719],[0,0,1]],[[0.91737336,-0.01472918,0.39775705,0.08],[0.00662914,0.99974185,0.0217318,0.06],[-0.39797392,-0.0172994,0.91723406,-0.04]]]
[[[534.0982666015625,0,658.426513671875],[0,534.0982666015625,371.0883483886719],[0,0,1]],[[0.91719353,-0.01364778,0.39821011,0.08],[0.00606189,0.99977547,0.02030278,0.06],[-0.39839724,-0.01620768,0.91707027,-0.04]]]
[[[534.0982666015625,0,658.426513671875],[0,534.0982666015625,371.0883483886719],[0,0,1]],[[0.9146533,-0.01017144,0.40411329,0.08],[0.00467989,0.99988282,0.01457454,0.06],[-0.40421367,-0.01143945,0.91459358,-0.04]]]
[[[534.0982666015625,0,658.426513671875],[0,534.0982666015625,371.0883483886719],[0,0,1]],[[0.88133174,-0.01416911,0.4722873,0.09],[0.00584077,0.99980062,0.01909562,0.06],[-0.47246313,-0.01407106,0.88123864,-0.04]]]
[[[534.0982666015625,0,658.426513671875],[0,534.0982666015625,371.0883483886719],[0,0,1]],[[0.88226098,-0.01800798,0.47041786,0.09],[0.00722921,0.99966854,0.02470984,0.06],[-0.47070637,-0.01839978,0.88209862,-0.04]]]
[[[534.0982666015625,0,658.426513671875],[0,534.0982666015625,371.0883483886719],[0,0,1]],[[0.94656551,-0.02381597,0.32163355,0.11],[0.0139095,0.99935645,0.03306365,0.07],[-0.32221344,-0.02682315,0.94628745,-0.03]]]
[[[534.0982666015625,0,658.426513671875],[0,534.0982666015625,371.0883483886719],[0,0,1]],[[0.99654633,-0.01800982,0.08107225,0.12],[0.01565199,0.99943846,0.02962492,0.07],[-0.08155978,-0.02825367,0.99626833,-0.03]]]
[[[534.0982666015625,0,658.426513671875],[0,534.0982666015625,371.0883483886719],[0,0,1]],[[0.98308647,-0.00979897,-0.18288508,0.11],[0.0140701,0.99965733,0.02207138,0.05],[0.18260652,-0.02427128,0.98288703,-0.05]]]
[[[534.0982666015625,0,658.426513671875],[0,534.0982666015625,371.0883483886719],[0,0,1]],[[0.95891172,-0.00895545,-0.28356653,0.11],[0.01726871,0.99949068,0.02683071,0.05],[0.28318217,-0.03062511,0.95857757,-0.05]]]
[[[534.0982666015625,0,658.426513671875],[0,534.0982666015625,371.0883483886719],[0,0,1]],[[0.92423606,-0.00394293,-0.38180399,0.11],[0.0183175,0.99925315,0.03402198,0.05],[0.38138503,-0.03843802,0.92361742,-0.05]]]
[[[534.0982666015625,0,658.426513671875],[0,534.0982666015625,371.0883483886719],[0,0,1]],[[0.88729715,0.00289465,-0.46119177,0.11],[0.01621247,0.99916649,0.03746281,0.05],[0.46091607,-0.04071767,0.88650995,-0.06]]]
[[[534.0982666015625,0,658.426513671875],[0,534.0982666015625,371.0883483886719],[0,0,1]],[[0.884579,0.00812077,-0.46632236,0.09],[0.01035621,0.99926001,0.03704661,0.06],[0.46627831,-0.03759995,0.88383949,-0.07]]]
[[[534.0982666015625,0,658.426513671875],[0,534.0982666015625,371.0883483886719],[0,0,1]],[[0.96692157,0.00601998,-0.25500748,0.07],[-0.00223117,0.99988294,0.01514437,0.06],[0.25506917,-0.01407444,0.96682113,-0.08]]]
[[[534.0982666015625,0,658.426513671875],[0,534.0982666015625,371.0883483886719],[0,0,1]],[[0.99898326,0.00350404,0.04497302,0.08],[-0.00377822,0.99997503,0.00601259,0.05],[-0.04495027,-0.00617638,0.99897093,-0.06]]]
[[[534.0982666015625,0,658.426513671875],[0,534.0982666015625,371.0883483886719],[0,0,1]],[[9.55857990e-01,-1.72604000e-03,2.93828040e-01,7.00000000e-02],[5.47941076e-04,9.99991834e-01,4.09170194e-03,4.00000000e-02],[-2.93831970e-01,-3.75008000e-03,9.55850720e-01,-6.00000000e-02]]]
[[[534.0982666015625,0,658.426513671875],[0,534.0982666015625,371.0883483886719],[0,0,1]],[[8.85158180e-01,-4.42450000e-03,4.65271890e-01,7.00000000e-02],[4.32053000e-03,9.99990170e-01,1.28976000e-03,4.00000000e-02],[-4.65272248e-01,8.68577685e-04,8.85168254e-01,-5.00000000e-02]]]
[[[534.0982666015625,0,658.426513671875],[0,534.0982666015625,371.0883483886719],[0,0,1]],[[0.81276238,-0.02683055,0.58197922,0.09],[0.01613043,0.9995926,0.02355651,0.06],[-0.58237344,-0.00975827,0.81286395,-0.03]]]
[[[534.0982666015625,0,658.426513671875],[0,534.0982666015625,371.0883483886719],[0,0,1]],[[0.81174815,-0.03264695,0.58309639,0.09],[0.01881832,0.99938023,0.02975659,0.06],[-0.58370584,-0.01318197,0.81185937,-0.03]]]
[[[534.0982666015625,0,658.426513671875],[0,534.0982666015625,371.0883483886719],[0,0,1]],[[0.82575393,-0.05290961,0.56154567,0.09],[0.02993966,0.99829888,0.05003473,0.08],[-0.56323713,-0.02450389,0.82593304,-0.02]]]
[[[534.0982666015625,0,658.426513671875],[0,534.0982666015625,371.0883483886719],[0,0,1]],[[0.94492596,-0.04207269,0.32457277,0.1],[0.0343966,0.9989773,0.02935366,0.08],[-0.32547525,-0.01657283,0.94540632,-0.03]]]
[[[534.0982666015625,0,658.426513671875],[0,534.0982666015625,371.0883483886719],[0,0,1]],[[0.99915242,-0.03589642,0.0202167,0.13],[0.03546818,0.99914712,0.02115365,0.08],[-0.02095845,-0.02041865,0.99957275,-0.04]]]
[[[534.0982666015625,0,658.426513671875],[0,534.0982666015625,371.0883483886719],[0,0,1]],[[0.9828456,-0.0295652,-0.18205349,0.13],[0.03423723,0.9991591,0.0225736,0.08],[0.18123317,-0.02841935,0.98303038,-0.06]]]
[[[534.0982666015625,0,658.426513671875],[0,534.0982666015625,371.0883483886719],[0,0,1]],[[0.95719731,-0.02844884,-0.28804016,0.14],[0.03679775,0.99904424,0.02361158,0.08],[0.28709316,-0.03320014,0.95732814,-0.07]]]
[[[534.0982666015625,0,658.426513671875],[0,534.0982666015625,371.0883483886719],[0,0,1]],[[0.92738205,-0.02598863,-0.3732163,0.13],[0.03698037,0.99906713,0.02232103,0.08],[0.37228802,-0.03450176,0.92747682,-0.07]]]
[[[534.0982666015625,0,658.426513671875],[0,534.0982666015625,371.0883483886719],[0,0,1]],[[0.89592004,-0.02304573,-0.44362056,0.13],[0.0355449,0.99917084,0.01987914,0.08],[0.44279444,-0.03357853,0.8959952,-0.08]]]
[[[534.0982666015625,0,658.426513671875],[0,534.0982666015625,371.0883483886719],[0,0,1]],[[0.87794954,-0.02318403,-0.47819474,0.13],[0.03639374,0.99916917,0.01837563,0.08],[0.47737113,-0.03353613,0.87806261,-0.08]]]
[[[534.0982666015625,0,658.426513671875],[0,534.0982666015625,371.0883483886719],[0,0,1]],[[0.87280667,-0.02161892,-0.48759034,0.13],[0.03391875,0.99929047,0.01640915,0.08],[0.48688936,-0.03086044,0.87291944,-0.08]]]
[[[534.0982666015625,0,658.426513671875],[0,534.0982666015625,371.0883483886719],[0,0,1]],[[0.91188407,-0.01747008,-0.41007972,0.11],[0.02549169,0.99957615,0.01410169,0.09],[0.40965948,-0.02331272,0.91194165,-0.09]]]
[[[534.0982666015625,0,658.426513671875],[0,534.0982666015625,371.0883483886719],[0,0,1]],[[0.99231189,-0.02264913,-0.12168465,0.13],[0.02265151,0.9997431,-0.00136353,0.09],[0.12168458,-0.0014033,0.99256885,-0.07]]]
[[[534.0982666015625,0,658.426513671875],[0,534.0982666015625,371.0883483886719],[0,0,1]],[[9.99009790e-01,-2.27370400e-02,-3.82832800e-02,1.30000000e-01],[2.26877800e-02,9.99741730e-01,-1.71926000e-03,9.00000000e-02],[3.83129008e-02,8.48981028e-04,9.99266386e-01,-7.00000000e-02]]]
[[[534.0982666015625,0,658.426513671875],[0,534.0982666015625,371.0883483886719],[0,0,1]],[[0.99441141,-0.01558661,0.1044315,0.11],[0.01768074,0.99966073,-0.01915744,0.1],[-0.1040969,0.02089677,0.99434853,-0.05]]]
[[[534.0982666015625,0,658.426513671875],[0,534.0982666015625,371.0883483886719],[0,0,1]],[[0.95809662,0.00307551,0.28643373,0.11],[0.01668781,0.99764538,-0.0665314,0.1],[-0.28596315,0.06852339,0.95578843,-0.06]]]
[[[534.0982666015625,0,658.426513671875],[0,534.0982666015625,371.0883483886719],[0,0,1]],[[0.9339143,0.01628053,0.35713041,0.12],[0.01002626,0.9973774,-0.07168684,0.09],[-0.35736001,0.07052998,0.93130082,-0.05]]]
[[[534.0982666015625,0,658.426513671875],[0,534.0982666015625,371.0883483886719],[0,0,1]],[[0.91909951,0.010101,0.39389995,0.14],[0.01352509,0.99827415,-0.05715793,0.09],[-0.39379668,0.05786131,0.91737568,-0.05]]]
[[[534.0982666015625,0,658.426513671875],[0,534.0982666015625,371.0883483886719],[0,0,1]],[[0.95914763,-0.01646885,0.28243175,0.15],[0.0286845,0.99882132,-0.03917146,0.11],[-0.28145307,0.04567258,0.9584884,-0.06]]]
[[[534.0982666015625,0,658.426513671875],[0,534.0982666015625,371.0883483886719],[0,0,1]],[[9.99397340e-01,-3.46950100e-02,2.01892000e-03,2.00000000e-01],[3.47491900e-02,9.98509290e-01,-4.21027500e-02,9.00000000e-02],[-5.54800674e-04,4.21475060e-02,9.99112189e-01,-4.00000000e-02]]]
[[[534.0982666015625,0,658.426513671875],[0,534.0982666015625,371.0883483886719],[0,0,1]],[[0.99514115,-0.02969567,-0.09389,0.22],[0.02769864,0.9993636,-0.02250169,0.05],[0.09449872,0.01979172,0.99532932,-0.08]]]
[[[534.0982666015625,0,658.426513671875],[0,534.0982666015625,371.0883483886719],[0,0,1]],[[0.95098346,-0.03176925,-0.30761063,0.26],[0.03230513,0.99947304,-0.00335109,0.05],[0.30755499,-0.00675055,0.95150745,-0.09]]]
[[[534.0982666015625,0,658.426513671875],[0,534.0982666015625,371.0883483886719],[0,0,1]],[[0.92282975,-0.03067619,-0.38398871,0.26],[0.02991899,0.99952132,-0.00794642,0.04],[0.38404861,-0.00415534,0.92330474,-0.09]]]
[[[534.0982666015625,0,658.426513671875],[0,534.0982666015625,371.0883483886719],[0,0,1]],[[0.87560797,-0.02993331,-0.4820973,0.26],[0.03167786,0.99948847,-0.0045231,0.04],[0.4819859,-0.01131132,0.87610739,-0.1]]]
[[[534.0982666015625,0,658.426513671875],[0,534.0982666015625,371.0883483886719],[0,0,1]],[[0.84817898,-0.026897,-0.52902931,0.26],[0.02579451,0.99962306,-0.00946727,0.04],[0.52908438,-0.00561609,0.84855223,-0.1]]]
[[[534.0982666015625,0,658.426513671875],[0,534.0982666015625,371.0883483886719],[0,0,1]],[[0.9099071,-0.02673464,-0.41395351,0.21],[0.02236962,0.99963188,-0.0153894,0.02],[0.41421252,0.00474296,0.91016942,-0.1]]]
[[[534.0982666015625,0,658.426513671875],[0,534.0982666015625,371.0883483886719],[0,0,1]],[[0.99318612,-0.02786612,-0.11317329,0.21],[0.02596305,0.99949694,-0.01825454,0.02],[0.11362528,0.01519184,0.9934091,-0.1]]]
[[[534.0982666015625,0,658.426513671875],[0,534.0982666015625,371.0883483886719],[0,0,1]],[[0.99805522,-0.02918723,0.05511069,0.22],[0.03037733,0.99932104,-0.02088289,0.02],[-0.05446337,0.02251639,0.99826354,-0.1]]]
[[[534.0982666015625,0,658.426513671875],[0,534.0982666015625,371.0883483886719],[0,0,1]],[[0.96996814,-0.02884795,0.24152201,0.22],[0.0332167,0.99935031,-0.01403578,0.02],[-0.2409597,0.02163682,0.97029567,-0.08]]]
[[[534.0982666015625,0,658.426513671875],[0,534.0982666015625,371.0883483886719],[0,0,1]],[[0.9166317,-0.03176622,0.39847291,0.22],[0.04056562,0.99908412,-0.01366878,0.],[-0.3976731,0.02869353,0.91708022,-0.08]]]
[[[534.0982666015625,0,658.426513671875],[0,534.0982666015625,371.0883483886719],[0,0,1]],[[0.88776731,-0.03483789,0.45897594,0.23],[0.0436018,0.99901348,-0.00850753,0.],[-0.45822611,0.02756488,0.88841003,-0.08]]]
[[[534.0982666015625,0,658.426513671875],[0,534.0982666015625,371.0883483886719],[0,0,1]],[[0.85798466,-0.03910378,0.51218826,0.23],[0.04620595,0.99893212,-0.0011363,0.],[-0.5115962,0.02464106,0.85887474,-0.08]]]
[[[534.0982666015625,0,658.426513671875],[0,534.0982666015625,371.0883483886719],[0,0,1]],[[0.86010104,-0.04230962,0.50836962,0.24],[0.0474149,0.99887186,0.00291174,0.],[-0.50791866,0.0215999,0.86113632,-0.07]]]
[[[534.0982666015625,0,658.426513671875],[0,534.0982666015625,371.0883483886719],[0,0,1]],[[0.89336157,-0.05225487,0.44629383,0.26],[0.05533185,0.99844992,0.00614501,0.02],[-0.44592261,0.01920455,0.89486766,-0.08]]]
[[[534.0982666015625,0,658.426513671875],[0,534.0982666015625,371.0883483886719],[0,0,1]],[[0.97380018,-0.05071916,0.22168525,0.3],[0.05448788,0.99845552,-0.0109142,0.01],[-0.22078896,0.02270742,0.97505933,-0.09]]]
[[[534.0982666015625,0,658.426513671875],[0,534.0982666015625,371.0883483886719],[0,0,1]],[[0.99563605,-0.04774996,-0.08020186,0.3],[0.04613589,0.99869668,-0.02185894,0.01],[0.08114131,0.01806338,0.99654096,-0.1]]]
[[[534.0982666015625,0,658.426513671875],[0,534.0982666015625,371.0883483886719],[0,0,1]],[[0.97644579,-0.04464771,-0.21110125,0.29],[0.04011802,0.99886525,-0.02569356,0.01],[0.21200901,0.01661942,0.97712845,-0.11]]]
[[[534.0982666015625,0,658.426513671875],[0,534.0982666015625,371.0883483886719],[0,0,1]],[[0.96199405,-0.04363671,-0.26956788,0.29],[0.0368815,0.99886769,-0.03007587,0.],[0.27057514,0.01899075,0.96251363,-0.11]]]
[[[534.0982666015625,0,658.426513671875],[0,534.0982666015625,371.0883483886719],[0,0,1]],[[0.94568664,-0.04431631,-0.32205066,0.29],[0.0372927,0.9989143,-0.02794886,0.],[0.32293966,0.01442074,0.94631195,-0.12]]]
[[[534.0982666015625,0,658.426513671875],[0,534.0982666015625,371.0883483886719],[0,0,1]],[[0.91233987,-0.04020866,-0.40745953,0.29],[0.03136045,0.99910629,-0.02837409,0.],[0.40823621,0.01310871,0.9127847,-0.12]]]
[[[534.0982666015625,0,658.426513671875],[0,534.0982666015625,371.0883483886719],[0,0,1]],[[0.89427692,-0.03871424,-0.44584081,0.29],[0.02692684,0.99910188,-0.03274574,-0.],[0.44670802,0.01727869,0.89451545,-0.12]]]
[[[534.0982666015625,0,658.426513671875],[0,534.0982666015625,371.0883483886719],[0,0,1]],[[0.89482278,-0.03241486,-0.44524765,0.27],[0.02096153,0.9993121,-0.0306249,0.],[0.44593391,0.01807079,0.89488602,-0.13]]]
[[[534.0982666015625,0,658.426513671875],[0,534.0982666015625,371.0883483886719],[0,0,1]],[[0.95954853,-0.01748378,-0.28100723,0.16],[0.01297534,0.99975669,-0.01789642,0.03],[0.2812517,0.01352634,0.95954102,-0.15]]]
[[[534.0982666015625,0,658.426513671875],[0,534.0982666015625,371.0883483886719],[0,0,1]],[[0.9997279,-0.02324734,0.00278127,0.22],[0.02323535,0.99972206,0.00424753,0.05],[-0.00287903,-0.00418171,0.99998939,-0.12]]]
[[[534.0982666015625,0,658.426513671875],[0,534.0982666015625,371.0883483886719],[0,0,1]],[[0.99556589,-0.02265131,0.09132229,0.22],[0.0222233,0.99973798,0.00570042,0.06],[-0.09142718,-0.00364563,0.99580747,-0.12]]]
[[[534.0982666015625,0,658.426513671875],[0,534.0982666015625,371.0883483886719],[0,0,1]],[[9.79030430e-01,-2.15988300e-02,2.02577100e-01,2.20000000e-01],[2.20738482e-02,9.99757648e-01,-8.59437932e-05,6.00000000e-02],[-2.02525720e-01,4.55582000e-03,9.79268910e-01,-1.20000000e-01]]]
[[[534.0982666015625,0,658.426513671875],[0,534.0982666015625,371.0883483886719],[0,0,1]],[[0.93884015,-0.0259642,0.34337974,0.23],[0.02698866,0.99963546,0.00179587,0.05],[-0.34330067,0.00758135,0.9391976,-0.11]]]
[[[534.0982666015625,0,658.426513671875],[0,534.0982666015625,371.0883483886719],[0,0,1]],[[0.93855643,-0.02889989,0.3439208,0.23],[0.02892737,0.99957007,0.00505194,0.05],[-0.34391832,0.00520721,0.93898779,-0.11]]]
[[[534.0982666015625,0,658.426513671875],[0,534.0982666015625,371.0883483886719],[0,0,1]],[[0.92136019,-0.02719941,0.38776326,0.23],[0.02751412,0.9996115,0.00474103,0.05],[-0.38774091,0.00630079,0.92174959,-0.11]]]
[[[534.0982666015625,0,658.426513671875],[0,534.0982666015625,371.0883483886719],[0,0,1]],[[0.92083991,-0.02976446,0.38881004,0.23],[0.02939334,0.99954551,0.00690401,0.05],[-0.38883814,0.00507096,0.92129499,-0.11]]]
[[[534.0982666015625,0,658.426513671875],[0,534.0982666015625,371.0883483886719],[0,0,1]],[[0.92678517,-0.03610346,0.37385941,0.23],[0.03271501,0.99934727,0.0154071,0.05],[-0.37417096,-0.00204822,0.92736018,-0.11]]]
[[[534.0982666015625,0,658.426513671875],[0,534.0982666015625,371.0883483886719],[0,0,1]],[[0.98332989,-0.03884765,0.17764604,0.27],[0.03904138,0.99923599,0.00240583,0.05],[-0.17760336,0.00456984,0.98409408,-0.1]]]
[[[534.0982666015625,0,658.426513671875],[0,534.0982666015625,371.0883483886719],[0,0,1]],[[0.99939781,-0.03444188,-0.00480041,0.27],[0.03441362,0.99939209,-0.00583642,0.04],[0.00499868,0.00566773,0.99997395,-0.11]]]
[[[534.0982666015625,0,658.426513671875],[0,534.0982666015625,371.0883483886719],[0,0,1]],[[0.97665733,-0.02866101,-0.21289487,0.28],[0.02617017,0.99955362,-0.01450905,0.03],[0.21321556,0.00859889,0.9769699,-0.12]]]
[[[534.0982666015625,0,658.426513671875],[0,534.0982666015625,371.0883483886719],[0,0,1]],[[0.93342233,-0.02589453,-0.35785148,0.28],[0.02122128,0.999632,-0.01698069,0.02],[0.3581591,0.0082561,0.93362677,-0.13]]]
[[[534.0982666015625,0,658.426513671875],[0,534.0982666015625,371.0883483886719],[0,0,1]],[[0.88416606,-0.02907244,-0.46627322,0.3],[0.02188672,0.99954498,-0.02081976,0.02],[0.46666574,0.00820295,0.88439858,-0.13]]]
[[[534.0982666015625,0,658.426513671875],[0,534.0982666015625,371.0883483886719],[0,0,1]],[[0.84447539,-0.02850704,-0.53484035,0.33],[0.01063875,0.99927968,-0.03646384,-0.01],[0.53549391,0.02510278,0.84416908,-0.15]]]
[[[534.0982666015625,0,658.426513671875],[0,534.0982666015625,371.0883483886719],[0,0,1]],[[0.85666972,-0.02980891,-0.51500893,0.33],[0.01187219,0.99920535,-0.03808607,-0.01],[0.51573426,0.02651289,0.85634136,-0.15]]]
[[[534.0982666015625,0,658.426513671875],[0,534.0982666015625,371.0883483886719],[0,0,1]],[[0.85925394,-0.02698835,-0.51084268,0.31],[0.00870851,0.99923605,-0.03814266,-0.01],[0.51148099,0.02832553,0.85883081,-0.15]]]
[[[534.0982666015625,0,658.426513671875],[0,534.0982666015625,371.0883483886719],[0,0,1]],[[0.92566866,-0.02092528,-0.37776399,0.3],[0.00660012,0.99921221,-0.03917595,0.04],[0.37828562,0.03377062,0.92507571,-0.17]]]
[[[534.0982666015625,0,658.426513671875],[0,534.0982666015625,371.0883483886719],[0,0,1]],[[0.99148196,-0.00673283,-0.13009207,0.29],[0.00123656,0.99910653,-0.04228374,0.03],[0.1302605,0.04176265,0.99060267,-0.16]]]
[[[534.0982666015625,0,658.426513671875],[0,534.0982666015625,371.0883483886719],[0,0,1]],[[0.99775726,-0.00102151,0.06697341,0.29],[0.00549342,0.997765,-0.06662159,0.01],[-0.06675534,0.06684,0.99553096,-0.14]]]
[[[534.0982666015625,0,658.426513671875],[0,534.0982666015625,371.0883483886719],[0,0,1]],[[0.9691487,-0.00115252,0.24648604,0.3],[0.01363166,0.99871093,-0.04892809,0.01],[-0.24611124,0.05077854,0.96791339,-0.15]]]
[[[534.0982666015625,0,658.426513671875],[0,534.0982666015625,371.0883483886719],[0,0,1]],[[0.92828655,-0.00608173,0.37182367,0.3],[0.02142267,0.99908203,-0.03714191,0.01],[-0.37125555,0.04244373,0.92756313,-0.14]]]
[[[534.0982666015625,0,658.426513671875],[0,534.0982666015625,371.0883483886719],[0,0,1]],[[0.90069491,-0.00640606,0.43441159,0.31],[0.02491486,0.99900907,-0.03692579,0.01],[-0.43374354,0.04408211,0.89996046,-0.14]]]
[[[534.0982666015625,0,658.426513671875],[0,534.0982666015625,371.0883483886719],[0,0,1]],[[0.89058757,-0.00931119,0.45472255,0.31],[0.02726615,0.99908692,-0.03294363,0.01],[-0.45399955,0.04173766,0.89002687,-0.14]]]
[[[534.0982666015625,0,658.426513671875],[0,534.0982666015625,371.0883483886719],[0,0,1]],[[0.88640118,-0.0145767,0.46269435,0.31],[0.0305248,0.99917096,-0.02699971,0.02],[-0.46191606,0.03805617,0.88610989,-0.14]]]
[[[534.0982666015625,0,658.426513671875],[0,534.0982666015625,371.0883483886719],[0,0,1]],[[0.87844104,-0.01163474,0.47771481,0.31],[0.02878673,0.99917805,-0.02859925,0.02],[-0.47698829,0.03887456,0.87805259,-0.14]]]
[[[534.0982666015625,0,658.426513671875],[0,534.0982666015625,371.0883483886719],[0,0,1]],[[0.86717635,-0.01021711,0.49790198,0.31],[0.02981234,0.99906319,-0.03142192,0.02],[-0.49711332,0.04209192,0.86666721,-0.14]]]
[[[534.0982666015625,0,658.426513671875],[0,534.0982666015625,371.0883483886719],[0,0,1]],[[0.85787058,-0.01042746,0.51376551,0.31],[0.03150335,0.99898237,-0.03232789,0.02],[-0.51290435,0.04391842,0.85732484,-0.14]]]
[[[534.0982666015625,0,658.426513671875],[0,534.0982666015625,371.0883483886719],[0,0,1]],[[0.86512589,-0.02215062,0.50107116,0.32],[0.03775099,0.9990679,-0.02101378,0.02],[-0.50013739,0.03709545,0.86515445,-0.14]]]
[[[534.0982666015625,0,658.426513671875],[0,534.0982666015625,371.0883483886719],[0,0,1]],[[0.91909796,-0.02964018,0.39291996,0.4],[0.04533352,0.99850124,-0.03071924,0.01],[-0.39141944,0.04604637,0.91906273,-0.17]]]
[[[534.0982666015625,0,658.426513671875],[0,534.0982666015625,371.0883483886719],[0,0,1]],[[0.99640435,-0.0213403,0.08202865,0.39],[0.02616645,0.99796271,-0.05821805,-0.01],[-0.08061861,0.06015502,0.99493104,-0.19]]]
[[[534.0982666015625,0,658.426513671875],[0,534.0982666015625,371.0883483886719],[0,0,1]],[[0.99957132,-0.02338225,-0.01778251,0.39],[0.02230325,0.99803251,-0.05862764,-0.01],[0.01911874,0.0582058,0.99812442,-0.2]]]
[[[534.0982666015625,0,658.426513671875],[0,534.0982666015625,371.0883483886719],[0,0,1]],[[0.96587259,-0.02375078,-0.25793752,0.39],[0.01177365,0.99878561,-0.04788012,-0.01],[0.25876135,0.04320916,0.96497732,-0.21]]]
[[[534.0982666015625,0,658.426513671875],[0,534.0982666015625,371.0883483886719],[0,0,1]],[[0.95335728,-0.02149086,-0.30108866,0.37],[0.00557295,0.99854749,-0.05362747,-0.01],[0.30180356,0.04944809,0.95208991,-0.21]]]
[[[534.0982666015625,0,658.426513671875],[0,534.0982666015625,371.0883483886719],[0,0,1]],[[0.95381576,-0.02226474,-0.29957715,0.37],[0.00689355,0.99861139,-0.05226913,-0.01],[0.30032459,0.04778987,0.95264226,-0.21]]]
[[[534.0982666015625,0,658.426513671875],[0,534.0982666015625,371.0883483886719],[0,0,1]],[[0.95229906,-0.02107816,-0.30444792,0.37],[0.00654042,0.99879444,-0.04869242,-0.01],[0.30510688,0.04437844,0.95128655,-0.21]]]
[[[534.0982666015625,0,658.426513671875],[0,534.0982666015625,371.0883483886719],[0,0,1]],[[0.95540786,-0.01582576,-0.29487601,0.36],[0.00300941,0.99903488,-0.04386681,-0.01],[0.29528528,0.04102321,0.95453101,-0.21]]]
[[[534.0982666015625,0,658.426513671875],[0,534.0982666015625,371.0883483886719],[0,0,1]],[[0.96661532,-0.01771473,-0.25563142,0.36],[0.00629684,0.99895036,-0.04541503,-0.01],[0.25616741,0.0422891,0.96571004,-0.21]]]
[[[534.0982666015625,0,658.426513671875],[0,534.0982666015625,371.0883483886719],[0,0,1]],[[0.96909446,-0.02108043,-0.24580063,0.37],[0.00920514,0.99874055,-0.04936204,-0.01],[0.24653147,0.04557376,0.96806574,-0.21]]]
[[[534.0982666015625,0,658.426513671875],[0,534.0982666015625,371.0883483886719],[0,0,1]],[[0.97480416,-0.01753573,-0.22238648,0.36],[0.00722058,0.99886566,-0.04711253,-0.01],[0.22296023,0.04431964,0.97382277,-0.21]]]
[[[534.0982666015625,0,658.426513671875],[0,534.0982666015625,371.0883483886719],[0,0,1]],[[0.99636471,-0.01593228,-0.08372714,0.37],[0.01187747,0.99874485,-0.0487057,-0.02],[0.08439824,0.04753406,0.99530095,-0.21]]]
[[[534.0982666015625,0,658.426513671875],[0,534.0982666015625,371.0883483886719],[0,0,1]],[[0.99431109,-0.01850924,0.1049252,0.38],[0.02303746,0.99884945,-0.04211058,-0.02],[-0.10402442,0.04428813,0.99359149,-0.21]]]
[[[534.0982666015625,0,658.426513671875],[0,534.0982666015625,371.0883483886719],[0,0,1]],[[0.97147924,-0.02110673,0.23619708,0.38],[0.03032493,0.99891293,-0.03546302,-0.02],[-0.23519093,0.04161416,0.97106117,-0.2]]]
[[[534.0982666015625,0,658.426513671875],[0,534.0982666015625,371.0883483886719],[0,0,1]],[[0.92117602,-0.0237137,0.38843167,0.38],[0.03790655,0.99886513,-0.02891582,-0.02],[-0.38730383,0.04136057,0.92102742,-0.2]]]
[[[534.0982666015625,0,658.426513671875],[0,534.0982666015625,371.0883483886719],[0,0,1]],[[0.88634098,-0.0252126,0.46235368,0.39],[0.04261088,0.99872303,-0.02722454,-0.02],[-0.46107534,0.04383142,0.88628149,-0.19]]]
[[[534.0982666015625,0,658.426513671875],[0,534.0982666015625,371.0883483886719],[0,0,1]],[[0.86545867,-0.02969687,0.50010663,0.41],[0.04701842,0.99865252,-0.02206658,-0.02],[-0.49877581,0.04261182,0.86568666,-0.19]]]
[[[534.0982666015625,0,658.426513671875],[0,534.0982666015625,371.0883483886719],[0,0,1]],[[0.86568499,-0.02831964,0.49979496,0.41],[0.04684643,0.99860257,-0.02455844,-0.02],[-0.49839935,0.04467335,0.86579967,-0.19]]]
[[[534.0982666015625,0,658.426513671875],[0,534.0982666015625,371.0883483886719],[0,0,1]],[[0.88871104,-0.03930585,0.45678806,0.45],[0.05197715,0.99853492,-0.01520266,-0.01],[-0.45551971,0.0372532,0.88944972,-0.19]]]
[[[534.0982666015625,0,658.426513671875],[0,534.0982666015625,371.0883483886719],[0,0,1]],[[0.9482789,-0.03291049,0.3157399,0.45],[0.04340145,0.99871516,-0.02625095,-0.01],[-0.31446916,0.03859668,0.94848627,-0.19]]]
[[[534.0982666015625,0,658.426513671875],[0,534.0982666015625,371.0883483886719],[0,0,1]],[[0.98552358,-0.03169062,0.16657217,0.45],[0.03724744,0.99884772,-0.03034198,-0.01],[-0.16541804,0.03610702,0.98556572,-0.19]]]
[[[534.0982666015625,0,658.426513671875],[0,534.0982666015625,371.0883483886719],[0,0,1]],[[0.99945909,-0.02942527,0.0149285,0.45],[0.02989538,0.99903286,-0.03231348,-0.01],[-0.013963,0.03274221,0.99936962,-0.2]]]
[[[534.0982666015625,0,658.426513671875],[0,534.0982666015625,371.0883483886719],[0,0,1]],[[0.99049652,-0.02473087,-0.13532171,0.44],[0.01961628,0.99904895,-0.03899967,-0.01],[0.13615736,0.03597444,0.99003714,-0.2]]]
