[[[534.3797607421875,0,658.416748046875],[0,534.3797607421875,371.0879821777344],[0,0,1]],[[9.99974191e-01,7.18508335e-03,3.19569226e-05,0.00000000e+00],[-7.18383000e-03,9.99694290e-01,2.36587000e-02,0.00000000e+00],[1.38042597e-04,-2.36583222e-02,9.99720097e-01,0.00000000e+00]]]
[[[534.3797607421875,0,658.416748046875],[0,534.3797607421875,371.0879821777344],[0,0,1]],[[9.99972522e-01,7.41330627e-03,3.40800361e-05,0.00000000e+00],[-7.41219000e-03,9.99717650e-01,2.25772400e-02,0.00000000e+00],[1.33301539e-04,-2.25768685e-02,9.99745131e-01,0.00000000e+00]]]
[[[534.3797607421875,0,658.416748046875],[0,534.3797607421875,371.0879821777344],[0,0,1]],[[9.99972701e-01,7.38622574e-03,2.12688828e-05,0.00000000e+00],[-7.38480000e-03,9.99714850e-01,2.27094600e-02,0.00000000e+00],[1.46474398e-04,-2.27090027e-02,9.99742091e-01,0.00000000e+00]]]
[[[534.3797607421875,0,658.416748046875],[0,534.3797607421875,371.0879821777344],[0,0,1]],[[9.99973178e-01,7.32248649e-03,7.14179987e-05,0.00000000e+00],[-7.32218000e-03,9.99705430e-01,2.31397600e-02,0.00000000e+00],[9.80436380e-05,-2.31396668e-02,9.99732256e-01,0.00000000e+00]]]
[[[534.3797607421875,0,658.416748046875],[0,534.3797607421875,371.0879821777344],[0,0,1]],[[9.99972999e-01,7.35019473e-03,-1.22802885e-06,0.00000000e+00],[-7.34816000e-03,9.99700190e-01,2.33567400e-02,0.00000000e+00],[1.72904256e-04,-2.33561005e-02,9.99727190e-01,0.00000000e+00]]]
[[[534.3797607421875,0,658.416748046875],[0,534.3797607421875,371.0879821777344],[0,0,1]],[[9.99972999e-01,7.35222502e-03,-6.40396756e-05,0.00000000e+00],[-7.34868000e-03,9.99695420e-01,2.35585700e-02,0.00000000e+00],[2.37228072e-04,-2.35574618e-02,9.99722481e-01,0.00000000e+00]]]
[[[534.3797607421875,0,658.416748046875],[0,534.3797607421875,371.0879821777344],[0,0,1]],[[9.99973118e-01,7.33048562e-03,2.00537615e-05,0.00000000e+00],[-7.32896000e-03,9.99701800e-01,2.32939600e-02,0.00000000e+00],[1.50708278e-04,-2.32934840e-02,9.99728680e-01,0.00000000e+00]]]
[[[534.3797607421875,0,658.416748046875],[0,534.3797607421875,371.0879821777344],[0,0,1]],[[9.99972880e-01,7.36215478e-03,-1.93954285e-04,-0.00000000e+00],[-7.35578000e-03,9.99710260e-01,2.29189500e-02,-0.00000000e+00],[3.62630934e-04,-2.29168981e-02,9.99737322e-01,0.00000000e+00]]]
[[[534.3797607421875,0,658.416748046875],[0,534.3797607421875,371.0879821777344],[0,0,1]],[[9.99972939e-01,7.35420687e-03,-1.69244449e-05,-0.00000000e+00],[-7.35186000e-03,9.99707220e-01,2.30523100e-02,-0.00000000e+00],[1.86450954e-04,-2.30515618e-02,9.99734282e-01,0.00000000e+00]]]
[[[534.3797607421875,0,658.416748046875],[0,534.3797607421875,371.0879821777344],[0,0,1]],[[9.99972463e-01,7.41943950e-03,-1.43718134e-04,-0.00000000e+00],[-7.41412000e-03,9.99704060e-01,2.31683900e-02,-0.00000000e+00],[3.15572019e-04,-2.31666826e-02,9.99731541e-01,0.00000000e+00]]]
[[[534.3797607421875,0,658.416748046875],[0,534.3797607421875,371.0879821777344],[0,0,1]],[[9.99973059e-01,7.34037394e-03,-1.02277183e-04,-0.00000000e+00],[-7.33596000e-03,9.99698400e-01,2.34380800e-02,-0.00000000e+00],[2.74290593e-04,-2.34366953e-02,9.99725282e-01,0.00000000e+00]]]
[[[534.3797607421875,0,658.416748046875],[0,534.3797607421875,371.0879821777344],[0,0,1]],[[9.99972939e-01,7.35359592e-03,-5.83460205e-05,-0.00000000e+00],[-7.35031000e-03,9.99708950e-01,2.29786200e-02,-0.00000000e+00],[2.27304525e-04,-2.29775719e-02,9.99735951e-01,0.00000000e+00]]]
[[[534.3797607421875,0,658.416748046875],[0,534.3797607421875,371.0879821777344],[0,0,1]],[[9.99972641e-01,7.39395153e-03,6.19718485e-05,-0.00000000e+00],[-7.39348000e-03,9.99721350e-01,2.24176500e-02,-0.00000000e+00],[1.03800383e-04,-2.24174894e-02,9.99748707e-01,0.00000000e+00]]]
[[[534.3797607421875,0,658.416748046875],[0,534.3797607421875,371.0879821777344],[0,0,1]],[[9.99972343e-01,7.43629038e-03,4.22257654e-05,-0.00000000e+00],[-7.43534000e-03,9.99715690e-01,2.26545200e-02,-0.00000000e+00],[1.26251864e-04,-2.26542111e-02,9.99743342e-01,0.00000000e+00]]]
[[[534.3797607421875,0,658.416748046875],[0,534.3797607421875,371.0879821777344],[0,0,1]],[[9.99972701e-01,7.39051215e-03,1.45831407e-04,-0.00000000e+00],[-7.39191000e-03,9.99703940e-01,2.31815300e-02,-0.00000000e+00],[2.55351370e-05,-2.31819749e-02,9.99731243e-01,0.00000000e+00]]]
[[[534.3797607421875,0,658.416748046875],[0,534.3797607421875,371.0879821777344],[0,0,1]],[[9.99972999e-01,7.34430645e-03,8.45145696e-05,-0.00000000e+00],[-7.34430000e-03,9.99706210e-01,2.30976300e-02,-0.00000000e+00],[8.51462682e-05,-2.30976231e-02,9.99733210e-01,0.00000000e+00]]]
[[[534.3797607421875,0,658.416748046875],[0,534.3797607421875,371.0879821777344],[0,0,1]],[[9.99973118e-01,7.33502582e-03,1.01887599e-04,-0.00000000e+00],[-7.33541000e-03,9.99702810e-01,2.32480600e-02,-0.00000000e+00],[6.86677740e-05,-2.32481789e-02,9.99729693e-01,0.00000000e+00]]]
[[[534.3797607421875,0,658.416748046875],[0,534.3797607421875,371.0879821777344],[0,0,1]],[[9.99973059e-01,7.34261423e-03,1.24487764e-04,-0.00000000e+00],[-7.34353000e-03,9.99704900e-01,2.31546000e-02,-0.00000000e+00],[4.55642221e-05,-2.31548864e-02,9.99731898e-01,0.00000000e+00]]]
[[[534.3797607421875,0,658.416748046875],[0,534.3797607421875,371.0879821777344],[0,0,1]],[[9.99972582e-01,7.40313716e-03,1.33131238e-04,-0.00000000e+00],[-7.40425000e-03,9.99712230e-01,2.28184200e-02,-0.00000000e+00],[3.58349644e-05,-2.28187814e-02,9.99739587e-01,0.00000000e+00]]]
[[[534.3797607421875,0,658.416748046875],[0,534.3797607421875,371.0879821777344],[0,0,1]],[[9.99972463e-01,7.42019014e-03,2.24857533e-04,-0.00000000e+00],[-7.42339000e-03,9.99712710e-01,2.27903700e-02,-0.00000000e+00],[-5.56840459e-05,-2.27914136e-02,9.99740243e-01,0.00000000e+00]]]
[[[534.3797607421875,0,658.416748046875],[0,534.3797607421875,371.0879821777344],[0,0,1]],[[9.99972105e-01,7.46796839e-03,1.44939680e-04,-0.00000000e+00],[-7.46935000e-03,9.99726300e-01,2.21701900e-02,0.00000000e+00],[2.06662371e-05,-2.21706536e-02,9.99754190e-01,0.00000000e+00]]]
[[[534.3797607421875,0,658.416748046875],[0,534.3797607421875,371.0879821777344],[0,0,1]],[[0.99996614,0.0079216,0.00221427,-0.],[-0.00796675,0.99974382,0.02118414,0.],[-0.00204589,-0.02120106,0.99977314,0.]]]
[[[534.3797607421875,0,658.416748046875],[0,534.3797607421875,371.0879821777344],[0,0,1]],[[0.99993426,0.00789699,0.0083168,-0.],[-0.00806724,0.99975443,0.02064032,0.],[-0.00815176,-0.02070606,0.9997524,0.]]]
[[[534.3797607421875,0,658.416748046875],[0,534.3797607421875,371.0879821777344],[0,0,1]],[[0.99981183,0.0085305,0.01742259,-0.],[-0.00886584,0.99977517,0.01926187,0.],[-0.01725436,-0.01941271,0.99966264,-0.]]]
[[[534.3797607421875,0,658.416748046875],[0,534.3797607421875,371.0879821777344],[0,0,1]],[[0.99503589,0.01300129,0.09866398,-0.01],[-0.01420329,0.99983311,0.0114901,-0.01],[-0.09849813,-0.01283442,0.99505448,0.01]]]
[[[534.3797607421875,0,658.416748046875],[0,534.3797607421875,371.0879821777344],[0,0,1]],[[9.89866790e-01,1.25813900e-02,1.41440670e-01,-0.00000000e+00],[-1.24847400e-02,9.99920850e-01,-1.57078000e-03,-1.00000000e-02],[-1.41449228e-01,-2.10990285e-04,9.89945471e-01,1.00000000e-02]]]
[[[534.3797607421875,0,658.416748046875],[0,534.3797607421875,371.0879821777344],[0,0,1]],[[0.97744566,0.01547261,0.21062019,-0.],[-0.01289443,0.99982435,-0.01360883,-0.01],[-0.21079373,0.01058607,0.97747338,0.01]]]
[[[534.3797607421875,0,658.416748046875],[0,534.3797607421875,371.0879821777344],[0,0,1]],[[0.95448238,0.02192667,0.29746073,-0.],[-0.01330139,0.99943131,-0.03098984,-0.01],[-0.29797107,0.02562261,0.95423108,0.01]]]
[[[534.3797607421875,0,658.416748046875],[0,534.3797607421875,371.0879821777344],[0,0,1]],[[0.94039851,0.02544902,0.33912128,-0.],[-0.01403958,0.99925131,-0.03605543,-0.01],[-0.33978492,0.02914535,0.94005156,0.01]]]
[[[534.3797607421875,0,658.416748046875],[0,534.3797607421875,371.0879821777344],[0,0,1]],[[0.92415923,0.02416986,0.38124245,0.],[-0.01207545,0.99934614,-0.0340844,-0.01],[-0.38181689,0.02689573,0.92384666,0.01]]]
[[[534.3797607421875,0,658.416748046875],[0,534.3797607421875,371.0879821777344],[0,0,1]],[[0.91798669,0.02091135,0.39605987,0.01],[-0.0104896,0.99953997,-0.02846139,-0.01],[-0.39647281,0.02197267,0.91778362,0.01]]]
[[[534.3797607421875,0,658.416748046875],[0,534.3797607421875,371.0879821777344],[0,0,1]],[[0.9069792,0.0189171,0.42075065,0.01],[-0.0101854,0.99968392,-0.02299026,-0.02],[-0.42105255,0.01656618,0.90688509,0.01]]]
[[[534.3797607421875,0,658.416748046875],[0,534.3797607421875,371.0879821777344],[0,0,1]],[[0.89942628,0.01581435,0.43678689,0.01],[-0.00978082,0.99982345,-0.01605914,-0.02],[-0.43696368,0.01017187,0.89942193,0.01]]]
[[[534.3797607421875,0,658.416748046875],[0,534.3797607421875,371.0879821777344],[0,0,1]],[[0.8953504,0.01345954,0.44515955,0.01],[-0.00957037,0.99989414,-0.01098319,-0.02],[-0.44526023,0.00557346,0.89538419,0.02]]]
[[[534.3797607421875,0,658.416748046875],[0,534.3797607421875,371.0879821777344],[0,0,1]],[[0.88902605,0.01301817,0.45767173,0.01],[-0.00881754,0.99989724,-0.01131336,-0.02],[-0.45777199,0.00602233,0.88904941,0.02]]]
[[[534.3797607421875,0,658.416748046875],[0,534.3797607421875,371.0879821777344],[0,0,1]],[[0.8869859,0.01130152,0.46165812,0.01],[-0.0078632,0.99992514,-0.00937083,-0.02],[-0.46172956,0.00468168,0.88700855,0.02]]]
[[[534.3797607421875,0,658.416748046875],[0,534.3797607421875,371.0879821777344],[0,0,1]],[[0.88560486,0.01261521,0.46426818,0.01],[-0.00790191,0.99989551,-0.01209627,-0.02],[-0.4643724,0.0070439,0.88561219,0.02]]]
[[[534.3797607421875,0,658.416748046875],[0,534.3797607421875,371.0879821777344],[0,0,1]],[[0.88543391,0.01524206,0.46451551,0.01],[-0.00818244,0.99981844,-0.01720992,-0.02],[-0.46469352,0.01143737,0.88539785,0.02]]]
[[[534.3797607421875,0,658.416748046875],[0,534.3797607421875,371.0879821777344],[0,0,1]],[[0.88757145,0.01189843,0.46051666,0.01],[-0.00808645,0.99991471,-0.01024958,-0.02],[-0.46059936,0.00537328,0.88759202,0.02]]]
[[[534.3797607421875,0,658.416748046875],[0,534.3797607421875,371.0879821777344],[0,0,1]],[[0.8877058,0.00997388,0.46030337,0.01],[-0.00802514,0.99994856,-0.00619025,-0.02],[-0.46034142,0.00180111,0.88774025,0.02]]]
[[[534.3797607421875,0,658.416748046875],[0,534.3797607421875,371.0879821777344],[0,0,1]],[[8.90462700e-01,5.88181000e-03,4.55018520e-01,1.00000000e-02],[-6.93209376e-03,9.99975681e-01,6.39787002e-04,-2.00000000e-02],[-4.55003680e-01,-3.72394000e-03,8.90481890e-01,2.00000000e-02]]]
[[[534.3797607421875,0,658.416748046875],[0,534.3797607421875,371.0879821777344],[0,0,1]],[[0.89866483,0.00341004,0.4386234,0.01],[-0.00608826,0.99997044,0.00469962,-0.01],[-0.43859431,-0.00689384,0.89865899,0.02]]]
[[[534.3797607421875,0,658.416748046875],[0,534.3797607421875,371.0879821777344],[0,0,1]],[[0.92421019,0.0014072,0.38189083,0.01],[-0.01033444,0.99971962,0.02132639,-0.01],[-0.38175261,-0.02365667,0.92396265,0.01]]]
[[[534.3797607421875,0,658.416748046875],[0,534.3797607421875,371.0879821777344],[0,0,1]],[[0.95598191,-0.00138462,0.29342237,0.01],[-0.00849584,0.99943894,0.032396,-0.01],[-0.29330257,-0.03346286,0.95543391,0.01]]]
[[[534.3797607421875,0,658.416748046875],[0,534.3797607421875,371.0879821777344],[0,0,1]],[[0.99567765,0.00567214,0.09270385,0.01],[-0.00869321,0.99944299,0.03221717,-0.01],[-0.09246948,-0.03288381,0.99517232,0.]]]
[[[534.3797607421875,0,658.416748046875],[0,534.3797607421875,371.0879821777344],[0,0,1]],[[0.99949223,0.00765012,-0.0309328,0.01],[-0.00654211,0.99933881,0.03576371,-0.01],[0.03118595,-0.03554318,0.99888146,-0.]]]
[[[534.3797607421875,0,658.416748046875],[0,534.3797607421875,371.0879821777344],[0,0,1]],[[0.99065197,0.01155145,-0.13592403,0.01],[-0.00676462,0.99934238,0.03562624,-0.01],[0.13624617,-0.03437373,0.99007851,-0.01]]]
[[[534.3797607421875,0,658.416748046875],[0,534.3797607421875,371.0879821777344],[0,0,1]],[[0.97609317,0.01449895,-0.21686943,0.],[-0.00709157,0.99936599,0.03489529,-0.01],[0.21723785,-0.0325231,0.97557682,-0.01]]]
[[[534.3797607421875,0,658.416748046875],[0,534.3797607421875,371.0879821777344],[0,0,1]],[[0.9648084,0.01621633,-0.26245385,0.],[-0.00757084,0.99939615,0.03391882,-0.01],[0.26284537,-0.03073816,0.96434826,-0.02]]]
[[[534.3797607421875,0,658.416748046875],[0,534.3797607421875,371.0879821777344],[0,0,1]],[[0.95799518,0.01653055,-0.28630784,-0.],[-0.00803328,0.99949265,0.03082807,-0.01],[0.28667215,-0.02723314,0.95764166,-0.02]]]
[[[534.3797607421875,0,658.416748046875],[0,534.3797607421875,371.0879821777344],[0,0,1]],[[0.9522022,0.01782012,-0.3049489,-0.],[-0.00790929,0.99940085,0.03370464,-0.01],[0.30536672,-0.02968169,0.95177233,-0.02]]]
[[[534.3797607421875,0,658.416748046875],[0,534.3797607421875,371.0879821777344],[0,0,1]],[[0.9495216,0.01885727,-0.31313512,-0.],[-0.0085298,0.99937481,0.03431823,-0.01],[0.31358644,-0.02991491,0.94908851,-0.02]]]
[[[534.3797607421875,0,658.416748046875],[0,534.3797607421875,371.0879821777344],[0,0,1]],[[0.94899452,0.01845939,-0.31475255,-0.],[-0.00880518,0.99944717,0.03206683,-0.02],[0.31517041,-0.02765977,0.94863218,-0.02]]]
[[[534.3797607421875,0,658.416748046875],[0,534.3797607421875,371.0879821777344],[0,0,1]],[[0.94881397,0.01756641,-0.31534722,-0.],[-0.0088165,0.99953634,0.02915216,-0.02],[0.31571305,-0.0248797,0.94852865,-0.02]]]
[[[534.3797607421875,0,658.416748046875],[0,534.3797607421875,371.0879821777344],[0,0,1]],[[0.95579445,0.01892109,-0.29342699,-0.01],[-0.01077282,0.99951106,0.02936074,-0.02],[0.29383904,-0.02490177,0.95553076,-0.02]]]
[[[534.3797607421875,0,658.416748046875],[0,534.3797607421875,371.0879821777344],[0,0,1]],[[0.96435028,0.01916532,-0.26393443,-0.01],[-0.01188976,0.99950492,0.02913578,-0.01],[0.26436216,-0.02495896,0.96410072,-0.02]]]
[[[534.3797607421875,0,658.416748046875],[0,534.3797607421875,371.0879821777344],[0,0,1]],[[0.97512776,0.01956948,-0.22077852,-0.01],[-0.01369373,0.99951106,0.02811315,-0.01],[0.22122072,-0.02439062,0.97491896,-0.02]]]
[[[534.3797607421875,0,658.416748046875],[0,534.3797607421875,371.0879821777344],[0,0,1]],[[0.97828066,0.01772358,-0.20652622,-0.01],[-0.01229301,0.99954498,0.02754855,-0.01],[0.20692052,-0.02441137,0.97805339,-0.02]]]
[[[534.3797607421875,0,658.416748046875],[0,534.3797607421875,371.0879821777344],[0,0,1]],[[0.98152316,0.01811846,-0.19048457,-0.01],[-0.01384029,0.99962187,0.02376597,-0.01],[0.19084312,-0.02069047,0.9814027,-0.02]]]
[[[534.3797607421875,0,658.416748046875],[0,534.3797607421875,371.0879821777344],[0,0,1]],[[0.98670566,0.01913285,-0.16138905,-0.02],[-0.01667482,0.99972373,0.01657127,-0.01],[0.16166149,-0.01365982,0.98675197,-0.02]]]
[[[534.3797607421875,0,658.416748046875],[0,534.3797607421875,371.0879821777344],[0,0,1]],[[0.9996767,0.02075908,-0.01469905,-0.01],[-0.02067075,0.99976766,0.00613582,-0.01],[0.014823,-0.00582998,0.99987334,-0.02]]]
[[[534.3797607421875,0,658.416748046875],[0,534.3797607421875,371.0879821777344],[0,0,1]],[[0.99745393,0.02323861,0.06742484,-0.01],[-0.02227025,0.9996385,-0.01507842,-0.01],[-0.06775086,0.01353847,0.99761057,-0.01]]]
[[[534.3797607421875,0,658.416748046875],[0,534.3797607421875,371.0879821777344],[0,0,1]],[[0.99211246,0.0252218,0.1227897,-0.01],[-0.02286266,0.99952698,-0.02058431,-0.01],[-0.12325075,0.01761466,0.99221939,-0.01]]]
[[[534.3797607421875,0,658.416748046875],[0,534.3797607421875,371.0879821777344],[0,0,1]],[[0.97506034,0.02873846,0.2200733,-0.02],[-0.02363468,0.99938834,-0.02578982,-0.01],[-0.22067975,0.01994527,0.97514266,0.]]]
[[[534.3797607421875,0,658.416748046875],[0,534.3797607421875,371.0879821777344],[0,0,1]],[[0.95370716,0.0295445,0.29928365,-0.02],[-0.02319479,0.99942505,-0.02474737,-0.01],[-0.29984257,0.01665992,0.95384353,0.01]]]
[[[534.3797607421875,0,658.416748046875],[0,534.3797607421875,371.0879821777344],[0,0,1]],[[0.92978358,0.02661113,0.36714464,-0.02],[-0.0225729,0.99962872,-0.01528918,-0.01],[-0.36741501,0.00592812,0.93003857,0.02]]]
[[[534.3797607421875,0,658.416748046875],[0,534.3797607421875,371.0879821777344],[0,0,1]],[[0.91961765,0.02499166,0.39202005,-0.02],[-0.02340207,0.99968755,-0.00883349,-0.01],[-0.39211816,-0.00105063,0.91991466,0.02]]]
[[[534.3797607421875,0,658.416748046875],[0,534.3797607421875,371.0879821777344],[0,0,1]],[[9.07061220e-01,1.84384900e-02,4.20595680e-01,-2.00000000e-02],[-2.01714598e-02,9.99796808e-01,-3.28117982e-04,-0.00000000e+00],[-4.20516100e-01,-8.18639000e-03,9.07248500e-01,2.00000000e-02]]]
[[[534.3797607421875,0,658.416748046875],[0,534.3797607421875,371.0879821777344],[0,0,1]],[[0.90682828,0.01710901,0.42115358,-0.02],[-0.02028876,0.99978977,0.00307014,-0.],[-0.42101243,-0.01132876,0.90698457,0.02]]]
[[[534.3797607421875,0,658.416748046875],[0,534.3797607421875,371.0879821777344],[0,0,1]],[[0.90663439,0.0143709,0.42167297,-0.02],[-0.02012982,0.99975526,0.00920854,-0.],[-0.42143747,-0.01683697,0.90670168,0.02]]]
[[[534.3797607421875,0,658.416748046875],[0,534.3797607421875,371.0879821777344],[0,0,1]],[[0.90679777,0.01130475,0.42141503,-0.02],[-0.01972923,0.99968338,0.01563597,-0.],[-0.42110482,-0.02249284,0.90673357,0.02]]]
[[[534.3797607421875,0,658.416748046875],[0,534.3797607421875,371.0879821777344],[0,0,1]],[[0.90769762,0.00911519,0.41952646,-0.02],[-0.01844938,0.99966455,0.01819747,-0.],[-0.41921979,-0.02425778,0.90756124,0.02]]]
[[[534.3797607421875,0,658.416748046875],[0,534.3797607421875,371.0879821777344],[0,0,1]],[[0.91065961,0.00670367,0.41310418,-0.02],[-0.01775601,0.99958003,0.02292112,-0.],[-0.41277692,-0.02820838,0.91039592,0.02]]]
[[[534.3797607421875,0,658.416748046875],[0,534.3797607421875,371.0879821777344],[0,0,1]],[[0.91844136,0.0038213,0.39553973,-0.02],[-0.01634832,0.99946606,0.02830486,-0.],[-0.39522028,-0.03246274,0.91801327,0.02]]]
[[[534.3797607421875,0,658.416748046875],[0,534.3797607421875,371.0879821777344],[0,0,1]],[[0.94206852,0.00520236,0.33538166,-0.01],[-0.01595256,0.99944359,0.02930667,-0.],[-0.33504251,-0.03295906,0.94162709,0.02]]]
[[[534.3797607421875,0,658.416748046875],[0,534.3797607421875,371.0879821777344],[0,0,1]],[[0.96524251,0.00691954,0.26126623,-0.01],[-0.0154139,0.99941707,0.0304771,-0.],[-0.26090297,-0.0334449,0.96478623,0.02]]]
[[[534.3797607421875,0,658.416748046875],[0,534.3797607421875,371.0879821777344],[0,0,1]],[[0.98309714,0.00908118,0.18286256,-0.01],[-0.01463497,0.99947149,0.02904478,-0.],[-0.18250217,-0.03123,0.98271018,0.01]]]
[[[534.3797607421875,0,658.416748046875],[0,534.3797607421875,371.0879821777344],[0,0,1]],[[0.9921844,0.01102051,0.12429776,-0.01],[-0.0146156,0.99950022,0.0280484,-0.],[-0.12392654,-0.02964585,0.99184924,0.01]]]
[[[534.3797607421875,0,658.416748046875],[0,534.3797607421875,371.0879821777344],[0,0,1]],[[0.99979043,0.01334086,-0.01556922,-0.01],[-0.0128139,0.99935818,0.03346988,-0.],[0.0160057,-0.03326333,0.99931926,0.]]]
[[[534.3797607421875,0,658.416748046875],[0,534.3797607421875,371.0879821777344],[0,0,1]],[[0.99381042,0.01661368,-0.10984531,-0.02],[-0.01297002,0.99934489,0.03380272,-0.01],[0.11033487,-0.03216878,0.99337459,-0.]]]
[[[534.3797607421875,0,658.416748046875],[0,534.3797607421875,371.0879821777344],[0,0,1]],[[0.98892868,0.01794545,-0.14730631,-0.02],[-0.01297904,0.99931723,0.03460729,-0.01],[0.1478267,-0.03231223,0.98848611,-0.]]]
[[[534.3797607421875,0,658.416748046875],[0,534.3797607421875,371.0879821777344],[0,0,1]],[[0.98113602,0.01854596,-0.19243041,-0.02],[-0.01199818,0.99931109,0.03513658,-0.01],[0.19294937,-0.03216493,0.98068231,-0.01]]]
[[[534.3797607421875,0,658.416748046875],[0,534.3797607421875,371.0879821777344],[0,0,1]],[[0.97123569,0.01900909,-0.23736297,-0.02],[-0.01070907,0.99928743,0.03620841,-0.01],[0.23788203,-0.03262494,0.97074699,-0.01]]]
[[[534.3797607421875,0,658.416748046875],[0,534.3797607421875,371.0879821777344],[0,0,1]],[[0.96261978,0.02154849,-0.27000028,-0.03],[-0.0123357,0.99928439,0.03577217,-0.01],[0.27057785,-0.03110434,0.96219653,-0.01]]]
[[[534.3797607421875,0,658.416748046875],[0,534.3797607421875,371.0879821777344],[0,0,1]],[[0.95866686,0.02194815,-0.28368554,-0.03],[-0.01221708,0.99927664,0.03602642,-0.01],[0.28427103,-0.0310715,0.95824134,-0.01]]]
[[[534.3797607421875,0,658.416748046875],[0,534.3797607421875,371.0879821777344],[0,0,1]],[[0.95720071,0.02273504,-0.28853291,-0.03],[-0.01276325,0.99925643,0.03639501,-0.01],[0.2891458,-0.0311547,0.95677906,-0.01]]]
[[[534.3797607421875,0,658.416748046875],[0,534.3797607421875,371.0879821777344],[0,0,1]],[[0.95855516,0.02241271,-0.28402638,-0.03],[-0.01298883,0.99930263,0.03501992,-0.01],[0.28461316,-0.02987933,0.95817775,-0.01]]]
[[[534.3797607421875,0,658.416748046875],[0,534.3797607421875,371.0879821777344],[0,0,1]],[[0.96647567,0.02362969,-0.2556712,-0.03],[-0.0151174,0.99926615,0.03520839,-0.01],[0.25631547,-0.03016295,0.96612352,-0.01]]]
[[[534.3797607421875,0,658.416748046875],[0,534.3797607421875,371.0879821777344],[0,0,1]],[[0.97380912,0.02376364,-0.22612494,-0.03],[-0.01654298,0.99929309,0.033774,-0.01],[0.22676764,-0.02914863,0.97351378,-0.01]]]
[[[534.3797607421875,0,658.416748046875],[0,534.3797607421875,371.0879821777344],[0,0,1]],[[0.98332655,0.02184894,-0.18053539,-0.03],[-0.0168765,0.99943656,0.02903328,-0.01],[0.18106797,-0.02550237,0.98314106,-0.01]]]
[[[534.3797607421875,0,658.416748046875],[0,534.3797607421875,371.0879821777344],[0,0,1]],[[0.99105656,0.02128717,-0.13173933,-0.03],[-0.01796638,0.99949205,0.02634499,-0.01],[0.13223317,-0.02374247,0.99093556,-0.01]]]
[[[534.3797607421875,0,658.416748046875],[0,534.3797607421875,371.0879821777344],[0,0,1]],[[0.99831158,0.02122874,-0.05408378,-0.03],[-0.01987343,0.99947858,0.02547542,-0.01],[0.05459637,-0.02435756,0.99821281,-0.01]]]
[[[534.3797607421875,0,658.416748046875],[0,534.3797607421875,371.0879821777344],[0,0,1]],[[0.9986282,0.01974571,0.04851199,-0.03],[-0.02084024,0.99953789,0.0221605,-0.01],[-0.04805202,-0.02314108,0.99857819,-0.]]]
[[[534.3797607421875,0,658.416748046875],[0,534.3797607421875,371.0879821777344],[0,0,1]],[[0.99272764,0.01932233,0.11882801,-0.03],[-0.02149318,0.99962497,0.01701424,-0.01],[-0.11845472,-0.01944447,0.99277055,-0.]]]
[[[534.3797607421875,0,658.416748046875],[0,534.3797607421875,371.0879821777344],[0,0,1]],[[0.98198926,0.01870368,0.18801326,-0.02],[-0.02120427,0.99971211,0.01129731,-0.01],[-0.18774785,-0.01508051,0.98210299,0.]]]
[[[534.3797607421875,0,658.416748046875],[0,534.3797607421875,371.0879821777344],[0,0,1]],[[0.96162218,0.02012045,0.27364185,-0.02],[-0.02234999,0.99973845,0.00503227,-0.01],[-0.27346897,-0.01095502,0.96182007,0.]]]
[[[534.3797607421875,0,658.416748046875],[0,534.3797607421875,371.0879821777344],[0,0,1]],[[0.9352107,0.02223925,0.35339546,-0.02],[-0.02151603,0.99975145,-0.00597554,-0.01],[-0.35344043,-0.00201526,0.93545645,0.01]]]
[[[534.3797607421875,0,658.416748046875],[0,534.3797607421875,371.0879821777344],[0,0,1]],[[0.8987245,0.02903628,0.43755352,-0.01],[-0.0206594,0.99950182,-0.0238936,-0.01],[-0.43802923,0.01243418,0.89887637,0.01]]]
[[[534.3797607421875,0,658.416748046875],[0,534.3797607421875,371.0879821777344],[0,0,1]],[[0.8914032,0.02807613,0.45234281,-0.01],[-0.01992093,0.99954277,-0.02278304,-0.01],[-0.45277554,0.01129779,0.89155465,0.01]]]
[[[534.3797607421875,0,658.416748046875],[0,534.3797607421875,371.0879821777344],[0,0,1]],[[0.87835056,0.02744402,0.47723052,-0.01],[-0.02043603,0.99959445,-0.01987072,-0.01],[-0.47758216,0.00770078,0.87855512,0.01]]]
[[[534.3797607421875,0,658.416748046875],[0,534.3797607421875,371.0879821777344],[0,0,1]],[[0.86011881,0.02740638,0.50935882,-0.01],[-0.02010519,0.99960184,-0.01983405,-0.01],[-0.50969964,0.00681889,0.8603273,0.02]]]
[[[534.3797607421875,0,658.416748046875],[0,534.3797607421875,371.0879821777344],[0,0,1]],[[0.85336328,0.02562494,0.52068847,-0.01],[-0.02026013,0.99966764,-0.01599268,-0.01],[-0.52092522,0.00309836,0.85359865,0.02]]]
[[[534.3797607421875,0,658.416748046875],[0,534.3797607421875,371.0879821777344],[0,0,1]],[[0.84435248,0.01728488,0.53551102,-0.],[-0.01703181,0.99984109,-0.00541784,-0.01],[-0.53551966,-0.00454614,0.84451252,0.02]]]
[[[534.3797607421875,0,658.416748046875],[0,534.3797607421875,371.0879821777344],[0,0,1]],[[0.84444219,0.01484351,0.53544283,-0.],[-0.01685363,0.99985814,-0.00113833,-0.01],[-0.53538376,-0.00806289,0.84457242,0.02]]]
[[[534.3797607421875,0,658.416748046875],[0,534.3797607421875,371.0879821777344],[0,0,1]],[[0.84516853,0.00959572,0.53441566,-0.],[-0.01648205,0.99983209,0.00811347,-0.01],[-0.53424799,-0.01566551,0.8451845,0.02]]]
[[[534.3797607421875,0,658.416748046875],[0,534.3797607421875,371.0879821777344],[0,0,1]],[[0.85168463,-0.00110978,0.5240556,-0.],[-0.01379458,0.99960476,0.02453545,-0.01],[-0.52387565,-0.02812557,0.85133231,0.02]]]
[[[534.3797607421875,0,658.416748046875],[0,534.3797607421875,371.0879821777344],[0,0,1]],[[0.87740868,-0.00220719,0.47974092,-0.],[-0.01316831,0.99950284,0.02868226,-0.01],[-0.47956559,-0.03148342,0.87694305,0.02]]]
[[[534.3797607421875,0,658.416748046875],[0,534.3797607421875,371.0879821777344],[0,0,1]],[[0.89660698,-0.00174017,0.44282612,-0.],[-0.01203699,0.99952799,0.02829954,-0.01],[-0.44266623,-0.03070384,0.89616251,0.02]]]
[[[534.3797607421875,0,658.416748046875],[0,534.3797607421875,371.0879821777344],[0,0,1]],[[0.91113567,0.00202768,0.4121041,-0.],[-0.01276347,0.99964797,0.02330059,-0.01],[-0.41191167,-0.02648986,0.91084045,0.02]]]
[[[534.3797607421875,0,658.416748046875],[0,534.3797607421875,371.0879821777344],[0,0,1]],[[0.94129026,0.00537277,0.33755863,-0.],[-0.01347105,0.99967569,0.02165289,-0.01],[-0.33733267,-0.0249289,0.94105703,0.01]]]
[[[534.3797607421875,0,658.416748046875],[0,534.3797607421875,371.0879821777344],[0,0,1]],[[0.9666689,0.00596557,0.25596461,-0.],[-0.01276784,0.99960876,0.02492146,-0.01],[-0.25571573,-0.02735889,0.96636647,0.01]]]
[[[534.3797607421875,0,658.416748046875],[0,534.3797607421875,371.0879821777344],[0,0,1]],[[0.99173307,0.0127553,0.12769145,-0.01],[-0.01571003,0.99963194,0.02215904,-0.02],[-0.12736176,-0.02398187,0.99156791,-0.01]]]
[[[534.3797607421875,0,658.416748046875],[0,534.3797607421875,371.0879821777344],[0,0,1]],[[0.99944955,0.01561003,0.02931029,-0.01],[-0.01635971,0.99954158,0.02551363,-0.02],[-0.0288986,-0.02597907,0.99924618,-0.01]]]
[[[534.3797607421875,0,658.416748046875],[0,534.3797607421875,371.0879821777344],[0,0,1]],[[0.99981028,0.01546659,-0.01194168,-0.02],[-0.01512906,0.99949843,0.02785785,-0.02],[0.01236652,-0.02767187,0.99954206,-0.01]]]
[[[534.3797607421875,0,658.416748046875],[0,534.3797607421875,371.0879821777344],[0,0,1]],[[0.99568897,0.01707507,-0.09118176,-0.02],[-0.01443786,0.99946135,0.02950452,-0.02],[0.09163637,-0.02806082,0.99539858,-0.02]]]
[[[534.3797607421875,0,658.416748046875],[0,534.3797607421875,371.0879821777344],[0,0,1]],[[0.98742437,0.01880328,-0.15697707,-0.02],[-0.01451975,0.99949247,0.02839019,-0.02],[0.15743111,-0.02575387,0.98719561,-0.02]]]
[[[534.3797607421875,0,658.416748046875],[0,534.3797607421875,371.0879821777344],[0,0,1]],[[0.97498763,0.02173756,-0.2211988,-0.02],[-0.0155016,0.99943405,0.02988901,-0.02],[0.22172314,-0.02571245,0.97477216,-0.02]]]
[[[534.3797607421875,0,658.416748046875],[0,534.3797607421875,371.0879821777344],[0,0,1]],[[0.96831089,0.02227274,-0.24875742,-0.02],[-0.01493812,0.99939835,0.03133426,-0.02],[0.24930544,-0.0266253,0.96806043,-0.03]]]
[[[534.3797607421875,0,658.416748046875],[0,534.3797607421875,371.0879821777344],[0,0,1]],[[0.95903349,0.02260817,-0.28239349,-0.02],[-0.0151116,0.99947488,0.02869686,-0.02],[0.28289378,-0.0232538,0.95887089,-0.03]]]
[[[534.3797607421875,0,658.416748046875],[0,534.3797607421875,371.0879821777344],[0,0,1]],[[0.95550191,0.02337669,-0.2940613,-0.02],[-0.01639281,0.99952352,0.02619259,-0.02],[0.29453322,-0.02020654,0.9554292,-0.03]]]
[[[534.3797607421875,0,658.416748046875],[0,534.3797607421875,371.0879821777344],[0,0,1]],[[0.95651257,0.0239457,-0.29071078,-0.03],[-0.01705798,0.99951202,0.02620431,-0.02],[0.29119611,-0.02010579,0.95645362,-0.03]]]
[[[534.3797607421875,0,658.416748046875],[0,534.3797607421875,371.0879821777344],[0,0,1]],[[0.96129483,0.02371533,-0.27450377,-0.03],[-0.01734934,0.99952269,0.02559607,-0.02],[0.27497953,-0.01984288,0.96124685,-0.03]]]
[[[534.3797607421875,0,658.416748046875],[0,534.3797607421875,371.0879821777344],[0,0,1]],[[0.97368425,0.02720979,-0.22627611,-0.03],[-0.02181035,0.99941623,0.02632864,-0.02],[0.22686027,-0.02070059,0.97370881,-0.03]]]
[[[534.3797607421875,0,658.416748046875],[0,534.3797607421875,371.0879821777344],[0,0,1]],[[0.9819575,0.02506921,-0.1874385,-0.03],[-0.02106556,0.99950683,0.02332177,-0.02],[0.1879306,-0.01895246,0.98200089,-0.03]]]
[[[534.3797607421875,0,658.416748046875],[0,534.3797607421875,371.0879821777344],[0,0,1]],[[0.99437469,0.02459728,-0.10303426,-0.04],[-0.02306204,0.9996056,0.0160655,-0.02],[0.10338873,-0.01359892,0.99454945,-0.03]]]
[[[534.3797607421875,0,658.416748046875],[0,534.3797607421875,371.0879821777344],[0,0,1]],[[0.99838191,0.02383654,-0.05164951,-0.03],[-0.02303294,0.99960577,0.01609908,-0.02],[0.05201286,-0.01488337,0.99853694,-0.02]]]
[[[534.3797607421875,0,658.416748046875],[0,534.3797607421875,371.0879821777344],[0,0,1]],[[0.99947935,0.0222427,0.02342184,-0.03],[-0.02257158,0.99964964,0.01387094,-0.02],[-0.02310511,-0.01439236,0.99963087,-0.02]]]
[[[534.3797607421875,0,658.416748046875],[0,534.3797607421875,371.0879821777344],[0,0,1]],[[0.99677497,0.02166397,0.07728454,-0.03],[-0.02256066,0.99968851,0.0107479,-0.02],[-0.07702761,-0.0124568,0.99695271,-0.02]]]
[[[534.3797607421875,0,658.416748046875],[0,534.3797607421875,371.0879821777344],[0,0,1]],[[0.9923743,0.02123487,0.12142798,-0.03],[-0.0231197,0.99963349,0.01413407,-0.02],[-0.12108332,-0.01683363,0.99250114,-0.01]]]
[[[534.3797607421875,0,658.416748046875],[0,534.3797607421875,371.0879821777344],[0,0,1]],[[0.97908682,0.02171604,0.20228584,-0.03],[-0.02336856,0.99971092,0.00578419,-0.02],[-0.20210171,-0.01039033,0.97931099,-0.01]]]
[[[534.3797607421875,0,658.416748046875],[0,534.3797607421875,371.0879821777344],[0,0,1]],[[0.96023148,0.02097158,0.27842048,-0.03],[-0.02235869,0.99974906,0.0018072,-0.02],[-0.27831259,-0.00796042,0.96045911,-0.01]]]
[[[534.3797607421875,0,658.416748046875],[0,534.3797607421875,371.0879821777344],[0,0,1]],[[0.95234942,0.02240444,0.30418912,-0.03],[-0.02293918,0.99973595,-0.00181613,-0.02],[-0.30414927,-0.00524823,0.95261151,-0.]]]
[[[534.3797607421875,0,658.416748046875],[0,534.3797607421875,371.0879821777344],[0,0,1]],[[0.94538909,0.02494009,0.32499227,-0.03],[-0.02416221,0.99968809,-0.00642989,-0.02],[-0.32505101,-0.00177376,0.94569635,-0.]]]
[[[534.3797607421875,0,658.416748046875],[0,534.3797607421875,371.0879821777344],[0,0,1]],[[0.91621071,0.02713397,0.39978063,-0.03],[-0.02343302,0.99962616,-0.01414345,-0.02],[-0.40001455,0.00359034,0.91650349,-0.]]]
[[[534.3797607421875,0,658.416748046875],[0,534.3797607421875,371.0879821777344],[0,0,1]],[[0.89554715,0.01381984,0.44475198,-0.01],[-0.01173381,0.99990344,-0.0074431,-0.],[-0.44481188,0.00144701,0.89562285,0.02]]]
[[[534.3797607421875,0,658.416748046875],[0,534.3797607421875,371.0879821777344],[0,0,1]],[[8.75291530e-01,1.43122100e-02,4.83383800e-01,-1.00000000e-02],[-1.26364100e-02,9.99897540e-01,-6.72385000e-03,0.00000000e+00],[-4.83430535e-01,-2.22905306e-04,8.75382721e-01,2.00000000e-02]]]
[[[534.3797607421875,0,658.416748046875],[0,534.3797607421875,371.0879821777344],[0,0,1]],[[8.57992470e-01,1.14603200e-02,5.13534430e-01,-0.00000000e+00],[-1.00832300e-02,9.99934200e-01,-5.46844000e-03,0.00000000e+00],[-5.13563216e-01,-4.86206816e-04,8.58051538e-01,2.00000000e-02]]]
[[[534.3797607421875,0,658.416748046875],[0,534.3797607421875,371.0879821777344],[0,0,1]],[[0.85575801,0.00976561,0.5172841,0.],[-0.01069286,0.99994212,-0.00118803,-0.],[-0.51726562,-0.00451458,0.85581291,0.02]]]
[[[534.3797607421875,0,658.416748046875],[0,534.3797607421875,371.0879821777344],[0,0,1]],[[0.85695499,0.00366656,0.51537818,0.],[-0.00946965,0.99991786,0.00863211,-0.],[-0.51530415,-0.01227778,0.85691947,0.02]]]
[[[534.3797607421875,0,658.416748046875],[0,534.3797607421875,371.0879821777344],[0,0,1]],[[0.85842496,0.00158232,0.51293683,0.],[-0.00910092,0.99988478,0.01214637,-0.],[-0.51285839,-0.01509494,0.85834068,0.02]]]
[[[534.3797607421875,0,658.416748046875],[0,534.3797607421875,371.0879821777344],[0,0,1]],[[0.86360532,-0.00564506,0.50413692,0.01],[-0.00507712,0.99978924,0.01989242,0.01],[-0.50414288,-0.01973877,0.86339492,0.02]]]
[[[534.3797607421875,0,658.416748046875],[0,534.3797607421875,371.0879821777344],[0,0,1]],[[0.89690638,0.00172913,0.44221708,0.01],[-0.00803207,0.9998911,0.01238097,0.],[-0.44214746,-0.0146565,0.89682287,0.02]]]
[[[534.3797607421875,0,658.416748046875],[0,534.3797607421875,371.0879821777344],[0,0,1]],[[0.90569305,0.00209476,0.42392924,0.],[-0.00890321,0.99986124,0.01408044,0.],[-0.42384079,-0.01652689,0.90558624,0.02]]]
[[[534.3797607421875,0,658.416748046875],[0,534.3797607421875,371.0879821777344],[0,0,1]],[[0.91695398,0.00283767,0.3989833,0.],[-0.00859074,0.99988329,0.01263205,0.],[-0.39890075,-0.01501057,0.91687167,0.02]]]
[[[534.3797607421875,0,658.416748046875],[0,534.3797607421875,371.0879821777344],[0,0,1]],[[0.935709,0.00217718,0.35276607,0.],[-0.00740944,0.99988163,0.01348247,-0.],[-0.35269496,-0.01522946,0.93561441,0.02]]]
[[[534.3797607421875,0,658.416748046875],[0,534.3797607421875,371.0879821777344],[0,0,1]],[[0.95089662,0.00355885,0.30948818,0.],[-0.00797161,0.99988377,0.01299481,-0.],[-0.30940598,-0.01482384,0.95081449,0.01]]]
[[[534.3797607421875,0,658.416748046875],[0,534.3797607421875,371.0879821777344],[0,0,1]],[[0.97131139,0.00315424,0.23779039,0.],[-0.0063756,0.99989802,0.01277923,-0.],[-0.23772584,-0.01392866,0.97123241,0.01]]]
[[[534.3797607421875,0,658.416748046875],[0,534.3797607421875,371.0879821777344],[0,0,1]],[[0.99002779,0.00601797,0.14074431,0.],[-0.00819337,0.99985582,0.01488203,-0.],[-0.14063443,-0.01588679,0.98993427,0.]]]
[[[534.3797607421875,0,658.416748046875],[0,534.3797607421875,371.0879821777344],[0,0,1]],[[0.99548155,0.0068843,0.09470666,-0.],[-0.00863574,0.99979907,0.0180959,-0.],[-0.09456306,-0.01883199,0.99534088,0.]]]
[[[534.3797607421875,0,658.416748046875],[0,534.3797607421875,371.0879821777344],[0,0,1]],[[0.99809015,0.00741643,0.06132974,-0.],[-0.00854543,0.9997986,0.01816685,-0.],[-0.06118266,-0.01865624,0.99795234,-0.]]]
[[[534.3797607421875,0,658.416748046875],[0,534.3797607421875,371.0879821777344],[0,0,1]],[[0.99972284,0.00909272,0.02172116,-0.],[-0.0094391,0.99982929,0.01589783,-0.],[-0.02157291,-0.01609845,0.99963778,-0.]]]
[[[534.3797607421875,0,658.416748046875],[0,534.3797607421875,371.0879821777344],[0,0,1]],[[0.99995285,0.00954289,0.0018602,-0.],[-0.00956944,0.99984443,0.01483223,-0.],[-0.00171838,-0.01484934,0.99988836,-0.01]]]
[[[534.3797607421875,0,658.416748046875],[0,534.3797607421875,371.0879821777344],[0,0,1]],[[0.999497,0.00934766,-0.03031194,-0.01],[-0.00886858,0.99983448,0.01590086,-0.],[0.03045553,-0.01562404,0.99941415,-0.01]]]
[[[534.3797607421875,0,658.416748046875],[0,534.3797607421875,371.0879821777344],[0,0,1]],[[0.9980219,0.00822081,-0.06232775,-0.01],[-0.00713012,0.99981791,0.01770144,-0.],[0.06246192,-0.01722202,0.99789876,-0.01]]]
[[[534.3797607421875,0,658.416748046875],[0,534.3797607421875,371.0879821777344],[0,0,1]],[[0.99552047,0.00950906,-0.09406675,-0.01],[-0.00820062,0.99986434,0.01428653,-0.],[0.09418983,-0.01345112,0.99546337,-0.01]]]
[[[534.3797607421875,0,658.416748046875],[0,534.3797607421875,371.0879821777344],[0,0,1]],[[0.99278408,0.00974462,-0.11951999,-0.01],[-0.0077052,0.99981707,0.01751371,-0.],[0.11966878,-0.01646641,0.99267745,-0.01]]]
[[[534.3797607421875,0,658.416748046875],[0,534.3797607421875,371.0879821777344],[0,0,1]],[[0.99199581,0.01035183,-0.12584554,-0.01],[-0.00852656,0.99985063,0.01503407,-0.],[0.12598236,-0.0138407,0.99193591,-0.01]]]
[[[534.3797607421875,0,658.416748046875],[0,534.3797607421875,371.0879821777344],[0,0,1]],[[0.99194694,0.01155322,-0.12612613,-0.01],[-0.00928997,0.99978536,0.01851785,-0.],[0.12631299,-0.01719701,0.99184138,-0.01]]]
[[[534.3797607421875,0,658.416748046875],[0,534.3797607421875,371.0879821777344],[0,0,1]],[[0.99344283,0.01159438,-0.11374068,-0.01],[-0.00930334,0.9997434,0.02065284,-0.],[0.11395095,-0.01945925,0.99329579,-0.01]]]
[[[534.3797607421875,0,658.416748046875],[0,534.3797607421875,371.0879821777344],[0,0,1]],[[0.99441367,0.01079479,-0.10499936,-0.01],[-0.00859857,0.99973518,0.0213468,-0.],[0.10520199,-0.02032471,0.99424314,-0.01]]]
[[[534.3797607421875,0,658.416748046875],[0,534.3797607421875,371.0879821777344],[0,0,1]],[[0.99457705,0.01108237,-0.10341007,-0.01],[-0.00865007,0.99967599,0.02393985,-0.],[0.10364188,-0.02291553,0.99435067,-0.01]]]
[[[534.3797607421875,0,658.416748046875],[0,534.3797607421875,371.0879821777344],[0,0,1]],[[0.99498743,0.01163665,-0.09932072,-0.01],[-0.0094774,0.99970895,0.0221844,-0.],[0.09954997,-0.0211319,0.99480814,-0.01]]]
[[[534.3797607421875,0,658.416748046875],[0,534.3797607421875,371.0879821777344],[0,0,1]],[[0.99645847,0.01200705,-0.08322584,-0.01],[-0.01015404,0.99969196,0.02265247,-0.01],[0.08347218,-0.02172716,0.99627322,-0.01]]]
[[[534.3797607421875,0,658.416748046875],[0,534.3797607421875,371.0879821777344],[0,0,1]],[[0.99891961,0.01258917,-0.04473947,-0.01],[-0.01176898,0.9997589,0.01854899,-0.01],[0.0449622,-0.0180024,0.99882656,-0.01]]]
[[[534.3797607421875,0,658.416748046875],[0,534.3797607421875,371.0879821777344],[0,0,1]],[[0.99991047,0.01250857,-0.0048304,-0.01],[-0.01243476,0.99981022,0.01501933,-0.01],[0.00501737,-0.01495791,0.99987578,-0.01]]]
[[[534.3797607421875,0,658.416748046875],[0,534.3797607421875,371.0879821777344],[0,0,1]],[[0.99886131,0.01169368,0.04626032,-0.01],[-0.01241883,0.99980432,0.01541936,-0.01],[-0.04607092,-0.0159763,0.99881065,-0.01]]]
[[[534.3797607421875,0,658.416748046875],[0,534.3797607421875,371.0879821777344],[0,0,1]],[[0.99165946,0.00933368,0.12855092,-0.01],[-0.01116177,0.99984694,0.01350769,-0.01],[-0.12840506,-0.01482988,0.9916113,-0.]]]
[[[534.3797607421875,0,658.416748046875],[0,534.3797607421875,371.0879821777344],[0,0,1]],[[0.98602527,0.00884686,0.16636367,-0.01],[-0.01128331,0.99984288,0.01370587,-0.01],[-0.16621618,-0.01539146,0.9859696,-0.]]]
[[[534.3797607421875,0,658.416748046875],[0,534.3797607421875,371.0879821777344],[0,0,1]],[[0.98178226,0.00741234,0.18986753,-0.01],[-0.00987386,0.99987948,0.01202175,-0.01],[-0.18975542,-0.01367746,0.9817366,0.]]]
[[[534.3797607421875,0,658.416748046875],[0,534.3797607421875,371.0879821777344],[0,0,1]],[[0.97707784,0.00848584,0.21271543,-0.01],[-0.01104605,0.99988061,0.01085032,-0.01],[-0.21259785,-0.01295128,0.97705448,0.]]]
[[[534.3797607421875,0,658.416748046875],[0,534.3797607421875,371.0879821777344],[0,0,1]],[[0.96864426,0.00708704,0.24835227,-0.01],[-0.00979352,0.99990582,0.00966395,-0.01],[-0.24826023,-0.01179317,0.96862197,0.]]]
[[[534.3797607421875,0,658.416748046875],[0,534.3797607421875,371.0879821777344],[0,0,1]],[[0.96076989,0.00645379,0.27727348,-0.01],[-0.0088676,0.99993336,0.00745242,-0.01],[-0.27720672,-0.00961881,0.96076256,0.]]]
[[[534.3797607421875,0,658.416748046875],[0,534.3797607421875,371.0879821777344],[0,0,1]],[[0.95302689,0.00788165,0.3027848,-0.],[-0.00964602,0.99994457,0.00433212,-0.01],[-0.30273366,-0.0070493,0.95304948,0.01]]]
[[[534.3797607421875,0,658.416748046875],[0,534.3797607421875,371.0879821777344],[0,0,1]],[[9.42876990e-01,1.06159900e-02,3.32973330e-01,-0.00000000e+00],[-1.10327946e-02,9.99939382e-01,-6.39020524e-04,-1.00000000e-02],[-3.32959710e-01,-3.07111000e-03,9.42936420e-01,1.00000000e-02]]]
[[[534.3797607421875,0,658.416748046875],[0,534.3797607421875,371.0879821777344],[0,0,1]],[[0.92896503,0.00844255,0.37007245,-0.],[-0.00746326,0.9999643,-0.00407795,-0.01],[-0.37009338,0.00102632,0.92899442,0.01]]]
[[[534.3797607421875,0,658.416748046875],[0,534.3797607421875,371.0879821777344],[0,0,1]],[[9.22930540e-01,9.13794000e-03,3.84859230e-01,-0.00000000e+00],[-8.13016000e-03,9.99958280e-01,-4.24566000e-03,-1.00000000e-02],[-3.84881645e-01,7.89482030e-04,9.22966003e-01,1.00000000e-02]]]
