[[[534.7328491210938,0,658.466552734375],[0,534.7328491210938,371.1052551269531],[0,0,1]],[[9.99872744e-01,1.59546528e-02,1.30050612e-05,0.00000000e+00],[-1.59497900e-02,9.99547240e-01,2.55122900e-02,0.00000000e+00],[3.94040486e-04,-2.55092494e-02,9.99674499e-01,0.00000000e+00]]]
[[[534.7328491210938,0,658.466552734375],[0,534.7328491210938,371.1052551269531],[0,0,1]],[[9.99874353e-01,1.58498585e-02,1.46831662e-04,0.00000000e+00],[-1.58484000e-02,9.99544080e-01,2.56985600e-02,0.00000000e+00],[2.60553788e-04,-2.56976578e-02,9.99669731e-01,-0.00000000e+00]]]
[[[534.7328491210938,0,658.466552734375],[0,534.7328491210938,371.1052551269531],[0,0,1]],[[9.99872088e-01,1.59897283e-02,3.91460489e-04,0.00000000e+00],[-1.59945000e-02,9.99535260e-01,2.59517300e-02,0.00000000e+00],[2.36825435e-05,-2.59546731e-02,9.99663115e-01,-0.00000000e+00]]]
[[[534.7328491210938,0,658.466552734375],[0,534.7328491210938,371.1052551269531],[0,0,1]],[[9.99873877e-01,1.58810876e-02,-8.41969450e-05,0.00000000e+00],[-1.58736600e-02,9.99542530e-01,2.57437100e-02,0.00000000e+00],[4.92996536e-04,-2.57391315e-02,9.99668598e-01,-0.00000000e+00]]]
[[[534.7328491210938,0,658.466552734375],[0,534.7328491210938,371.1052551269531],[0,0,1]],[[9.99873638e-01,1.58970989e-02,9.08163202e-06,0.00000000e+00],[-1.58921900e-02,9.99549930e-01,2.54426400e-02,0.00000000e+00],[3.95386654e-04,-2.54395735e-02,9.99676287e-01,0.00000000e+00]]]
[[[534.7328491210938,0,658.466552734375],[0,534.7328491210938,371.1052551269531],[0,0,1]],[[9.99872386e-01,1.59761533e-02,-8.09053745e-05,0.00000000e+00],[-1.59682200e-02,9.99511840e-01,2.68538400e-02,0.00000000e+00],[5.09886886e-04,-2.68491227e-02,9.99639392e-01,0.00000000e+00]]]
[[[534.7328491210938,0,658.466552734375],[0,534.7328491210938,371.1052551269531],[0,0,1]],[[9.99871314e-01,1.60423983e-02,8.80644948e-05,0.00000000e+00],[-1.60390100e-02,9.99513390e-01,2.67528800e-02,0.00000000e+00],[3.41158739e-04,-2.67508514e-02,9.99642074e-01,0.00000000e+00]]]
[[[534.7328491210938,0,658.466552734375],[0,534.7328491210938,371.1052551269531],[0,0,1]],[[9.99871194e-01,1.60511304e-02,-8.43449379e-06,0.00000000e+00],[-1.60449800e-02,9.99502300e-01,2.71611100e-02,0.00000000e+00],[4.44396806e-04,-2.71574762e-02,9.99631047e-01,0.00000000e+00]]]
[[[534.7328491210938,0,658.466552734375],[0,534.7328491210938,371.1052551269531],[0,0,1]],[[9.99870539e-01,1.60907470e-02,-1.24081373e-04,0.00000000e+00],[-1.60812500e-02,9.99492590e-01,2.74942600e-02,0.00000000e+00],[5.66421601e-04,-2.74887066e-02,9.99621928e-01,0.00000000e+00]]]
[[[534.7328491210938,0,658.466552734375],[0,534.7328491210938,371.1052551269531],[0,0,1]],[[9.99870539e-01,1.60913542e-02,2.42097303e-05,0.00000000e+00],[-1.60861200e-02,9.99504390e-01,2.70585700e-02,0.00000000e+00],[4.11211280e-04,-2.70554591e-02,9.99633849e-01,0.00000000e+00]]]
[[[534.7328491210938,0,658.466552734375],[0,534.7328491210938,371.1052551269531],[0,0,1]],[[9.99869645e-01,1.61441471e-02,-8.66054324e-05,0.00000000e+00],[-1.61361100e-02,9.99514880e-01,2.66395400e-02,0.00000000e+00],[5.16636006e-04,-2.66346671e-02,9.99645114e-01,0.00000000e+00]]]
[[[534.7328491210938,0,658.466552734375],[0,534.7328491210938,371.1052551269531],[0,0,1]],[[9.99868751e-01,1.62017085e-02,2.07346558e-04,0.00000000e+00],[-1.62015300e-02,9.99520120e-01,2.64010500e-02,0.00000000e+00],[2.20494971e-04,-2.64009424e-02,9.99651432e-01,0.00000000e+00]]]
[[[534.7328491210938,0,658.466552734375],[0,534.7328491210938,371.1052551269531],[0,0,1]],[[9.99864042e-01,1.64882261e-02,-4.93555272e-05,0.00000000e+00],[-1.64818300e-02,9.99551120e-01,2.50190200e-02,0.00000000e+00],[4.61852673e-04,-2.50148103e-02,9.99686956e-01,0.00000000e+00]]]
[[[534.7328491210938,0,658.466552734375],[0,534.7328491210938,371.1052551269531],[0,0,1]],[[9.99864161e-01,1.64787807e-02,-2.94291880e-04,-0.00000000e+00],[-1.64660000e-02,9.99542180e-01,2.53826600e-02,0.00000000e+00],[7.12432317e-04,-2.53743641e-02,9.99677777e-01,0.00000000e+00]]]
[[[534.7328491210938,0,658.466552734375],[0,534.7328491210938,371.1052551269531],[0,0,1]],[[9.99862731e-01,1.65669583e-02,-2.41340123e-04,-0.00000000e+00],[-1.65554400e-02,9.99538420e-01,2.54718300e-02,0.00000000e+00],[6.63219427e-04,-2.54643392e-02,9.99675512e-01,0.00000000e+00]]]
[[[534.7328491210938,0,658.466552734375],[0,534.7328491210938,371.1052551269531],[0,0,1]],[[9.99864757e-01,1.64422952e-02,-2.91606062e-04,-0.00000000e+00],[-1.64305200e-02,9.99575560e-01,2.40566600e-02,0.00000000e+00],[6.87028980e-04,-2.40486208e-02,9.99710560e-01,0.00000000e+00]]]
[[[534.7328491210938,0,658.466552734375],[0,534.7328491210938,371.1052551269531],[0,0,1]],[[9.99868512e-01,1.62154716e-02,9.08695802e-06,-0.00000000e+00],[-1.62111400e-02,9.99588190e-01,2.36788600e-02,0.00000000e+00],[3.74880619e-04,-2.36758925e-02,9.99719620e-01,0.00000000e+00]]]
[[[534.7328491210938,0,658.466552734375],[0,534.7328491210938,371.1052551269531],[0,0,1]],[[9.99863267e-01,1.65270250e-02,-5.23383031e-04,-0.00000000e+00],[-1.65091500e-02,9.99561070e-01,2.45993300e-02,0.00000000e+00],[9.29706963e-04,-2.45873258e-02,9.99697268e-01,0.00000000e+00]]]
[[[534.7328491210938,0,658.466552734375],[0,534.7328491210938,371.1052551269531],[0,0,1]],[[9.99866903e-01,1.63097531e-02,-3.41127015e-04,-0.00000000e+00],[-1.62967700e-02,9.99575670e-01,2.41423800e-02,0.00000000e+00],[7.34738423e-04,-2.41336022e-02,9.99708474e-01,0.00000000e+00]]]
[[[534.7328491210938,0,658.466552734375],[0,534.7328491210938,371.1052551269531],[0,0,1]],[[9.99860406e-01,1.66946501e-02,-6.95798546e-04,-0.00000000e+00],[-1.66726300e-02,9.99561430e-01,2.44734700e-02,0.00000000e+00],[1.10407000e-03,-2.44584500e-02,9.99700250e-01,0.00000000e+00]]]
[[[534.7328491210938,0,658.466552734375],[0,534.7328491210938,371.1052551269531],[0,0,1]],[[9.99859273e-01,1.67476963e-02,-9.43902007e-04,-0.00000000e+00],[-1.67198900e-02,9.99566140e-01,2.42485900e-02,0.00000000e+00],[1.34960000e-03,-2.42293900e-02,9.99705490e-01,0.00000000e+00]]]
[[[534.7328491210938,0,658.466552734375],[0,534.7328491210938,371.1052551269531],[0,0,1]],[[0.99985719,0.01687106,-0.00100867,-0.],[-0.01684163,0.99956357,0.02427041,0.],[0.0014177,-0.02424996,0.9997049,0.]]]
[[[534.7328491210938,0,658.466552734375],[0,534.7328491210938,371.1052551269531],[0,0,1]],[[9.99868393e-01,1.62161030e-02,-4.28145227e-04,-0.00000000e+00],[-1.62000700e-02,9.99548380e-01,2.53099100e-02,0.00000000e+00],[8.38379900e-04,-2.52996422e-02,9.99679565e-01,0.00000000e+00]]]
[[[534.7328491210938,0,658.466552734375],[0,534.7328491210938,371.1052551269531],[0,0,1]],[[9.99860764e-01,1.66647173e-02,-8.42647802e-04,-0.00000000e+00],[-1.66394600e-02,9.99568760e-01,2.41947200e-02,0.00000000e+00],[1.24548000e-03,-2.41773300e-02,9.99706920e-01,0.00000000e+00]]]
[[[534.7328491210938,0,658.466552734375],[0,534.7328491210938,371.1052551269531],[0,0,1]],[[0.99985939,0.01426523,-0.00881371,0.],[-0.01400863,0.99949509,0.02851969,0.],[0.0092161,-0.02839221,0.9995544,0.]]]
[[[534.7328491210938,0,658.466552734375],[0,534.7328491210938,371.1052551269531],[0,0,1]],[[0.99705851,0.01444387,-0.07527122,-0.],[-0.01195527,0.99937028,0.03340815,0.01],[0.07570636,-0.03240999,0.99660331,0.]]]
[[[534.7328491210938,0,658.466552734375],[0,534.7328491210938,371.1052551269531],[0,0,1]],[[0.98810828,0.01723703,-0.15279046,-0.01],[-0.01225827,0.99936461,0.03346794,0.01],[0.15327027,-0.031197,0.98769176,-0.]]]
[[[534.7328491210938,0,658.466552734375],[0,534.7328491210938,371.1052551269531],[0,0,1]],[[0.97909284,0.01873489,-0.20254898,-0.01],[-0.01208012,0.99934733,0.03404163,0.01],[0.20305458,-0.03088311,0.97868019,-0.]]]
[[[534.7328491210938,0,658.466552734375],[0,534.7328491210938,371.1052551269531],[0,0,1]],[[0.96889162,0.0190777,-0.24674846,-0.],[-0.01094775,0.99935222,0.03427847,0.01],[0.24724261,-0.03051079,0.96847308,-0.]]]
[[[534.7328491210938,0,658.466552734375],[0,534.7328491210938,371.1052551269531],[0,0,1]],[[0.95665014,0.02064368,-0.29050693,-0.],[-0.01071013,0.99930346,0.03574253,0.01],[0.29104248,-0.03108174,0.95620501,-0.01]]]
[[[534.7328491210938,0,658.466552734375],[0,534.7328491210938,371.1052551269531],[0,0,1]],[[0.93933582,0.02065049,-0.34237647,-0.],[-0.00926713,0.99934936,0.03485083,0.01],[0.34287342,-0.0295638,0.93891615,-0.01]]]
[[[534.7328491210938,0,658.466552734375],[0,534.7328491210938,371.1052551269531],[0,0,1]],[[0.92368633,0.02116637,-0.38256422,0.],[-0.00824233,0.99933934,0.0353903,0.],[0.38306063,-0.02953633,0.92325073,-0.01]]]
[[[534.7328491210938,0,658.466552734375],[0,534.7328491210938,371.1052551269531],[0,0,1]],[[0.91033137,0.02492107,-0.41312894,-0.],[-0.01043587,0.99925005,0.03728201,0.],[0.41374829,-0.02962764,0.90990895,-0.02]]]
[[[534.7328491210938,0,658.466552734375],[0,534.7328491210938,371.1052551269531],[0,0,1]],[[0.90884823,0.02520225,-0.41636455,-0.],[-0.01058661,0.99924499,0.03737492,0.01],[0.41699225,-0.02956027,0.90842909,-0.02]]]
[[[534.7328491210938,0,658.466552734375],[0,534.7328491210938,371.1052551269531],[0,0,1]],[[0.90883058,0.02813863,-0.4162153,-0.],[-0.01283072,0.99913585,0.03953091,0.01],[0.41696805,-0.03058658,0.90840638,-0.02]]]
[[[534.7328491210938,0,658.466552734375],[0,534.7328491210938,371.1052551269531],[0,0,1]],[[0.93344945,0.03227057,-0.35725486,-0.01],[-0.01842322,0.99894363,0.04209694,0.01],[0.35823593,-0.03271359,0.93305779,-0.02]]]
[[[534.7328491210938,0,658.466552734375],[0,534.7328491210938,371.1052551269531],[0,0,1]],[[0.94867104,0.02951615,-0.31488508,-0.01],[-0.01804676,0.99906528,0.03927822,0.01],[0.31575003,-0.03157946,0.94831675,-0.02]]]
[[[534.7328491210938,0,658.466552734375],[0,534.7328491210938,371.1052551269531],[0,0,1]],[[0.963229,0.03270692,-0.26668456,-0.02],[-0.02273127,0.99892461,0.04040856,0.01],[0.26771939,-0.03286062,0.96293652,-0.02]]]
[[[534.7328491210938,0,658.466552734375],[0,534.7328491210938,371.1052551269531],[0,0,1]],[[0.98005044,0.03565478,-0.19552657,-0.03],[-0.02826527,0.9987815,0.04045466,0.02],[0.19673075,-0.03412099,0.97986376,-0.01]]]
[[[534.7328491210938,0,658.466552734375],[0,534.7328491210938,371.1052551269531],[0,0,1]],[[0.99789298,0.03138142,-0.05679359,-0.03],[-0.02934066,0.99890584,0.03641698,0.02],[0.05787432,-0.03467388,0.99772167,-0.01]]]
[[[534.7328491210938,0,658.466552734375],[0,534.7328491210938,371.1052551269531],[0,0,1]],[[0.99851209,0.02834774,0.04659108,-0.03],[-0.02988342,0.99902159,0.03260159,0.02],[-0.04562124,-0.03394538,0.99838203,-0.]]]
[[[534.7328491210938,0,658.466552734375],[0,534.7328491210938,371.1052551269531],[0,0,1]],[[0.99243331,0.02556858,0.12009615,-0.02],[-0.02945399,0.9990949,0.03068938,0.02],[-0.11920268,-0.03399448,0.99228793,0.]]]
[[[534.7328491210938,0,658.466552734375],[0,534.7328491210938,371.1052551269531],[0,0,1]],[[0.98361152,0.02493872,0.17856984,-0.02],[-0.03088524,0.99905449,0.03059827,0.02],[-0.17763783,-0.03561199,0.98345149,0.01]]]
[[[534.7328491210938,0,658.466552734375],[0,534.7328491210938,371.1052551269531],[0,0,1]],[[0.97318268,0.02316603,0.2288662,-0.02],[-0.03058362,0.99911386,0.0289162,0.02],[-0.22799343,-0.03514031,0.97302848,0.01]]]
[[[534.7328491210938,0,658.466552734375],[0,534.7328491210938,371.1052551269531],[0,0,1]],[[0.96642977,0.02104574,0.25606936,-0.02],[-0.02970878,0.99910802,0.03000933,0.02],[-0.25520927,-0.03660942,0.9661926,0.01]]]
[[[534.7328491210938,0,658.466552734375],[0,534.7328491210938,371.1052551269531],[0,0,1]],[[0.96181339,0.01916718,0.27303636,-0.01],[-0.02910789,0.99905092,0.0324036,0.02],[-0.27215597,-0.03911372,0.96145797,0.02]]]
[[[534.7328491210938,0,658.466552734375],[0,534.7328491210938,371.1052551269531],[0,0,1]],[[0.99930048,0.01918467,0.03211943,-0.02],[-0.02047316,0.99897867,0.04027934,0.03],[-0.0313139,-0.04090874,0.99867207,0.01]]]
[[[534.7328491210938,0,658.466552734375],[0,534.7328491210938,371.1052551269531],[0,0,1]],[[0.99725288,0.02125942,-0.07096463,-0.02],[-0.01819841,0.99888742,0.04350575,0.03],[0.07181051,-0.04209477,0.99652964,0.]]]
[[[534.7328491210938,0,658.466552734375],[0,534.7328491210938,371.1052551269531],[0,0,1]],[[0.99067265,0.02212983,-0.13445975,-0.02],[-0.01584682,0.99873996,0.04761983,0.03],[0.13534401,-0.04504488,0.98977423,-0.]]]
[[[534.7328491210938,0,658.466552734375],[0,534.7328491210938,371.1052551269531],[0,0,1]],[[0.9612627,0.02493748,-0.27450648,-0.02],[-0.01173931,0.99869937,0.04961815,0.03],[0.27538657,-0.04447353,0.96030432,-0.01]]]
[[[534.7328491210938,0,658.466552734375],[0,534.7328491210938,371.1052551269531],[0,0,1]],[[0.9265008,0.02905671,-0.37517127,-0.02],[-0.01012146,0.99857795,0.05234373,0.03],[0.37615836,-0.0446992,0.92547661,-0.01]]]
[[[534.7328491210938,0,658.466552734375],[0,534.7328491210938,371.1052551269531],[0,0,1]],[[0.89843935,0.02908297,-0.43813553,-0.02],[-0.00778931,0.998703,0.05032013,0.03],[0.43903026,-0.04179678,0.89749962,-0.02]]]
[[[534.7328491210938,0,658.466552734375],[0,534.7328491210938,371.1052551269531],[0,0,1]],[[0.85877973,0.02903397,-0.51152349,-0.02],[-0.00556058,0.99886268,0.04735982,0.03],[0.51231617,-0.03782726,0.85796356,-0.02]]]
[[[534.7328491210938,0,658.466552734375],[0,534.7328491210938,371.1052551269531],[0,0,1]],[[0.82853127,0.02456902,-0.55940521,-0.01],[-0.00100958,0.99910122,0.04238516,0.03],[0.5599432,-0.03455264,0.82781047,-0.03]]]
[[[534.7328491210938,0,658.466552734375],[0,534.7328491210938,371.1052551269531],[0,0,1]],[[0.79718947,0.02685205,-0.6031335,-0.01],[-0.00208788,0.99912751,0.04172244,0.03],[0.6037268,-0.03200139,0.79654902,-0.03]]]
[[[534.7328491210938,0,658.466552734375],[0,534.7328491210938,371.1052551269531],[0,0,1]],[[0.80612361,0.04213923,-0.5902468,-0.03],[-0.01293324,0.99847811,0.05362051,0.03],[0.59160715,-0.03559091,0.80544072,-0.03]]]
[[[534.7328491210938,0,658.466552734375],[0,534.7328491210938,371.1052551269531],[0,0,1]],[[0.84179014,0.04193269,-0.538176,-0.03],[-0.01435528,0.9983651,0.05533508,0.04],[0.53961587,-0.0388548,0.84101474,-0.03]]]
[[[534.7328491210938,0,658.466552734375],[0,534.7328491210938,371.1052551269531],[0,0,1]],[[0.91597885,0.04434729,-0.39877114,-0.04],[-0.0228802,0.99802947,0.05843489,0.04],[0.4005762,-0.04440111,0.91518736,-0.02]]]
[[[534.7328491210938,0,658.466552734375],[0,534.7328491210938,371.1052551269531],[0,0,1]],[[0.95785034,0.03990051,-0.28448722,-0.04],[-0.02497284,0.998124,0.05590914,0.05],[0.28618389,-0.04644808,0.95704848,-0.01]]]
[[[534.7328491210938,0,658.466552734375],[0,534.7328491210938,371.1052551269531],[0,0,1]],[[0.97434169,0.04107168,-0.22130023,-0.04],[-0.029427,0.99801648,0.05566325,0.05],[0.22314715,-0.04772276,0.9736163,-0.01]]]
[[[534.7328491210938,0,658.466552734375],[0,534.7328491210938,371.1052551269531],[0,0,1]],[[0.99078834,0.04028228,-0.12929891,-0.04],[-0.03355672,0.99798942,0.05378006,0.05],[0.13120514,-0.04894574,0.9901467,-0.]]]
[[[534.7328491210938,0,658.466552734375],[0,534.7328491210938,371.1052551269531],[0,0,1]],[[0.99863261,0.03739375,-0.03656559,-0.04],[-0.03555609,0.99813277,0.04967789,0.05],[0.03835488,-0.04830976,0.99809623,0.]]]
[[[534.7328491210938,0,658.466552734375],[0,534.7328491210938,371.1052551269531],[0,0,1]],[[0.99826014,0.03599802,0.04672434,-0.04],[-0.03811244,0.99825221,0.04517974,0.05],[-0.04501627,-0.04688186,0.99788618,0.01]]]
[[[534.7328491210938,0,658.466552734375],[0,534.7328491210938,371.1052551269531],[0,0,1]],[[0.99353415,0.03273458,0.10872307,-0.03],[-0.03776246,0.99829549,0.04451195,0.05],[-0.10708058,-0.04832973,0.99307561,0.01]]]
[[[534.7328491210938,0,658.466552734375],[0,534.7328491210938,371.1052551269531],[0,0,1]],[[0.98788178,0.03243871,0.15178819,-0.03],[-0.03888139,0.99845654,0.03967068,0.05],[-0.1502669,-0.04509163,0.98761725,0.01]]]
[[[534.7328491210938,0,658.466552734375],[0,534.7328491210938,371.1052551269531],[0,0,1]],[[0.98165196,0.03157192,0.18805598,-0.03],[-0.03924767,0.99853611,0.03723262,0.05],[-0.18660499,-0.04393019,0.98145294,0.02]]]
[[[534.7328491210938,0,658.466552734375],[0,534.7328491210938,371.1052551269531],[0,0,1]],[[0.9760499,0.03144348,0.21526788,-0.03],[-0.03983498,0.99860215,0.03475377,0.05],[-0.21387397,-0.04249657,0.97593707,0.02]]]
[[[534.7328491210938,0,658.466552734375],[0,534.7328491210938,371.1052551269531],[0,0,1]],[[0.96952385,0.03249383,0.24283844,-0.03],[-0.04079609,0.99874026,0.02923691,0.05],[-0.24158223,-0.0382527,0.96962684,0.02]]]
[[[534.7328491210938,0,658.466552734375],[0,534.7328491210938,371.1052551269531],[0,0,1]],[[0.96458429,0.03088069,0.26196578,-0.03],[-0.04037979,0.99870551,0.03095426,0.05],[-0.26067042,-0.04043607,0.96458143,0.02]]]
[[[534.7328491210938,0,658.466552734375],[0,534.7328491210938,371.1052551269531],[0,0,1]],[[0.9630695,0.02748573,0.26785171,-0.03],[-0.03877651,0.9985652,0.03695384,0.05],[-0.26645127,-0.04597542,0.9627521,0.02]]]
[[[534.7328491210938,0,658.466552734375],[0,534.7328491210938,371.1052551269531],[0,0,1]],[[0.98052132,0.02067079,0.19532937,-0.],[-0.03026478,0.99847156,0.04626049,0.06],[-0.19407427,-0.05127093,0.9796468,0.01]]]
[[[534.7328491210938,0,658.466552734375],[0,534.7328491210938,371.1052551269531],[0,0,1]],[[0.99947655,0.0271989,0.01759871,-0.01],[-0.02811523,0.99814016,0.05410412,0.06],[-0.01609434,-0.05457051,0.9983809,0.01]]]
[[[534.7328491210938,0,658.466552734375],[0,534.7328491210938,371.1052551269531],[0,0,1]],[[0.99322379,0.03222477,-0.1116735,-0.02],[-0.02604962,0.99807352,0.05632152,0.06],[0.1132732,-0.05303074,0.9921484,0.]]]
[[[534.7328491210938,0,658.466552734375],[0,534.7328491210938,371.1052551269531],[0,0,1]],[[0.97869575,0.03558263,-0.20221674,-0.02],[-0.02405602,0.99795848,0.05917656,0.06],[0.20390929,-0.05305123,0.97755206,-0.]]]
[[[534.7328491210938,0,658.466552734375],[0,534.7328491210938,371.1052551269531],[0,0,1]],[[0.95767778,0.03612135,-0.28557256,-0.02],[-0.01968808,0.99799246,0.06020898,0.06],[0.28717366,-0.05203834,0.95646471,-0.01]]]
[[[534.7328491210938,0,658.466552734375],[0,534.7328491210938,371.1052551269531],[0,0,1]],[[0.92805767,0.03826193,-0.37047011,-0.01],[-0.01658804,0.99796927,0.06151538,0.05],[0.37207088,-0.05094437,0.92680597,-0.01]]]
[[[534.7328491210938,0,658.466552734375],[0,534.7328491210938,371.1052551269531],[0,0,1]],[[0.90957761,0.03911011,-0.41369325,-0.01],[-0.0147791,0.99797678,0.06185325,0.05],[0.41527477,-0.05014624,0.90831363,-0.02]]]
[[[534.7328491210938,0,658.466552734375],[0,534.7328491210938,371.1052551269531],[0,0,1]],[[0.88368124,0.03930819,-0.4664391,-0.01],[-0.0105264,0.99788558,0.06415226,0.05],[0.46797386,-0.05178015,0.88222492,-0.02]]]
[[[534.7328491210938,0,658.466552734375],[0,534.7328491210938,371.1052551269531],[0,0,1]],[[0.85555917,0.0414665,-0.51604468,-0.01],[-0.00911042,0.99783963,0.06507663,0.05],[0.51762766,-0.05097543,0.854087,-0.02]]]
[[[534.7328491210938,0,658.466552734375],[0,534.7328491210938,371.1052551269531],[0,0,1]],[[0.83295566,0.03895278,-0.55197001,-0.01],[-0.00782263,0.99824935,0.05864216,0.04],[0.55328721,-0.04452838,0.83180046,-0.03]]]
[[[534.7328491210938,0,658.466552734375],[0,534.7328491210938,371.1052551269531],[0,0,1]],[[0.82246327,0.04342339,-0.5671612,-0.02],[-0.01050241,0.99807215,0.06118518,0.05],[0.5687238,-0.04436591,0.8213321,-0.03]]]
[[[534.7328491210938,0,658.466552734375],[0,534.7328491210938,371.1052551269531],[0,0,1]],[[0.84493625,0.05048426,-0.53248239,-0.03],[-0.01693597,0.99756265,0.06770448,0.05],[0.53460169,-0.04818777,0.84373003,-0.03]]]
[[[534.7328491210938,0,658.466552734375],[0,534.7328491210938,371.1052551269531],[0,0,1]],[[0.91799903,0.05183853,-0.39318463,-0.03],[-0.02581217,0.99712908,0.07119861,0.06],[0.39574605,-0.05521119,0.91669965,-0.02]]]
[[[534.7328491210938,0,658.466552734375],[0,534.7328491210938,371.1052551269531],[0,0,1]],[[0.93812364,0.05170488,-0.34242395,-0.04],[-0.02922084,0.99708456,0.07050154,0.07],[0.34507042,-0.05613313,0.93689746,-0.02]]]
[[[534.7328491210938,0,658.466552734375],[0,534.7328491210938,371.1052551269531],[0,0,1]],[[0.9615224,0.05266271,-0.26963842,-0.04],[-0.03504261,0.99694961,0.06975214,0.07],[0.27248895,-0.05761929,0.96043289,-0.02]]]
[[[534.7328491210938,0,658.466552734375],[0,534.7328491210938,371.1052551269531],[0,0,1]],[[0.98717713,0.05383634,-0.15028825,-0.05],[-0.04421058,0.99679589,0.06667335,0.07],[0.15339608,-0.05917396,0.98639214,-0.01]]]
[[[534.7328491210938,0,658.466552734375],[0,534.7328491210938,371.1052551269531],[0,0,1]],[[0.99683499,0.05059481,-0.06134955,-0.05],[-0.04670037,0.99690014,0.06333304,0.08],[0.06436381,-0.06026743,0.99610573,-0.01]]]
[[[534.7328491210938,0,658.466552734375],[0,534.7328491210938,371.1052551269531],[0,0,1]],[[0.99782401,0.04663529,0.04664743,-0.04],[-0.04951411,0.99681115,0.06259188,0.08],[-0.04357936,-0.06476525,0.9969492,-0.]]]
[[[534.7328491210938,0,658.466552734375],[0,534.7328491210938,371.1052551269531],[0,0,1]],[[0.99198049,0.04415991,0.11844181,-0.03],[-0.05130797,0.99699861,0.05799552,0.08],[-0.11552476,-0.06360729,0.99126673,0.]]]
[[[534.7328491210938,0,658.466552734375],[0,534.7328491210938,371.1052551269531],[0,0,1]],[[0.98717356,0.04270668,0.15384515,-0.03],[-0.05191418,0.99706233,0.0563362,0.08],[-0.15098672,-0.06360021,0.98648852,0.01]]]
[[[534.7328491210938,0,658.466552734375],[0,534.7328491210938,371.1052551269531],[0,0,1]],[[0.98271072,0.04226075,0.18027103,-0.03],[-0.05263642,0.99719864,0.05316427,0.08],[-0.17751865,-0.06173378,0.98218012,0.01]]]
[[[534.7328491210938,0,658.466552734375],[0,534.7328491210938,371.1052551269531],[0,0,1]],[[0.97963905,0.04152224,0.19643702,-0.03],[-0.05288102,0.99719805,0.05293492,0.09],[-0.19368793,-0.06224477,0.97908759,0.01]]]
[[[534.7328491210938,0,658.466552734375],[0,534.7328491210938,371.1052551269531],[0,0,1]],[[0.97625953,0.04173054,0.21255636,-0.03],[-0.05403057,0.99716526,0.05238883,0.09],[-0.20976682,-0.06262949,0.97574455,0.01]]]
[[[534.7328491210938,0,658.466552734375],[0,534.7328491210938,371.1052551269531],[0,0,1]],[[0.9720639,0.04044374,0.23121506,-0.03],[-0.05388107,0.99718869,0.05209763,0.09],[-0.22845715,-0.06310018,0.97150803,0.02]]]
[[[534.7328491210938,0,658.466552734375],[0,534.7328491210938,371.1052551269531],[0,0,1]],[[0.97044915,0.03833782,0.23824985,-0.03],[-0.05282004,0.99710613,0.05469986,0.09],[-0.23546249,-0.06566763,0.9696635,0.02]]]
[[[534.7328491210938,0,658.466552734375],[0,534.7328491210938,371.1052551269531],[0,0,1]],[[0.96904081,0.03665071,0.24417455,-0.03],[-0.05260392,0.99686438,0.05913596,0.09],[-0.24124065,-0.07014951,0.96792775,0.02]]]
[[[534.7328491210938,0,658.466552734375],[0,534.7328491210938,371.1052551269531],[0,0,1]],[[0.99704826,0.01902777,0.07443445,-0.03],[-0.02059407,0.99958134,0.02033195,0.1],[-0.07401587,-0.02180479,0.99701917,0.02]]]
[[[534.7328491210938,0,658.466552734375],[0,534.7328491210938,371.1052551269531],[0,0,1]],[[0.99194312,0.02587379,-0.12401409,-0.03],[-0.02234261,0.99930674,0.02978096,0.09],[0.12469866,-0.02677022,0.99183351,0.01]]]
[[[534.7328491210938,0,658.466552734375],[0,534.7328491210938,371.1052551269531],[0,0,1]],[[0.94163221,0.0331808,-0.33500415,-0.02],[-0.02287866,0.99913746,0.034653,0.09],[0.33586505,-0.02496594,0.94157928,-0.01]]]
[[[534.7328491210938,0,658.466552734375],[0,534.7328491210938,371.1052551269531],[0,0,1]],[[0.86483884,0.04138387,-0.500341,-0.02],[-0.02505468,0.99891269,0.03931442,0.09],[0.50142407,-0.02146476,0.86493558,-0.02]]]
[[[534.7328491210938,0,658.466552734375],[0,534.7328491210938,371.1052551269531],[0,0,1]],[[0.81481409,0.04215705,-0.57818735,-0.02],[-0.02238015,0.99889618,0.04129262,0.09],[0.57929015,-0.0207059,0.8148585,-0.02]]]
[[[534.7328491210938,0,658.466552734375],[0,534.7328491210938,371.1052551269531],[0,0,1]],[[0.77363747,0.0445358,-0.63206106,-0.01],[-0.02143752,0.99879521,0.04413702,0.09],[0.63326544,-0.02059625,0.77366054,-0.02]]]
[[[534.7328491210938,0,658.466552734375],[0,534.7328491210938,371.1052551269531],[0,0,1]],[[0.74522752,0.05270828,-0.6647234,-0.01],[-0.02231667,0.9982838,0.05413807,0.09],[0.66643643,-0.02551079,0.74512535,-0.02]]]
[[[534.7328491210938,0,658.466552734375],[0,534.7328491210938,371.1052551269531],[0,0,1]],[[0.75297505,0.05314135,-0.65589929,-0.02],[-0.02625348,0.998366,0.05074911,0.1],[0.6575247,-0.0209932,0.75314039,-0.02]]]
[[[534.7328491210938,0,658.466552734375],[0,534.7328491210938,371.1052551269531],[0,0,1]],[[0.84777945,0.06371757,-0.52650702,-0.04],[-0.03972278,0.99759662,0.05676711,0.12],[0.52885878,-0.02721171,0.84827358,-0.02]]]
[[[534.7328491210938,0,658.466552734375],[0,534.7328491210938,371.1052551269531],[0,0,1]],[[0.94315642,0.0559202,-0.3276099,-0.04],[-0.04193688,0.99788809,0.04959882,0.12],[0.3296915,-0.03304054,0.94351029,-0.02]]]
[[[534.7328491210938,0,658.466552734375],[0,534.7328491210938,371.1052551269531],[0,0,1]],[[0.96914369,0.05832718,-0.23949471,-0.05],[-0.04801957,0.99766034,0.04865599,0.12],[0.24177219,-0.03565423,0.96967763,-0.02]]]
[[[534.7328491210938,0,658.466552734375],[0,534.7328491210938,371.1052551269531],[0,0,1]],[[0.99546754,0.05309482,-0.07889535,-0.05],[-0.04998786,0.9979139,0.04084864,0.12],[0.08089937,-0.03671969,0.99604553,-0.01]]]
[[[534.7328491210938,0,658.466552734375],[0,534.7328491210938,371.1052551269531],[0,0,1]],[[0.99632287,0.04870887,0.07047953,-0.04],[-0.05102308,0.9982031,0.03141524,0.12],[-0.068823,-0.0348958,0.99701828,-0.]]]
[[[534.7328491210938,0,658.466552734375],[0,534.7328491210938,371.1052551269531],[0,0,1]],[[0.98380357,0.04541797,0.17339793,-0.04],[-0.0510398,0.99830109,0.02809919,0.13],[-0.1718275,-0.03649428,0.98445076,0.01]]]
[[[534.7328491210938,0,658.466552734375],[0,534.7328491210938,371.1052551269531],[0,0,1]],[[0.97165114,0.04313284,0.23244968,-0.04],[-0.050687,0.99835962,0.02662091,0.13],[-0.23092052,-0.03764842,0.97224396,0.01]]]
[[[534.7328491210938,0,658.466552734375],[0,534.7328491210938,371.1052551269531],[0,0,1]],[[0.96222883,0.04139958,0.26907396,-0.03],[-0.0499663,0.99843621,0.02506451,0.13],[-0.26761594,-0.03756242,0.96279311,0.01]]]
[[[534.7328491210938,0,658.466552734375],[0,534.7328491210938,371.1052551269531],[0,0,1]],[[0.96052152,0.0397186,0.27535436,-0.03],[-0.04922038,0.99840432,0.02768087,0.13],[-0.27381599,-0.04014112,0.96094406,0.01]]]
[[[534.7328491210938,0,658.466552734375],[0,534.7328491210938,371.1052551269531],[0,0,1]],[[0.99354321,0.02040847,0.11162199,-0.02],[-0.02245677,0.99960166,0.01712481,0.14],[-0.11122741,-0.0195209,0.99360335,0.]]]
[[[534.7328491210938,0,658.466552734375],[0,534.7328491210938,371.1052551269531],[0,0,1]],[[0.9980461,0.02548845,-0.05704725,-0.02],[-0.02418105,0.99943149,0.02349215,0.14],[0.0576136,-0.02206678,0.9980951,-0.01]]]
[[[534.7328491210938,0,658.466552734375],[0,534.7328491210938,371.1052551269531],[0,0,1]],[[0.98213589,0.02996665,-0.18577173,-0.02],[-0.02483151,0.99924409,0.02990814,0.14],[0.18652757,-0.02476086,0.98213768,-0.01]]]
[[[534.7328491210938,0,658.466552734375],[0,534.7328491210938,371.1052551269531],[0,0,1]],[[0.94838887,0.03430638,-0.31524867,-0.02],[-0.02476815,0.99910754,0.03421404,0.14],[0.31614113,-0.02464008,0.94839221,-0.02]]]
[[[534.7328491210938,0,658.466552734375],[0,534.7328491210938,371.1052551269531],[0,0,1]],[[0.91150486,0.03824426,-0.40950745,-0.02],[-0.02579641,0.99902314,0.03588056,0.13],[0.41047966,-0.02214146,0.91160113,-0.02]]]
[[[534.7328491210938,0,658.466552734375],[0,534.7328491210938,371.1052551269531],[0,0,1]],[[0.8929978,0.0367823,-0.44855571,-0.02],[-0.02407176,0.99913174,0.03400768,0.13],[0.44941711,-0.01957123,0.89310795,-0.03]]]
[[[534.7328491210938,0,658.466552734375],[0,534.7328491210938,371.1052551269531],[0,0,1]],[[0.85187715,0.03328609,-0.52268308,-0.02],[-0.02060526,0.99933594,0.03005802,0.13],[0.52333647,-0.01483569,0.85199732,-0.03]]]
[[[534.7328491210938,0,658.466552734375],[0,534.7328491210938,371.1052551269531],[0,0,1]],[[0.85783863,0.0448803,-0.51195627,-0.03],[-0.0287204,0.9988094,0.03943577,0.14],[0.5131166,-0.01912592,0.85810614,-0.03]]]
[[[534.7328491210938,0,658.466552734375],[0,534.7328491210938,371.1052551269531],[0,0,1]],[[0.9190622,0.05357056,-0.39045542,-0.06],[-0.03958182,0.99825644,0.04379244,0.15],[0.39212066,-0.02479301,0.91958004,-0.04]]]
[[[534.7328491210938,0,658.466552734375],[0,534.7328491210938,371.1052551269531],[0,0,1]],[[0.97571063,0.04929218,-0.21344693,-0.06],[-0.04192743,0.99836338,0.03889706,0.15],[0.21501499,-0.02900299,0.97618043,-0.03]]]
[[[534.7328491210938,0,658.466552734375],[0,534.7328491210938,371.1052551269531],[0,0,1]],[[0.99742067,0.04486988,-0.0560288,-0.06],[-0.04319024,0.99859101,0.03083798,0.15],[0.05733367,-0.02833853,0.99795318,-0.02]]]
[[[534.7328491210938,0,658.466552734375],[0,534.7328491210938,371.1052551269531],[0,0,1]],[[0.99426568,0.04187823,0.09840028,-0.05],[-0.04433464,0.99875426,0.02291001,0.16],[-0.09731814,-0.02714115,0.99488366,-0.01]]]
[[[534.7328491210938,0,658.466552734375],[0,534.7328491210938,371.1052551269531],[0,0,1]],[[0.97803962,0.03847968,0.20483793,-0.04],[-0.04305812,0.9989118,0.01793982,0.16],[-0.20392457,-0.02636579,0.97863209,-0.01]]]
[[[534.7328491210938,0,658.466552734375],[0,534.7328491210938,371.1052551269531],[0,0,1]],[[0.96567893,0.03923722,0.25676015,-0.04],[-0.0444776,0.99890369,0.01463195,0.16],[-0.25590435,-0.02554982,0.9663651,-0.]]]
[[[534.7328491210938,0,658.466552734375],[0,534.7328491210938,371.1052551269531],[0,0,1]],[[0.95122981,0.03730831,0.30622035,-0.04],[-0.04353201,0.99896115,0.01351779,0.16],[-0.30539769,-0.02618889,0.95186538,0.]]]
[[[534.7328491210938,0,658.466552734375],[0,534.7328491210938,371.1052551269531],[0,0,1]],[[0.94051373,0.03526028,0.33792278,-0.04],[-0.04286278,0.99896806,0.01506019,0.16],[-0.33704278,-0.02864859,0.94105405,0.]]]
[[[534.7328491210938,0,658.466552734375],[0,534.7328491210938,371.1052551269531],[0,0,1]],[[0.93299866,0.03147904,0.35850203,-0.04],[-0.04129438,0.99895233,0.01975327,0.16],[-0.35750437,-0.03323386,0.9333207,0.]]]
[[[534.7328491210938,0,658.466552734375],[0,534.7328491210938,371.1052551269531],[0,0,1]],[[0.95055044,0.02445108,0.30960783,-0.02],[-0.03328993,0.99917477,0.02329696,0.16],[-0.30878243,-0.03245171,0.9505797,0.]]]
[[[534.7328491210938,0,658.466552734375],[0,534.7328491210938,371.1052551269531],[0,0,1]],[[0.99259341,0.03018817,0.11767767,-0.03],[-0.03356758,0.9990766,0.02684211,0.16],[-0.11675847,-0.03059342,0.99268973,-0.]]]
[[[534.7328491210938,0,658.466552734375],[0,534.7328491210938,371.1052551269531],[0,0,1]],[[0.99886608,0.03473692,-0.03257072,-0.03],[-0.03374963,0.9989689,0.03038619,0.15],[0.03359282,-0.02925245,0.99900818,-0.01]]]
[[[534.7328491210938,0,658.466552734375],[0,534.7328491210938,371.1052551269531],[0,0,1]],[[0.9861269,0.03846464,-0.16147789,-0.03],[-0.03350465,0.99888325,0.03332838,0.15],[0.16257964,-0.02745572,0.98631406,-0.02]]]
[[[534.7328491210938,0,658.466552734375],[0,534.7328491210938,371.1052551269531],[0,0,1]],[[0.95666593,0.04214526,-0.28812361,-0.03],[-0.03311397,0.99879813,0.03614961,0.14],[0.28930092,-0.02504215,0.95691144,-0.02]]]
[[[534.7328491210938,0,658.466552734375],[0,534.7328491210938,371.1052551269531],[0,0,1]],[[0.9205265,0.04475094,-0.38811007,-0.03],[-0.03340109,0.99879605,0.03594448,0.14],[0.38925144,-0.02012452,0.92091268,-0.03]]]
[[[534.7328491210938,0,658.466552734375],[0,534.7328491210938,371.1052551269531],[0,0,1]],[[0.8924439,0.04556284,-0.44885328,-0.03],[-0.03294994,0.99881357,0.03587535,0.14],[0.44995531,-0.01722702,0.89288586,-0.03]]]
[[[534.7328491210938,0,658.466552734375],[0,534.7328491210938,371.1052551269531],[0,0,1]],[[0.87838382,0.04609088,-0.47573009,-0.03],[-0.033096,0.99881655,0.03566164,0.14],[0.47681072,-0.0155798,0.87886912,-0.03]]]
[[[534.7328491210938,0,658.466552734375],[0,534.7328491210938,371.1052551269531],[0,0,1]],[[0.88966388,0.04929219,-0.45394939,-0.03],[-0.03615902,0.9986403,0.03757193,0.14],[0.45518407,-0.01701198,0.89023602,-0.03]]]
[[[534.7328491210938,0,658.466552734375],[0,534.7328491210938,371.1052551269531],[0,0,1]],[[0.94292963,0.05429238,-0.32853869,-0.03],[-0.04253805,0.9981758,0.04286534,0.15],[0.33026659,-0.02644353,0.94351822,-0.03]]]
[[[534.7328491210938,0,658.466552734375],[0,534.7328491210938,371.1052551269531],[0,0,1]],[[0.97902781,0.05130444,-0.19716522,-0.03],[-0.04415995,0.99820548,0.04046617,0.16],[0.19888759,-0.03091063,0.9795357,-0.02]]]
[[[534.7328491210938,0,658.466552734375],[0,534.7328491210938,371.1052551269531],[0,0,1]],[[0.99528033,0.04798716,-0.08435839,-0.03],[-0.04527447,0.99840426,0.03378178,0.16],[0.08584503,-0.02980301,0.9958638,-0.02]]]
[[[534.7328491210938,0,658.466552734375],[0,534.7328491210938,371.1052551269531],[0,0,1]],[[0.99888754,0.04692539,0.00486949,-0.03],[-0.04704681,0.99847656,0.02886935,0.16],[-0.00350713,-0.02906625,0.99957246,-0.01]]]
[[[534.7328491210938,0,658.466552734375],[0,534.7328491210938,371.1052551269531],[0,0,1]],[[0.98342597,0.04211808,0.17635702,-0.03],[-0.04666167,0.99867642,0.02169455,0.16],[-0.1752094,-0.029564,0.98408836,-0.]]]
[[[534.7328491210938,0,658.466552734375],[0,534.7328491210938,371.1052551269531],[0,0,1]],[[0.97378582,0.04020148,0.22389138,-0.03],[-0.04619313,0.99870062,0.02158631,0.16],[-0.22273213,-0.03136258,0.97437626,-0.]]]
[[[534.7328491210938,0,658.466552734375],[0,534.7328491210938,371.1052551269531],[0,0,1]],[[0.95027399,0.03781702,0.30911407,-0.03],[-0.04599436,0.99875832,0.01920712,0.16],[-0.30800325,-0.03246942,0.95083225,0.]]]
[[[534.7328491210938,0,658.466552734375],[0,534.7328491210938,371.1052551269531],[0,0,1]],[[0.93898892,0.03519142,0.34214625,-0.03],[-0.04465375,0.99880743,0.01981593,0.16],[-0.3410401,-0.03388496,0.93943918,0.]]]
[[[534.7328491210938,0,658.466552734375],[0,534.7328491210938,371.1052551269531],[0,0,1]],[[0.92983711,0.03570162,0.36623928,-0.03],[-0.04517041,0.9988308,0.01731457,0.16],[-0.36519206,-0.03264281,0.93036109,0.]]]
[[[534.7328491210938,0,658.466552734375],[0,534.7328491210938,371.1052551269531],[0,0,1]],[[0.92053598,0.0336712,0.38920766,-0.03],[-0.04415976,0.99886346,0.01803084,0.16],[-0.38815722,-0.03378525,0.92097503,0.01]]]
[[[534.7328491210938,0,658.466552734375],[0,534.7328491210938,371.1052551269531],[0,0,1]],[[0.9152391,0.03112671,0.40171069,-0.03],[-0.04255093,0.99890471,0.01954561,0.16],[-0.40066135,-0.03498199,0.91555953,0.01]]]
[[[534.7328491210938,0,658.466552734375],[0,534.7328491210938,371.1052551269531],[0,0,1]],[[0.9144901,0.02978831,0.40351409,-0.03],[-0.04211592,0.99887842,0.0217086,0.16],[-0.40241385,-0.03684659,0.91471738,0.01]]]
[[[534.7328491210938,0,658.466552734375],[0,534.7328491210938,371.1052551269531],[0,0,1]],[[0.94174355,0.02944402,0.33504555,-0.02],[-0.04036213,0.9988569,0.02566948,0.16],[-0.33390585,-0.03769712,0.9418537,0.01]]]
[[[534.7328491210938,0,658.466552734375],[0,534.7328491210938,371.1052551269531],[0,0,1]],[[0.96807808,0.02526278,0.24937934,-0.],[-0.03465823,0.99884415,0.03335605,0.18],[-0.2482477,-0.04093421,0.96783268,0.01]]]
[[[534.7328491210938,0,658.466552734375],[0,534.7328491210938,371.1052551269531],[0,0,1]],[[0.9946112,0.02961808,0.0993704,0.],[-0.03338419,0.99877936,0.03645325,0.18],[-0.09816902,-0.03957411,0.99438393,-0.]]]
[[[534.7328491210938,0,658.466552734375],[0,534.7328491210938,371.1052551269531],[0,0,1]],[[0.99890375,0.03248268,-0.03375309,0.],[-0.03091918,0.99847132,0.04585461,0.17],[0.03519111,-0.0447606,0.99837899,-0.01]]]
[[[534.7328491210938,0,658.466552734375],[0,534.7328491210938,371.1052551269531],[0,0,1]],[[0.9848913,0.03780118,-0.16900748,0.01],[-0.02964628,0.99828488,0.05051836,0.17],[0.1706271,-0.04474452,0.98432058,-0.02]]]
[[[534.7328491210938,0,658.466552734375],[0,534.7328491210938,371.1052551269531],[0,0,1]],[[0.96794337,0.04041969,-0.24790137,0.01],[-0.02899664,0.99835205,0.04955992,0.16],[0.24949571,-0.04078277,0.96751821,-0.03]]]
[[[534.7328491210938,0,658.466552734375],[0,534.7328491210938,371.1052551269531],[0,0,1]],[[0.94990337,0.04135762,-0.30980054,0.01],[-0.02807543,0.99849212,0.04721199,0.16],[0.31128556,-0.03614894,0.94963014,-0.03]]]
[[[534.7328491210938,0,658.466552734375],[0,534.7328491210938,371.1052551269531],[0,0,1]],[[0.92400116,0.0427951,-0.37999165,0.01],[-0.02708449,0.99854845,0.04659804,0.16],[0.38143367,-0.03276467,0.92381692,-0.03]]]
[[[534.7328491210938,0,658.466552734375],[0,534.7328491210938,371.1052551269531],[0,0,1]],[[0.90387309,0.04430661,-0.425504,0.01],[-0.02646223,0.99851018,0.04776004,0.16],[0.4269855,-0.03190915,0.90369695,-0.04]]]
[[[534.7328491210938,0,658.466552734375],[0,534.7328491210938,371.1052551269531],[0,0,1]],[[0.8848995,0.04436382,-0.46366805,0.01],[-0.02563616,0.99858576,0.04661876,0.16],[0.46507967,-0.02936617,0.88478327,-0.04]]]
[[[534.7328491210938,0,658.466552734375],[0,534.7328491210938,371.1052551269531],[0,0,1]],[[0.87309229,0.04515777,-0.48546246,0.01],[-0.02563988,0.99857831,0.0467751,0.16],[0.48688367,-0.02839168,0.87300682,-0.04]]]
[[[534.7328491210938,0,658.466552734375],[0,534.7328491210938,371.1052551269531],[0,0,1]],[[0.87688214,0.04502218,-0.47859564,0.01],[-0.02604773,0.99859381,0.04621451,0.16],[0.48000252,-0.02805827,0.87681985,-0.04]]]
[[[534.7328491210938,0,658.466552734375],[0,534.7328491210938,371.1052551269531],[0,0,1]],[[0.91043687,0.04755125,-0.41090968,0.01],[-0.03149978,0.99845815,0.04575054,0.16],[0.41245097,-0.02870931,0.91052896,-0.04]]]
[[[534.7328491210938,0,658.466552734375],[0,534.7328491210938,371.1052551269531],[0,0,1]],[[0.95739484,0.04757258,-0.2848427,0.],[-0.03552644,0.99825025,0.04731204,0.17],[0.28659469,-0.03517672,0.95740759,-0.04]]]
[[[534.7328491210938,0,658.466552734375],[0,534.7328491210938,371.1052551269531],[0,0,1]],[[0.98120362,0.04441056,-0.18780467,0.],[-0.03646061,0.99829733,0.04557726,0.17],[0.18950883,-0.03787296,0.98115003,-0.04]]]
[[[534.7328491210938,0,658.466552734375],[0,534.7328491210938,371.1052551269531],[0,0,1]],[[0.99577248,0.04324804,-0.08105746,0.],[-0.03981262,0.99826068,0.04353026,0.17],[0.08279915,-0.04011897,0.99576014,-0.03]]]
[[[534.7328491210938,0,658.466552734375],[0,534.7328491210938,371.1052551269531],[0,0,1]],[[0.99829215,0.04022022,0.04241433,0.],[-0.04181339,0.99842858,0.03736942,0.18],[-0.04084432,-0.03907893,0.99840289,-0.02]]]
[[[534.7328491210938,0,658.466552734375],[0,534.7328491210938,371.1052551269531],[0,0,1]],[[0.99018365,0.03707841,0.13477933,0.],[-0.04194715,0.99856144,0.03346473,0.18],[-0.13334407,-0.03878968,0.99031234,-0.02]]]
[[[534.7328491210938,0,658.466552734375],[0,534.7328491210938,371.1052551269531],[0,0,1]],[[0.97704309,0.03428847,0.21027425,0.],[-0.04176857,0.99864125,0.03123469,0.18],[-0.20891677,-0.03930032,0.97714537,-0.01]]]
[[[534.7328491210938,0,658.466552734375],[0,534.7328491210938,371.1052551269531],[0,0,1]],[[0.96141696,0.0318599,0.27325189,0.01],[-0.04119323,0.99874735,0.02848624,0.18],[-0.27200109,-0.03864311,0.96152276,-0.01]]]
[[[534.7328491210938,0,658.466552734375],[0,534.7328491210938,371.1052551269531],[0,0,1]],[[0.95283633,0.02985187,0.30201963,0.01],[-0.0402528,0.99879175,0.02827152,0.18],[-0.30080977,-0.03909508,0.95288455,-0.01]]]
[[[534.7328491210938,0,658.466552734375],[0,534.7328491210938,371.1052551269531],[0,0,1]],[[0.94800091,0.02955181,0.31689939,0.01],[-0.04032537,0.99881071,0.02749091,0.18],[-0.31570902,-0.03884033,0.94806302,-0.01]]]
[[[534.7328491210938,0,658.466552734375],[0,534.7328491210938,371.1052551269531],[0,0,1]],[[0.9537248,0.0257405,0.29958424,0.02],[-0.03661451,0.99885899,0.03073946,0.18],[-0.29845014,-0.04028595,0.95357686,-0.]]]
[[[534.7328491210938,0,658.466552734375],[0,534.7328491210938,371.1052551269531],[0,0,1]],[[0.9917084,0.01659857,0.12748379,0.02],[-0.02013624,0.99944842,0.02651136,0.19],[-0.12697218,-0.02885843,0.99148941,-0.01]]]
[[[534.7328491210938,0,658.466552734375],[0,534.7328491210938,371.1052551269531],[0,0,1]],[[0.99965501,0.02076393,-0.01608243,0.02],[-0.02021768,0.99923712,0.03341412,0.18],[0.01676396,-0.03307744,0.99931216,-0.03]]]
[[[534.7328491210938,0,658.466552734375],[0,534.7328491210938,371.1052551269531],[0,0,1]],[[0.99038196,0.02387308,-0.13628496,0.02],[-0.01899284,0.99913484,0.03699783,0.18],[0.13705032,-0.03405354,0.98997855,-0.04]]]
[[[534.7328491210938,0,658.466552734375],[0,534.7328491210938,371.1052551269531],[0,0,1]],[[0.96842426,0.02560358,-0.24798992,0.02],[-0.01704191,0.99918437,0.03660984,0.18],[0.24872498,-0.03122764,0.96807057,-0.04]]]
