[[[534.5916748046875,0,658.40478515625],[0,534.5916748046875,371.08636474609375],[0,0,1]],[[9.99910921e-01,0.00000000e+00,2.00634508e-04,0.00000000e+00],[-1.33457898e-02,9.99459028e-01,3.00589543e-02,0.00000000e+00],[2.00634508e-04,-3.00589543e-02,9.99548107e-01,0.00000000e+00]]]
[[[534.5916748046875,0,658.40478515625],[0,534.5916748046875,371.08636474609375],[0,0,1]],[[9.99911577e-01,0.00000000e+00,1.98226754e-04,0.00000000e+00],[-1.32966114e-02,9.99467194e-01,2.98081875e-02,0.00000000e+00],[1.98226754e-04,-2.98081875e-02,9.99555618e-01,-0.00000000e+00]]]
[[[534.5916748046875,0,658.40478515625],[0,534.5916748046875,371.08636474609375],[0,0,1]],[[9.99910504e-01,0.00000000e+00,1.96393429e-04,0.00000000e+00],[-1.33770768e-02,9.99479532e-01,2.93550419e-02,-0.00000000e+00],[1.96393429e-04,-2.93550419e-02,9.99569029e-01,-0.00000000e+00]]]
[[[534.5916748046875,0,658.40478515625],[0,534.5916748046875,371.08636474609375],[0,0,1]],[[9.99912679e-01,0.00000000e+00,1.93561927e-04,0.00000000e+00],[-1.32134976e-02,9.99483615e-01,2.92900420e-02,-0.00000000e+00],[1.93561927e-04,-2.92900420e-02,9.99570936e-01,-0.00000000e+00]]]
[[[534.5916748046875,0,658.40478515625],[0,534.5916748046875,371.08636474609375],[0,0,1]],[[9.99916762e-01,0.00000000e+00,1.88357964e-04,0.00000000e+00],[-1.29009060e-02,9.99490529e-01,2.91932959e-02,-0.00000000e+00],[1.88357964e-04,-2.91932959e-02,9.99573767e-01,-0.00000000e+00]]]
[[[534.5916748046875,0,658.40478515625],[0,534.5916748046875,371.08636474609375],[0,0,1]],[[9.99915481e-01,0.00000000e+00,1.91375103e-04,0.00000000e+00],[-1.29998081e-02,9.99482155e-01,2.94351352e-02,-0.00000000e+00],[1.91375103e-04,-2.94351352e-02,9.99566674e-01,-0.00000000e+00]]]
[[[534.5916748046875,0,658.40478515625],[0,534.5916748046875,371.08636474609375],[0,0,1]],[[9.99913901e-01,0.00000000e+00,1.93910788e-04,0.00000000e+00],[-1.31207018e-02,9.99477178e-01,2.95502637e-02,-0.00000000e+00],[1.93910788e-04,-2.95502637e-02,9.99563277e-01,-0.00000000e+00]]]
[[[534.5916748046875,0,658.40478515625],[0,534.5916748046875,371.08636474609375],[0,0,1]],[[9.99915093e-01,0.00000000e+00,1.92668802e-04,0.00000000e+00],[-1.30295554e-02,9.99477893e-01,2.95663974e-02,-0.00000000e+00],[1.92668802e-04,-2.95663974e-02,9.99562800e-01,-0.00000000e+00]]]
[[[534.5916748046875,0,658.40478515625],[0,534.5916748046875,371.08636474609375],[0,0,1]],[[9.99914736e-01,0.00000000e+00,1.93665473e-04,0.00000000e+00],[-1.30569561e-02,9.99474853e-01,2.96569300e-02,-0.00000000e+00],[1.93665473e-04,-2.96569300e-02,9.99560118e-01,-0.00000000e+00]]]
[[[534.5916748046875,0,658.40478515625],[0,534.5916748046875,371.08636474609375],[0,0,1]],[[9.99911904e-01,0.00000000e+00,1.90675929e-04,0.00000000e+00],[-1.32720463e-02,9.99499202e-01,2.87262675e-02,-0.00000000e+00],[1.90675929e-04,-2.87262675e-02,9.99587297e-01,-0.00000000e+00]]]
[[[534.5916748046875,0,658.40478515625],[0,534.5916748046875,371.08636474609375],[0,0,1]],[[9.99915898e-01,0.00000000e+00,1.88988801e-04,0.00000000e+00],[-1.29677110e-02,9.99491215e-01,2.91401815e-02,-0.00000000e+00],[1.88988801e-04,-2.91401815e-02,9.99575317e-01,-0.00000000e+00]]]
[[[534.5916748046875,0,658.40478515625],[0,534.5916748046875,371.08636474609375],[0,0,1]],[[9.99914736e-01,0.00000000e+00,1.98588863e-04,0.00000000e+00],[-1.30568821e-02,9.99452204e-01,3.04107003e-02,-0.00000000e+00],[1.98588863e-04,-3.04107003e-02,9.99537468e-01,0.00000000e+00]]]
[[[534.5916748046875,0,658.40478515625],[0,534.5916748046875,371.08636474609375],[0,0,1]],[[9.99914765e-01,0.00000000e+00,2.02230226e-04,0.00000000e+00],[-1.30545447e-02,9.99434948e-01,3.09735958e-02,-0.00000000e+00],[2.02230226e-04,-3.09735958e-02,9.99520183e-01,0.00000000e+00]]]
[[[534.5916748046875,0,658.40478515625],[0,534.5916748046875,371.08636474609375],[0,0,1]],[[9.99914974e-01,0.00000000e+00,2.02408689e-04,0.00000000e+00],[-1.30385527e-02,9.99433130e-01,3.10389227e-02,-0.00000000e+00],[2.02408689e-04,-3.10389227e-02,9.99518156e-01,0.00000000e+00]]]
[[[534.5916748046875,0,658.40478515625],[0,534.5916748046875,371.08636474609375],[0,0,1]],[[9.99917448e-01,0.00000000e+00,1.99381014e-04,-0.00000000e+00],[-1.28475021e-02,9.99435902e-01,3.10293443e-02,-0.00000000e+00],[1.99381014e-04,-3.10293443e-02,9.99518454e-01,0.00000000e+00]]]
[[[534.5916748046875,0,658.40478515625],[0,534.5916748046875,371.08636474609375],[0,0,1]],[[9.99912679e-01,-3.50496353e-05,3.89484309e-03,-0.00000000e+00],[-1.27448889e-02,9.99418259e-01,3.16340308e-02,-0.00000000e+00],[-3.49310552e-03,-3.16809079e-02,9.99491930e-01,0.00000000e+00]]]
[[[534.5916748046875,0,658.40478515625],[0,534.5916748046875,371.08636474609375],[0,0,1]],[[9.99909043e-01,-3.50539835e-05,3.89341672e-03,-0.00000000e+00],[-1.30309678e-02,9.99404103e-01,3.19630044e-02,-0.00000000e+00],[-3.47835734e-03,-3.20108322e-02,9.99481469e-01,-0.00000000e+00]]]
[[[534.5916748046875,0,658.40478515625],[0,534.5916748046875,371.08636474609375],[0,0,1]],[[9.99907255e-01,-3.25618921e-05,3.76107705e-03,-0.00000000e+00],[-1.32013718e-02,9.99418467e-01,3.14396422e-02,-0.00000000e+00],[-3.34736027e-03,-3.14863777e-02,9.99498576e-01,-0.00000000e+00]]]
[[[534.5916748046875,0,658.40478515625],[0,534.5916748046875,371.08636474609375],[0,0,1]],[[9.99907494e-01,-3.19378936e-05,3.77445371e-03,-0.00000000e+00],[-1.31781813e-02,9.99433070e-01,3.09818214e-02,-0.00000000e+00],[-3.36746103e-03,-3.10286959e-02,9.99512821e-01,-0.00000000e+00]]]
[[[534.5916748046875,0,658.40478515625],[0,534.5916748046875,371.08636474609375],[0,0,1]],[[9.99905705e-01,-3.16469098e-05,3.74415050e-03,-0.00000000e+00],[-1.33224130e-02,9.99426514e-01,3.11312791e-02,-0.00000000e+00],[-3.33069141e-03,-3.11782247e-02,9.99508291e-01,0.00000000e+00]]]
[[[534.5916748046875,0,658.40478515625],[0,534.5916748046875,371.08636474609375],[0,0,1]],[[9.99744356e-01,1.56794160e-04,-1.73537492e-02,-0.00000000e+00],[-1.39302617e-02,9.99385446e-01,3.21664051e-02,-0.00000000e+00],[1.78092983e-02,-3.19164397e-02,9.99331862e-01,-0.00000000e+00]]]
[[[534.5916748046875,0,658.40478515625],[0,534.5916748046875,371.08636474609375],[0,0,1]],[[0.99338686,0.00103587,-0.11348447,0.02],[-0.01358799,0.99931085,0.03454257,0.],[0.11400835,-0.03277211,0.99293911,-0.01]]]
[[[534.5916748046875,0,658.40478515625],[0,534.5916748046875,371.08636474609375],[0,0,1]],[[0.97561329,0.00125145,-0.21853041,0.03],[-0.01421483,0.99943009,0.03061753,-0.],[0.2190357,-0.0267645,0.97534969,-0.02]]]
[[[534.5916748046875,0,658.40478515625],[0,534.5916748046875,371.08636474609375],[0,0,1]],[[9.41629496e-01,8.59443783e-04,-3.35839365e-01,3.00000000e-02],[-1.50021580e-02,9.99510109e-01,2.74677351e-02,-0.00000000e+00],[3.36316560e-01,-2.08261144e-02,9.41518691e-01,-2.00000000e-02]]]
[[[534.5916748046875,0,658.40478515625],[0,534.5916748046875,371.08636474609375],[0,0,1]],[[9.21444480e-01,7.47781805e-04,-3.87764901e-01,3.00000000e-02],[-1.47243411e-02,9.99526829e-01,2.70057921e-02,-0.00000000e+00],[3.88230937e-01,-1.91747553e-02,9.21362613e-01,-2.00000000e-02]]]
[[[534.5916748046875,0,658.40478515625],[0,534.5916748046875,371.08636474609375],[0,0,1]],[[0.86041353,0.00213433,-0.50857965,0.03],[-0.01499772,0.99917123,0.03784081,-0.01],[0.50937572,-0.02493121,0.86018301,-0.03]]]
[[[534.5916748046875,0,658.40478515625],[0,534.5916748046875,371.08636474609375],[0,0,1]],[[0.84388996,0.00224011,-0.53538661,0.04],[-0.01565223,0.99906647,0.04026403,-0.],[0.53628792,-0.02559841,0.84364683,-0.03]]]
[[[534.5916748046875,0,658.40478515625],[0,534.5916748046875,371.08636474609375],[0,0,1]],[[0.84251672,0.0015509,-0.53761743,0.04],[-0.01604173,0.99917087,0.03741973,-0.],[0.53843125,-0.02290243,0.84235815,-0.03]]]
[[[534.5916748046875,0,658.40478515625],[0,534.5916748046875,371.08636474609375],[0,0,1]],[[0.84247253,0.00226969,-0.5377385,0.04],[-0.0144673,0.99916071,0.03832204,-0.],[0.53854503,-0.02450564,0.84224031,-0.03]]]
[[[534.5916748046875,0,658.40478515625],[0,534.5916748046875,371.08636474609375],[0,0,1]],[[0.84220351,0.00170003,-0.53838151,0.04],[-0.0132214,0.99936557,0.03307047,-0.],[0.5389976,-0.02073391,0.84205206,-0.03]]]
[[[534.5916748046875,0,658.40478515625],[0,534.5916748046875,371.08636474609375],[0,0,1]],[[8.38591489e-01,8.40048577e-04,-5.43949523e-01,4.00000000e-02],[-1.48451978e-02,9.99386638e-01,3.17169861e-02,-0.00000000e+00],[5.44558505e-01,-1.85225575e-02,8.38518324e-01,-3.00000000e-02]]]
[[[534.5916748046875,0,658.40478515625],[0,534.5916748046875,371.08636474609375],[0,0,1]],[[8.21169288e-01,4.37624486e-04,-5.69939869e-01,4.00000000e-02],[-1.45786014e-02,9.99440372e-01,3.01065961e-02,-0.00000000e+00],[5.70498424e-01,-1.64136854e-02,8.21134658e-01,-3.00000000e-02]]]
[[[534.5916748046875,0,658.40478515625],[0,534.5916748046875,371.08636474609375],[0,0,1]],[[7.91837828e-01,5.39089201e-04,-6.10176216e-01,4.00000000e-02],[-1.19986899e-02,9.99561310e-01,2.70780234e-02,-1.00000000e-02],[6.10613509e-01,-1.41200871e-02,7.91802840e-01,-3.00000000e-02]]]
[[[534.5916748046875,0,658.40478515625],[0,534.5916748046875,371.08636474609375],[0,0,1]],[[7.83312186e-01,3.16758510e-04,-6.20994134e-01,4.00000000e-02],[-1.30976304e-02,9.99503136e-01,2.86693889e-02,-1.00000000e-02],[6.21490535e-01,-1.43235305e-02,7.83290729e-01,-3.00000000e-02]]]
[[[534.5916748046875,0,658.40478515625],[0,534.5916748046875,371.08636474609375],[0,0,1]],[[7.78695146e-01,-2.60531910e-04,-6.26818468e-01,4.00000000e-02],[-1.33399352e-02,9.99557525e-01,2.65857193e-02,-1.00000000e-02],[6.27260636e-01,-1.23404525e-02,7.78711627e-01,-3.00000000e-02]]]
[[[534.5916748046875,0,658.40478515625],[0,534.5916748046875,371.08636474609375],[0,0,1]],[[7.68520154e-01,-8.53604830e-04,-6.39232170e-01,4.00000000e-02],[-1.41704471e-02,9.99560386e-01,2.60429114e-02,-1.00000000e-02],[6.39668633e-01,-1.09562962e-02,7.68572695e-01,-3.00000000e-02]]]
[[[534.5916748046875,0,658.40478515625],[0,534.5916748046875,371.08636474609375],[0,0,1]],[[0.76072704,-0.00120055,-0.64823501,0.04],[-0.01696382,0.99937874,0.03089274,-0.01],[0.64885024,-0.0125044,0.7608134,-0.03]]]
[[[534.5916748046875,0,658.40478515625],[0,534.5916748046875,371.08636474609375],[0,0,1]],[[7.62976572e-01,-1.27040411e-04,-6.45618341e-01,4.00000000e-02],[-1.51649695e-02,9.99370009e-01,3.20875298e-02,-1.00000000e-02],[6.46248264e-01,-1.46912526e-02,7.62985840e-01,-3.00000000e-02]]]
[[[534.5916748046875,0,658.40478515625],[0,534.5916748046875,371.08636474609375],[0,0,1]],[[0.76337631,0.0012804,-0.64524787,0.04],[-0.0121352,0.99940091,0.0324122,-0.01],[0.64584002,-0.01691249,0.76328541,-0.03]]]
[[[534.5916748046875,0,658.40478515625],[0,534.5916748046875,371.08636474609375],[0,0,1]],[[0.76341967,0.00264746,-0.64522416,0.04],[-0.00985769,0.99936697,0.03418315,-0.01],[0.64582754,-0.01973566,0.76322819,-0.04]]]
[[[534.5916748046875,0,658.40478515625],[0,534.5916748046875,371.08636474609375],[0,0,1]],[[0.76442329,0.00194412,-0.64400532,0.04],[-0.01120937,0.99937204,0.03361376,-0.01],[0.64461723,-0.01847625,0.76428218,-0.04]]]
[[[534.5916748046875,0,658.40478515625],[0,534.5916748046875,371.08636474609375],[0,0,1]],[[0.77084607,0.00222837,-0.63612628,0.04],[-0.0126256,0.99920824,0.03772909,-0.01],[0.63689634,-0.02105185,0.77066198,-0.04]]]
[[[534.5916748046875,0,658.40478515625],[0,534.5916748046875,371.08636474609375],[0,0,1]],[[0.78052081,0.00181991,-0.62426907,0.03],[-0.01306239,0.99926066,0.03615936,-0.],[0.62499329,-0.02006868,0.7803721,-0.04]]]
[[[534.5916748046875,0,658.40478515625],[0,534.5916748046875,371.08636474609375],[0,0,1]],[[0.81597612,0.0013475,-0.5773078,0.02],[-0.0134628,0.99936908,0.03286617,-0.],[0.57792884,-0.01904584,0.8158649,-0.04]]]
[[[534.5916748046875,0,658.40478515625],[0,534.5916748046875,371.08636474609375],[0,0,1]],[[0.84231892,0.00148341,-0.53817338,0.02],[-0.01383927,0.99935764,0.03305723,-0.01],[0.53880176,-0.0203968,0.84218564,-0.04]]]
[[[534.5916748046875,0,658.40478515625],[0,534.5916748046875,371.08636474609375],[0,0,1]],[[0.85281284,0.0014213,-0.52149205,0.02],[-0.01319572,0.99942836,0.03112592,-0.01],[0.52204995,-0.01966312,0.85268823,-0.04]]]
[[[534.5916748046875,0,658.40478515625],[0,534.5916748046875,371.08636474609375],[0,0,1]],[[0.92381525,0.00128535,-0.3821257,0.01],[-0.0134632,0.99950218,0.02853297,-0.],[0.38260178,-0.02121456,0.92366976,-0.03]]]
[[[534.5916748046875,0,658.40478515625],[0,534.5916748046875,371.08636474609375],[0,0,1]],[[9.82081293e-01,5.37898253e-04,-1.87764674e-01,1.00000000e-02],[-1.23685744e-02,9.99696970e-01,2.12834807e-02,-0.00000000e+00],[1.88051464e-01,-1.85797270e-02,9.81983422e-01,-2.00000000e-02]]]
[[[534.5916748046875,0,658.40478515625],[0,534.5916748046875,371.08636474609375],[0,0,1]],[[0.98719564,0.00144497,0.15914037,0.01],[-0.00967268,0.99991649,-0.00856998,-0.],[-0.15922061,0.00692093,0.98721877,-0.02]]]
[[[534.5916748046875,0,658.40478515625],[0,534.5916748046875,371.08636474609375],[0,0,1]],[[0.95813483,0.00545567,0.28591863,0.01],[-0.00749703,0.99958852,-0.0276873,-0.02],[-0.28621921,0.02438462,0.95785382,-0.02]]]
[[[534.5916748046875,0,658.40478515625],[0,534.5916748046875,371.08636474609375],[0,0,1]],[[0.90292906,0.01533661,0.4288573,0.02],[-0.00517683,0.99847436,-0.05497412,-0.02],[-0.42975843,0.04741761,0.90169799,-0.02]]]
[[[534.5916748046875,0,658.40478515625],[0,534.5916748046875,371.08636474609375],[0,0,1]],[[8.24005982e-01,2.61123045e-04,5.66580477e-01,4.00000000e-02],[-8.40639624e-04,9.99999613e-01,-2.61123045e-04,-1.00000000e-02],[-5.66580477e-01,-2.61123045e-04,8.24006369e-01,-1.00000000e-02]]]
[[[534.5916748046875,0,658.40478515625],[0,534.5916748046875,371.08636474609375],[0,0,1]],[[8.24414508e-01,5.87382949e-04,5.65985526e-01,4.00000000e-02],[-2.76746669e-04,9.99998927e-01,-1.43846346e-03,-1.00000000e-02],[-5.65986418e-01,1.02925552e-03,8.24413912e-01,-1.00000000e-02]]]
[[[534.5916748046875,0,658.40478515625],[0,534.5916748046875,371.08636474609375],[0,0,1]],[[8.24349427e-01,-1.84072859e-03,5.66076205e-01,4.00000000e-02],[-7.82361315e-04,9.99985248e-01,5.37512707e-03,-1.00000000e-02],[-5.66080743e-01,-4.87385904e-03,8.24335390e-01,-1.00000000e-02]]]
[[[534.5916748046875,0,658.40478515625],[0,534.5916748046875,371.08636474609375],[0,0,1]],[[0.82434031,-0.00779503,0.56599244,0.04],[-0.00217831,0.99975199,0.02216356,-0.01],[-0.56609036,-0.01950322,0.82411244,-0.01]]]
[[[534.5916748046875,0,658.40478515625],[0,534.5916748046875,371.08636474609375],[0,0,1]],[[0.82444959,-0.00747565,0.5658594,0.04],[-0.00406012,0.99974307,0.02230025,-0.01],[-0.56592083,-0.02068289,0.82420011,-0.01]]]
[[[534.5916748046875,0,658.40478515625],[0,534.5916748046875,371.08636474609375],[0,0,1]],[[0.82466148,-0.00734624,0.56554436,0.04],[-0.00298333,0.99976656,0.02139926,-0.01],[-0.56561872,-0.01933435,0.8244402,-0.01]]]
[[[534.5916748046875,0,658.40478515625],[0,534.5916748046875,371.08636474609375],[0,0,1]],[[0.8247825,-0.00710659,0.56537114,0.04],[-0.00265918,0.99978447,0.02058988,-0.01],[-0.56544385,-0.0184856,0.8245796,-0.01]]]
[[[534.5916748046875,0,658.40478515625],[0,534.5916748046875,371.08636474609375],[0,0,1]],[[0.82478656,-0.00710766,0.56536886,0.04],[-0.00307852,0.99977863,0.02081387,-0.01],[-0.56543583,-0.0189075,0.82457556,-0.01]]]
[[[534.5916748046875,0,658.40478515625],[0,534.5916748046875,371.08636474609375],[0,0,1]],[[0.82478959,-0.00736537,0.56536087,0.04],[-0.00341813,0.99975893,0.02168871,-0.01],[-0.56542942,-0.0198211,0.82455847,-0.01]]]
[[[534.5916748046875,0,658.40478515625],[0,534.5916748046875,371.08636474609375],[0,0,1]],[[0.8249863,-0.00715559,0.56508629,0.04],[-0.0042905,0.99975759,0.0215953,-0.01],[-0.56513644,-0.02024033,0.82474913,-0.01]]]
[[[534.5916748046875,0,658.40478515625],[0,534.5916748046875,371.08636474609375],[0,0,1]],[[0.82616018,-0.0061788,0.56340146,0.04],[-0.0061788,0.99978039,0.02002501,-0.01],[-0.56340146,-0.02002501,0.82594057,-0.01]]]
[[[534.5916748046875,0,658.40478515625],[0,534.5916748046875,371.08636474609375],[0,0,1]],[[0.82729991,-0.00739277,0.5616737,0.04],[-0.00270593,0.99976382,0.0215636,-0.01],[-0.56175399,-0.01935942,0.82707779,-0.01]]]
[[[534.5916748046875,0,658.40478515625],[0,534.5916748046875,371.08636474609375],[0,0,1]],[[0.89293281,-0.00610528,0.45013325,0.14],[-0.00441647,0.9996869,0.02462931,0.02],[-0.45016829,-0.02398032,0.89262167,-0.04]]]
[[[534.5916748046875,0,658.40478515625],[0,534.5916748046875,371.08636474609375],[0,0,1]],[[0.99120775,-0.00185979,0.1322824,0.13],[-0.00732679,0.99943537,0.03279129,0.02],[-0.13211176,-0.03347219,0.99066952,-0.05]]]
[[[534.5916748046875,0,658.40478515625],[0,534.5916748046875,371.08636474609375],[0,0,1]],[[9.99666631e-01,-2.92554505e-04,2.49730769e-02,1.70000000e-01],[-7.31290795e-03,9.99512047e-01,3.03675846e-02,-1.00000000e-02],[-2.47618227e-02,-3.05400868e-02,9.99226779e-01,-8.00000000e-02]]]
[[[534.5916748046875,0,658.40478515625],[0,534.5916748046875,371.08636474609375],[0,0,1]],[[9.99952316e-01,5.62106533e-05,-4.91005042e-03,1.80000000e-01],[-8.28678641e-03,9.99494523e-01,3.06924751e-02,-1.00000000e-02],[5.16665474e-03,-3.06503230e-02,9.99516815e-01,-8.00000000e-02]]]
[[[534.5916748046875,0,658.40478515625],[0,534.5916748046875,371.08636474609375],[0,0,1]],[[9.99896526e-01,9.48374505e-05,-1.03361441e-02,1.80000000e-01],[-9.71207677e-03,9.99560326e-01,2.80148109e-02,-1.00000000e-02],[1.06118888e-02,-2.79115266e-02,9.99554068e-01,-9.00000000e-02]]]
[[[534.5916748046875,0,658.40478515625],[0,534.5916748046875,371.08636474609375],[0,0,1]],[[9.99146521e-01,3.03107735e-04,-3.93121596e-02,2.10000000e-01],[-1.15943581e-02,9.99548405e-01,2.77228438e-02,-1.00000000e-02],[3.96459331e-02,-2.72433836e-02,9.98842329e-01,-8.00000000e-02]]]
[[[534.5916748046875,0,658.40478515625],[0,534.5916748046875,371.08636474609375],[0,0,1]],[[9.57181546e-01,9.58379583e-04,-2.88832244e-01,2.10000000e-01],[-1.27953202e-02,9.99605328e-01,2.50093633e-02,-2.00000000e-02],[2.89205399e-01,-2.02427997e-02,9.57053009e-01,-1.00000000e-01]]]
[[[534.5916748046875,0,658.40478515625],[0,534.5916748046875,371.08636474609375],[0,0,1]],[[0.90208614,0.00167944,-0.43074092,0.21],[-0.01397595,0.99938238,0.03224187,-0.02],[0.43132967,-0.02306493,0.90189952,-0.1]]]
[[[534.5916748046875,0,658.40478515625],[0,534.5916748046875,371.08636474609375],[0,0,1]],[[0.84558317,0.00143755,-0.53310541,0.21],[-0.01324867,0.99941272,0.03160217,-0.03],[0.53367929,-0.01965932,0.84545842,-0.11]]]
[[[534.5916748046875,0,658.40478515625],[0,534.5916748046875,371.08636474609375],[0,0,1]],[[0.80408905,0.00156024,-0.59367359,0.2],[-0.01354658,0.99930662,0.03468099,-0.03],[0.59435453,-0.01984435,0.80395827,-0.12]]]
[[[534.5916748046875,0,658.40478515625],[0,534.5916748046875,371.08636474609375],[0,0,1]],[[0.80245785,0.00174902,-0.59587902,0.2],[-0.01318836,0.99930045,0.0349954,-0.03],[0.59656306,-0.02022367,0.80231138,-0.12]]]
[[[534.5916748046875,0,658.40478515625],[0,534.5916748046875,371.08636474609375],[0,0,1]],[[7.91258695e-01,3.70897777e-04,-6.10520565e-01,2.00000000e-01],[-1.62829250e-02,9.99255180e-01,3.49850096e-02,-3.00000000e-02],[6.11264724e-01,-1.77411333e-02,7.91227343e-01,-1.20000000e-01]]]
[[[534.5916748046875,0,658.40478515625],[0,534.5916748046875,371.08636474609375],[0,0,1]],[[7.63725328e-01,6.77568209e-04,-6.44443717e-01,2.00000000e-01],[-1.64828035e-02,9.99110907e-01,3.88035044e-02,-3.00000000e-02],[6.45330863e-01,-1.90129792e-02,7.63666528e-01,-1.20000000e-01]]]
[[[534.5916748046875,0,658.40478515625],[0,534.5916748046875,371.08636474609375],[0,0,1]],[[0.76206829,0.00191606,-0.64656805,0.2],[-0.01323945,0.99919131,0.03796624,-0.03],[0.64736129,-0.02037266,0.76191096,-0.12]]]
[[[534.5916748046875,0,658.40478515625],[0,534.5916748046875,371.08636474609375],[0,0,1]],[[7.60581333e-01,5.30414066e-04,-6.48277786e-01,2.00000000e-01],[-1.55515051e-02,9.99220222e-01,3.62918485e-02,-3.00000000e-02],[6.49056387e-01,-1.75212075e-02,7.60538507e-01,-1.20000000e-01]]]
[[[534.5916748046875,0,658.40478515625],[0,534.5916748046875,371.08636474609375],[0,0,1]],[[7.60539621e-01,-4.04718942e-04,-6.48254037e-01,2.00000000e-01],[-1.75218880e-02,9.99198258e-01,3.59975688e-02,-3.00000000e-02],[6.49055094e-01,-1.60189447e-02,7.60572762e-01,-1.20000000e-01]]]
[[[534.5916748046875,0,658.40478515625],[0,534.5916748046875,371.08636474609375],[0,0,1]],[[7.60531145e-01,-7.41859354e-04,-6.48250941e-01,2.00000000e-01],[-1.81205229e-02,9.99200076e-01,3.56490542e-02,-3.00000000e-02],[6.49048562e-01,-1.53655705e-02,7.60591793e-01,-1.20000000e-01]]]
[[[534.5916748046875,0,658.40478515625],[0,534.5916748046875,371.08636474609375],[0,0,1]],[[7.60585565e-01,-7.38462744e-04,-6.48203396e-01,2.00000000e-01],[-1.79844738e-02,9.99212563e-01,3.53668270e-02,-3.00000000e-02],[6.48988551e-01,-1.52419003e-02,7.60645468e-01,-1.20000000e-01]]]
[[[534.5916748046875,0,658.40478515625],[0,534.5916748046875,371.08636474609375],[0,0,1]],[[7.61143975e-01,-7.16034735e-04,-6.47563764e-01,2.00000000e-01],[-1.78384341e-02,9.99224037e-01,3.51157256e-02,-3.00000000e-02],[6.48337576e-01,-1.51765984e-02,7.61201702e-01,-1.20000000e-01]]]
[[[534.5916748046875,0,658.40478515625],[0,534.5916748046875,371.08636474609375],[0,0,1]],[[7.83664175e-01,-1.80865895e-04,-6.20112247e-01,1.90000000e-01],[-1.79173803e-02,9.99185830e-01,3.61475299e-02,-3.00000000e-02],[6.20926265e-01,-1.72167371e-02,7.83679881e-01,-1.20000000e-01]]]
[[[534.5916748046875,0,658.40478515625],[0,534.5916748046875,371.08636474609375],[0,0,1]],[[8.04442314e-01,-3.24795318e-04,-5.93016375e-01,1.90000000e-01],[-1.80121850e-02,9.99258220e-01,3.40377795e-02,-3.00000000e-02],[5.93757614e-01,-1.66999085e-02,8.04470626e-01,-1.20000000e-01]]]
[[[534.5916748046875,0,658.40478515625],[0,534.5916748046875,371.08636474609375],[0,0,1]],[[0.81055061,-0.0010603,-0.5847364,0.19],[-0.01849798,0.99935406,0.03081037,-0.03],[0.58537639,-0.01415692,0.81063805,-0.12]]]
[[[534.5916748046875,0,658.40478515625],[0,534.5916748046875,371.08636474609375],[0,0,1]],[[8.14286905e-01,-9.60974246e-04,-5.79579604e-01,1.90000000e-01],[-1.79562105e-02,9.99389797e-01,2.99600962e-02,-3.00000000e-02],[5.80184825e-01,-1.39890615e-02,8.14364719e-01,-1.20000000e-01]]]
[[[534.5916748046875,0,658.40478515625],[0,534.5916748046875,371.08636474609375],[0,0,1]],[[8.15204142e-01,-8.81881644e-04,-5.78358007e-01,1.90000000e-01],[-1.72088292e-02,9.99435782e-01,2.88439421e-02,-3.00000000e-02],[5.78918008e-01,-1.35608368e-02,8.15272985e-01,-1.20000000e-01]]]
[[[534.5916748046875,0,658.40478515625],[0,534.5916748046875,371.08636474609375],[0,0,1]],[[8.15242722e-01,-5.41611925e-04,-5.78247205e-01,1.90000000e-01],[-1.72337844e-02,9.99382675e-01,3.06148041e-02,-3.00000000e-02],[5.78862939e-01,-1.49931087e-02,8.15287008e-01,-1.20000000e-01]]]
[[[534.5916748046875,0,658.40478515625],[0,534.5916748046875,371.08636474609375],[0,0,1]],[[8.15255465e-01,-3.56556315e-04,-5.78189467e-01,1.90000000e-01],[-1.73235960e-02,9.99346465e-01,3.17259537e-02,-3.00000000e-02],[5.78842313e-01,-1.58484366e-02,8.15285476e-01,-1.20000000e-01]]]
[[[534.5916748046875,0,658.40478515625],[0,534.5916748046875,371.08636474609375],[0,0,1]],[[8.15246061e-01,-2.96569589e-04,-5.78164153e-01,1.90000000e-01],[-1.75837531e-02,9.99315947e-01,3.25338166e-02,-3.00000000e-02],[5.78847729e-01,-1.63567710e-02,8.15271602e-01,-1.20000000e-01]]]
[[[534.5916748046875,0,658.40478515625],[0,534.5916748046875,371.08636474609375],[0,0,1]],[[8.17094732e-01,2.35438554e-04,-5.75461730e-01,1.90000000e-01],[-1.76085309e-02,9.99226958e-01,3.51486422e-02,-3.00000000e-02],[5.76234469e-01,-1.85867359e-02,8.17073066e-01,-1.20000000e-01]]]
[[[534.5916748046875,0,658.40478515625],[0,534.5916748046875,371.08636474609375],[0,0,1]],[[8.20602461e-01,-2.64076058e-04,-5.70543426e-01,1.90000000e-01],[-1.76666373e-02,9.99316752e-01,3.24641199e-02,-3.00000000e-02],[5.71226284e-01,-1.65605520e-02,8.20625528e-01,-1.20000000e-01]]]
[[[534.5916748046875,0,658.40478515625],[0,534.5916748046875,371.08636474609375],[0,0,1]],[[8.21868594e-01,-6.19178845e-04,-5.68807075e-01,1.90000000e-01],[-1.74321269e-02,9.99394566e-01,3.01101778e-02,-3.00000000e-02],[5.69410353e-01,-1.48310931e-02,8.21919646e-01,-1.20000000e-01]]]
[[[534.5916748046875,0,658.40478515625],[0,534.5916748046875,371.08636474609375],[0,0,1]],[[8.27502187e-01,-2.44206001e-05,-5.60510716e-01,1.90000000e-01],[-1.73659566e-02,9.99316841e-01,3.26232157e-02,-3.00000000e-02],[5.61193871e-01,-1.72619778e-02,8.27504362e-01,-1.20000000e-01]]]
[[[534.5916748046875,0,658.40478515625],[0,534.5916748046875,371.08636474609375],[0,0,1]],[[8.37940005e-01,-1.12788316e-04,-5.44740812e-01,1.90000000e-01],[-1.82792109e-02,9.99284565e-01,3.31093301e-02,-3.00000000e-02],[5.45456168e-01,-1.77862006e-02,8.37950614e-01,-1.20000000e-01]]]
[[[534.5916748046875,0,658.40478515625],[0,534.5916748046875,371.08636474609375],[0,0,1]],[[8.40529650e-01,-7.07329331e-04,-5.40844427e-01,1.90000000e-01],[-1.83201086e-02,9.99385566e-01,2.98808481e-02,-3.00000000e-02],[5.41455717e-01,-1.52074108e-02,8.40591729e-01,-1.20000000e-01]]]
[[[534.5916748046875,0,658.40478515625],[0,534.5916748046875,371.08636474609375],[0,0,1]],[[8.40994575e-01,-7.68620438e-04,-5.40205158e-01,1.90000000e-01],[-1.76288715e-02,9.99445170e-01,2.82590643e-02,-3.00000000e-02],[5.40756265e-01,-1.42425120e-02,8.41058739e-01,-1.20000000e-01]]]
[[[534.5916748046875,0,658.40478515625],[0,534.5916748046875,371.08636474609375],[0,0,1]],[[8.46723558e-01,-2.09790832e-04,-5.31118869e-01,1.90000000e-01],[-1.75667377e-02,9.99375582e-01,3.06570767e-02,-2.00000000e-02],[5.31743000e-01,-1.66280428e-02,8.46742513e-01,-1.20000000e-01]]]
[[[534.5916748046875,0,658.40478515625],[0,534.5916748046875,371.08636474609375],[0,0,1]],[[9.34412693e-01,1.48802548e-04,-3.55310759e-01,1.80000000e-01],[-1.70148418e-02,9.99524772e-01,2.57045729e-02,-1.00000000e-02],[3.55785649e-01,-1.79731236e-02,9.34394752e-01,-1.20000000e-01]]]
[[[534.5916748046875,0,658.40478515625],[0,534.5916748046875,371.08636474609375],[0,0,1]],[[9.99900103e-01,0.00000000e+00,6.77554565e-05,1.80000000e-01],[-1.41343617e-02,9.99854147e-01,9.58663923e-03,-1.00000000e-02],[6.77554565e-05,-9.58663923e-03,9.99954045e-01,-1.10000000e-01]]]
[[[534.5916748046875,0,658.40478515625],[0,534.5916748046875,371.08636474609375],[0,0,1]],[[9.66424259e-01,-9.22711226e-04,2.56898541e-01,2.00000000e-01],[-8.91635728e-03,9.99872983e-01,1.32105044e-02,-1.00000000e-02],[-2.56796901e-01,-1.50575511e-02,9.66348084e-01,-1.10000000e-01]]]
[[[534.5916748046875,0,658.40478515625],[0,534.5916748046875,371.08636474609375],[0,0,1]],[[0.89207682,-0.0012196,0.45188279,0.25],[-0.00472506,0.99996248,0.00726048,-0.02],[-0.45185906,-0.00861208,0.89204776,-0.11]]]
[[[534.5916748046875,0,658.40478515625],[0,534.5916748046875,371.08636474609375],[0,0,1]],[[0.89072684,0.0010319,0.45451873,0.25],[-0.00429253,0.99999025,-0.0010319,-0.02],[-0.45451873,-0.0010319,0.89073659,-0.11]]]
[[[534.5916748046875,0,658.40478515625],[0,534.5916748046875,371.08636474609375],[0,0,1]],[[8.78194725e-01,1.14386508e-03,4.78286343e-01,2.50000000e-01],[-3.70650171e-03,9.99991834e-01,-1.61042018e-03,-2.00000000e-02],[-4.78288920e-01,-3.58506609e-04,8.78202474e-01,-1.10000000e-01]]]
[[[534.5916748046875,0,658.40478515625],[0,534.5916748046875,371.08636474609375],[0,0,1]],[[0.87026176,0.00339476,0.49252803,0.25],[-0.00413309,0.99995533,-0.00850076,-0.02],[-0.4925722,0.00536223,0.87025505,-0.11]]]
[[[534.5916748046875,0,658.40478515625],[0,534.5916748046875,371.08636474609375],[0,0,1]],[[8.70501331e-01,1.08541361e-03,4.92154660e-01,2.50000000e-01],[-2.79153599e-03,9.99994367e-01,-1.86348387e-03,-2.00000000e-02],[-4.92158126e-01,2.48297618e-04,8.70505771e-01,-1.00000000e-01]]]
[[[534.5916748046875,0,658.40478515625],[0,534.5916748046875,371.08636474609375],[0,0,1]],[[8.71222241e-01,-1.34972608e-04,4.90885208e-01,2.50000000e-01],[-3.57281985e-03,9.99990433e-01,2.52348115e-03,-2.00000000e-02],[-4.90875783e-01,-3.95235736e-03,8.71220601e-01,-1.00000000e-01]]]
[[[534.5916748046875,0,658.40478515625],[0,534.5916748046875,371.08636474609375],[0,0,1]],[[0.8712277,-0.00115278,0.49087873,0.25],[-0.00417814,0.99997228,0.00616236,-0.02],[-0.49086134,-0.00741978,0.87120613,-0.1]]]
[[[534.5916748046875,0,658.40478515625],[0,534.5916748046875,371.08636474609375],[0,0,1]],[[0.87122216,-0.00362922,0.49088034,0.25],[-0.00485829,0.99988231,0.01455204,-0.02],[-0.49086493,-0.0150629,0.87110548,-0.1]]]
[[[534.5916748046875,0,658.40478515625],[0,534.5916748046875,371.08636474609375],[0,0,1]],[[0.8712407,-0.00420712,0.49084446,0.25],[-0.0056367,0.99984175,0.01687315,-0.02],[-0.49082368,-0.01746732,0.87108382,-0.1]]]
[[[534.5916748046875,0,658.40478515625],[0,534.5916748046875,371.08636474609375],[0,0,1]],[[0.87136839,-0.00379376,0.49062265,0.25],[-0.0059014,0.9998593,0.01570182,-0.02],[-0.49059384,-0.01657743,0.87123067,-0.1]]]
[[[534.5916748046875,0,658.40478515625],[0,534.5916748046875,371.08636474609375],[0,0,1]],[[0.8716027,-0.00357175,0.49020788,0.25],[-0.00586092,0.99987069,0.01497523,-0.02],[-0.49017793,-0.01592552,0.87147691,-0.1]]]
[[[534.5916748046875,0,658.40478515625],[0,534.5916748046875,371.08636474609375],[0,0,1]],[[0.87301178,-0.00333127,0.48769647,0.25],[-0.00626399,0.99987504,0.01451444,-0.02],[-0.4876589,-0.01572621,0.87289261,-0.1]]]
[[[534.5916748046875,0,658.40478515625],[0,534.5916748046875,371.08636474609375],[0,0,1]],[[0.8748957,-0.00309598,0.48431016,0.25],[-0.00651323,0.99988079,0.01399936,-0.02],[-0.48426757,-0.01540241,0.87478436,-0.1]]]
[[[534.5916748046875,0,658.40478515625],[0,534.5916748046875,371.08636474609375],[0,0,1]],[[0.88173419,-0.00397508,0.47174049,0.25],[-0.0066241,0.99982592,0.01744253,-0.02],[-0.47170003,-0.01850453,0.88156489,-0.1]]]
[[[534.5916748046875,0,658.40478515625],[0,534.5916748046875,371.08636474609375],[0,0,1]],[[0.8935489,-0.00450875,0.448956,0.25],[-0.00698489,0.99976459,0.02054198,-0.02],[-0.44891156,-0.02149117,0.89331772,-0.1]]]
[[[534.5916748046875,0,658.40478515625],[0,534.5916748046875,371.08636474609375],[0,0,1]],[[0.96951425,-0.00289167,0.24503118,0.22],[-0.00834616,0.99958718,0.02749208,-0.04],[-0.24489275,-0.02869904,0.96912533,-0.1]]]
[[[534.5916748046875,0,658.40478515625],[0,534.5916748046875,371.08636474609375],[0,0,1]],[[0.99616709,0.00107132,-0.08677959,0.28],[-0.00800433,0.9993729,0.03449258,-0.11],[0.08710368,-0.03366576,0.99563023,-0.17]]]
[[[534.5916748046875,0,658.40478515625],[0,534.5916748046875,371.08636474609375],[0,0,1]],[[0.96325329,0.00311439,-0.26803433,0.27],[-0.00769044,0.99928525,0.03701141,-0.12],[0.26848455,-0.03359006,0.96269816,-0.18]]]
[[[534.5916748046875,0,658.40478515625],[0,534.5916748046875,371.08636474609375],[0,0,1]],[[0.92548135,0.00425475,-0.3781803,0.27],[-0.00734937,0.99921516,0.03892376,-0.12],[0.37872186,-0.03324383,0.92491329,-0.19]]]
[[[534.5916748046875,0,658.40478515625],[0,534.5916748046875,371.08636474609375],[0,0,1]],[[0.80654735,0.00628927,-0.59045471,0.3],[-0.00525598,0.99910393,0.04199648,-0.12],[0.59114613,-0.03076873,0.80597738,-0.2]]]
[[[534.5916748046875,0,658.40478515625],[0,534.5916748046875,371.08636474609375],[0,0,1]],[[0.64657227,0.01117227,-0.76131876,0.34],[-0.00246677,0.9981164,0.06129894,-0.11],[0.76284879,-0.0377562,0.64547366,-0.21]]]
[[[534.5916748046875,0,658.40478515625],[0,534.5916748046875,371.08636474609375],[0,0,1]],[[0.64137669,0.00631336,-0.76646137,0.34],[-0.0038265,0.99913353,0.04144337,-0.1],[0.76721663,-0.02364795,0.64095201,-0.21]]]
[[[534.5916748046875,0,658.40478515625],[0,534.5916748046875,371.08636474609375],[0,0,1]],[[0.64040539,0.00416273,-0.76721721,0.34],[-0.00718302,0.99916551,0.04020818,-0.1],[0.76800348,-0.0202386,0.64012582,-0.21]]]
[[[534.5916748046875,0,658.40478515625],[0,534.5916748046875,371.08636474609375],[0,0,1]],[[0.64409485,0.00150592,-0.764093,0.34],[-0.01112636,0.99922192,0.03783856,-0.1],[0.7648647,-0.01587005,0.64399543,-0.21]]]
[[[534.5916748046875,0,658.40478515625],[0,534.5916748046875,371.08636474609375],[0,0,1]],[[6.45279128e-01,-9.10720343e-05,-7.63041690e-01,3.40000000e-01],[-1.37319175e-02,9.99218196e-01,3.70733313e-02,-1.00000000e-01],[7.63823471e-01,-1.34446218e-02,6.45285178e-01,-2.10000000e-01]]]
[[[534.5916748046875,0,658.40478515625],[0,534.5916748046875,371.08636474609375],[0,0,1]],[[0.65935178,-0.00174589,-0.75084756,0.34],[-0.01690797,0.99919417,0.03640221,-0.1],[0.75164442,-0.01130655,0.65947162,-0.21]]]
[[[534.5916748046875,0,658.40478515625],[0,534.5916748046875,371.08636474609375],[0,0,1]],[[0.68005507,-0.00270926,-0.73219044,0.33],[-0.01858129,0.99924192,0.03421,-0.1],[0.73292555,-0.00965964,0.6802403,-0.21]]]
[[[534.5916748046875,0,658.40478515625],[0,534.5916748046875,371.08636474609375],[0,0,1]],[[0.77760484,-0.00292546,-0.62815255,0.29],[-0.01744849,0.99960285,0.02212881,-0.08],[0.62851116,-0.00624716,0.77777549,-0.23]]]
[[[534.5916748046875,0,658.40478515625],[0,534.5916748046875,371.08636474609375],[0,0,1]],[[0.91488233,-0.00127339,-0.40298862,0.29],[-0.01795116,0.99964818,0.01952601,-0.08],[0.40332133,-0.01062989,0.91499668,-0.21]]]
[[[534.5916748046875,0,658.40478515625],[0,534.5916748046875,371.08636474609375],[0,0,1]],[[9.99318093e-01,-1.66209430e-05,-3.34278410e-02,3.00000000e-01],[-1.51973033e-02,9.99776334e-01,1.47079859e-02,-8.00000000e-02],[3.36510165e-02,-1.41899434e-02,9.99332905e-01,-2.10000000e-01]]]
[[[534.5916748046875,0,658.40478515625],[0,534.5916748046875,371.08636474609375],[0,0,1]],[[9.79886503e-01,-2.29799894e-04,1.99318557e-01,3.60000000e-01],[-1.24111030e-02,9.99848098e-01,1.22370878e-02,-8.00000000e-02],[-1.99169289e-01,-1.44647203e-02,9.79858340e-01,-2.30000000e-01]]]
[[[534.5916748046875,0,658.40478515625],[0,534.5916748046875,371.08636474609375],[0,0,1]],[[9.72835898e-01,-5.88982502e-04,2.31374137e-01,3.60000000e-01],[-1.08331981e-02,9.99855280e-01,1.31172044e-02,-8.00000000e-02],[-2.31242208e-01,-1.52674091e-02,9.72776413e-01,-2.30000000e-01]]]
[[[534.5916748046875,0,658.40478515625],[0,534.5916748046875,371.08636474609375],[0,0,1]],[[9.40058438e-01,-4.33011262e-04,3.40965306e-01,3.70000000e-01],[-9.21968966e-03,9.99920309e-01,8.62402456e-03,-9.00000000e-02],[-3.40888744e-01,-1.12506812e-02,9.40036325e-01,-2.30000000e-01]]]
[[[534.5916748046875,0,658.40478515625],[0,534.5916748046875,371.08636474609375],[0,0,1]],[[9.38413413e-01,9.25164946e-04,3.45403326e-01,3.70000000e-01],[-1.03130811e-02,9.99943316e-01,2.64672876e-03,-9.00000000e-02],[-3.45360550e-01,-6.04589821e-03,9.38450606e-01,-2.30000000e-01]]]
[[[534.5916748046875,0,658.40478515625],[0,534.5916748046875,371.08636474609375],[0,0,1]],[[0.93161902,0.00203952,0.36328599,0.36],[-0.01027409,0.99994427,-0.00242913,-0.09],[-0.36329114,-0.00146941,0.93167451,-0.23]]]
[[[534.5916748046875,0,658.40478515625],[0,534.5916748046875,371.08636474609375],[0,0,1]],[[0.92415464,0.00327073,0.38183769,0.37],[-0.00941542,0.99992371,-0.00799574,-0.09],[-0.38190255,0.00379414,0.92419481,-0.22]]]
[[[534.5916748046875,0,658.40478515625],[0,534.5916748046875,371.08636474609375],[0,0,1]],[[0.92409503,0.00266316,0.38205392,0.37],[-0.00699347,0.99995136,-0.00695441,-0.09],[-0.38209876,0.00375466,0.92411386,-0.22]]]
[[[534.5916748046875,0,658.40478515625],[0,534.5916748046875,371.08636474609375],[0,0,1]],[[9.24086954e-01,1.16190742e-03,3.82116982e-01,3.70000000e-01],[-7.66593939e-03,9.99970615e-01,5.18168585e-05,-9.00000000e-02],[-3.82105388e-01,-2.97716905e-03,9.24113955e-01,-2.20000000e-01]]]
[[[534.5916748046875,0,658.40478515625],[0,534.5916748046875,371.08636474609375],[0,0,1]],[[9.24086986e-01,2.58310071e-04,3.82130141e-01,3.70000000e-01],[-8.79067639e-03,9.99950081e-01,4.74966260e-03,-9.00000000e-02],[-3.82081101e-01,-7.74828376e-03,9.24096315e-01,-2.20000000e-01]]]
[[[534.5916748046875,0,658.40478515625],[0,534.5916748046875,371.08636474609375],[0,0,1]],[[0.92507171,-0.00118852,0.37977262,0.37],[-0.00875396,0.9999001,0.01109743,-0.09],[-0.37969158,-0.01359044,0.9250133,-0.22]]]
[[[534.5916748046875,0,658.40478515625],[0,534.5916748046875,371.08636474609375],[0,0,1]],[[0.98264146,-0.00145714,0.18541997,0.36],[-0.01037181,0.99968219,0.02297713,-0.09],[-0.18522471,-0.02450142,0.9823907,-0.23]]]
[[[534.5916748046875,0,658.40478515625],[0,534.5916748046875,371.08636474609375],[0,0,1]],[[0.95071858,0.00184503,-0.30913889,0.31],[-0.01411055,0.99933568,0.03360206,-0.1],[0.30973387,-0.02758398,0.95042309,-0.25]]]
[[[534.5916748046875,0,658.40478515625],[0,534.5916748046875,371.08636474609375],[0,0,1]],[[0.91347826,0.00212784,-0.40603052,0.31],[-0.01363621,0.99931908,0.03428465,-0.11],[0.40665899,-0.02578157,0.91321618,-0.26]]]
[[[534.5916748046875,0,658.40478515625],[0,534.5916748046875,371.08636474609375],[0,0,1]],[[0.84417643,0.00249586,-0.53515157,0.32],[-0.01333487,0.99921197,0.03738484,-0.11],[0.53589956,-0.02442323,0.84392841,-0.27]]]
[[[534.5916748046875,0,658.40478515625],[0,534.5916748046875,371.08636474609375],[0,0,1]],[[0.73973227,0.00352016,-0.67172152,0.32],[-0.01254324,0.99888945,0.04541521,-0.11],[0.67278439,-0.02516953,0.73941035,-0.28]]]
[[[534.5916748046875,0,658.40478515625],[0,534.5916748046875,371.08636474609375],[0,0,1]],[[0.6889585,0.00334898,-0.72360271,0.32],[-0.01196075,0.99886447,0.04611624,-0.11],[0.72470213,-0.02311735,0.68867442,-0.28]]]
[[[534.5916748046875,0,658.40478515625],[0,534.5916748046875,371.08636474609375],[0,0,1]],[[0.68222875,0.00332848,-0.72987652,0.32],[-0.01229203,0.99880615,0.04727773,-0.11],[0.73103546,-0.02328256,0.68194214,-0.28]]]
[[[534.5916748046875,0,658.40478515625],[0,534.5916748046875,371.08636474609375],[0,0,1]],[[0.6797256,0.00247017,-0.73211733,0.32],[-0.01400811,0.9987655,0.04765766,-0.11],[0.73333275,-0.02213855,0.67950938,-0.28]]]
[[[534.5916748046875,0,658.40478515625],[0,534.5916748046875,371.08636474609375],[0,0,1]],[[6.72275225e-01,7.80273386e-04,-7.38947402e-01,3.20000000e-01],[-1.62186083e-02,9.98821884e-01,4.57362023e-02,-1.10000000e-01],[7.40123656e-01,-1.87626192e-02,6.72209034e-01,-2.80000000e-01]]]
[[[534.5916748046875,0,658.40478515625],[0,534.5916748046875,371.08636474609375],[0,0,1]],[[6.56083885e-01,-7.84169638e-04,-7.53288396e-01,3.20000000e-01],[-1.82695048e-02,9.98819798e-01,4.50026189e-02,-1.10000000e-01],[7.54466806e-01,-1.57632871e-02,6.56148884e-01,-2.80000000e-01]]]
[[[534.5916748046875,0,658.40478515625],[0,534.5916748046875,371.08636474609375],[0,0,1]],[[6.51340449e-01,-6.48345930e-05,-7.57402378e-01,3.20000000e-01],[-1.70623479e-02,9.98808563e-01,4.57201433e-02,-1.10000000e-01],[7.58593803e-01,-1.68563183e-02,6.51345813e-01,-2.80000000e-01]]]
[[[534.5916748046875,0,658.40478515625],[0,534.5916748046875,371.08636474609375],[0,0,1]],[[0.649289,-0.00124368,-0.75932567,0.32],[-0.01757061,0.99898243,0.04153769,-0.11],[0.76033883,-0.01362815,0.64938371,-0.28]]]
[[[534.5916748046875,0,658.40478515625],[0,534.5916748046875,371.08636474609375],[0,0,1]],[[0.64928473,-0.00206469,-0.75941949,0.32],[-0.0180951,0.99907717,0.03895348,-0.11],[0.76033015,-0.01155013,0.64943413,-0.28]]]
[[[534.5916748046875,0,658.40478515625],[0,534.5916748046875,371.08636474609375],[0,0,1]],[[0.64932339,-0.00217959,-0.75941692,0.32],[-0.01804532,0.99910507,0.03825485,-0.11],[0.76029829,-0.01113585,0.64947863,-0.28]]]
[[[534.5916748046875,0,658.40478515625],[0,534.5916748046875,371.08636474609375],[0,0,1]],[[0.64932986,-0.00232292,-0.75942584,0.32],[-0.01814244,0.99911994,0.03781802,-0.11],[0.76029049,-0.01077854,0.64949383,-0.28]]]
[[[534.5916748046875,0,658.40478515625],[0,534.5916748046875,371.08636474609375],[0,0,1]],[[0.64936768,-0.00238624,-0.75940781,0.32],[-0.01813074,0.99913311,0.03747405,-0.11],[0.76025844,-0.01056581,0.64953481,-0.28]]]
[[[534.5916748046875,0,658.40478515625],[0,534.5916748046875,371.08636474609375],[0,0,1]],[[0.64946222,-0.00231876,-0.75932613,0.32],[-0.01804725,0.99913108,0.03756827,-0.11],[0.76017969,-0.01069543,0.64962488,-0.28]]]
[[[534.5916748046875,0,658.40478515625],[0,534.5916748046875,371.08636474609375],[0,0,1]],[[0.64954821,-0.00208156,-0.75925036,0.32],[-0.0177403,0.99912456,0.0378867,-0.11],[0.76011342,-0.0111399,0.64969493,-0.28]]]
[[[534.5916748046875,0,658.40478515625],[0,534.5916748046875,371.08636474609375],[0,0,1]],[[0.67857389,-0.00212239,-0.73357192,0.32],[-0.01765161,0.99923787,0.03481536,-0.1],[0.73432002,-0.01067607,0.67871947,-0.28]]]
