[[[534.5916748046875,0,658.40478515625],[0,534.5916748046875,371.08636474609375],[0,0,1]],[[9.99917865e-01,1.28145246e-02,2.61383248e-05,0.00000000e+00],[-1.28099200e-02,9.99499980e-01,2.89081800e-02,0.00000000e+00],[3.44319269e-04,-2.89061386e-02,9.99582052e-01,0.00000000e+00]]]
[[[534.5916748046875,0,658.40478515625],[0,534.5916748046875,371.08636474609375],[0,0,1]],[[9.99918640e-01,1.27550438e-02,1.07268206e-04,0.00000000e+00],[-1.27527200e-02,9.99489780e-01,2.92838400e-02,0.00000000e+00],[2.66303192e-04,-2.92828269e-02,9.99571145e-01,-0.00000000e+00]]]
[[[534.5916748046875,0,658.40478515625],[0,534.5916748046875,371.08636474609375],[0,0,1]],[[9.99917209e-01,1.28682442e-02,1.15940609e-04,0.00000000e+00],[-1.28662400e-02,9.99501590e-01,2.88284300e-02,-0.00000000e+00],[2.55088380e-04,-2.88275331e-02,9.99584377e-01,-0.00000000e+00]]]
[[[534.5916748046875,0,658.40478515625],[0,534.5916748046875,371.08636474609375],[0,0,1]],[[9.99919116e-01,1.27182575e-02,6.86054700e-05,0.00000000e+00],[-1.27148900e-02,9.99497710e-01,2.90278900e-02,-0.00000000e+00],[3.00613116e-04,-2.90264152e-02,9.99578595e-01,-0.00000000e+00]]]
[[[534.5916748046875,0,658.40478515625],[0,534.5916748046875,371.08636474609375],[0,0,1]],[[9.99919713e-01,1.26693863e-02,1.50900334e-04,0.00000000e+00],[-1.26685400e-02,9.99513090e-01,2.85141400e-02,-0.00000000e+00],[2.10429716e-04,-2.85137612e-02,9.99593377e-01,-0.00000000e+00]]]
[[[534.5916748046875,0,658.40478515625],[0,534.5916748046875,371.08636474609375],[0,0,1]],[[9.99919593e-01,1.26795312e-02,2.21756636e-06,0.00000000e+00],[-1.26740700e-02,9.99483700e-01,2.95238400e-02,-0.00000000e+00],[3.72131995e-04,-2.95214914e-02,9.99564052e-01,-0.00000000e+00]]]
[[[534.5916748046875,0,658.40478515625],[0,534.5916748046875,371.08636474609375],[0,0,1]],[[9.99919891e-01,1.26585569e-02,7.50457548e-05,0.00000000e+00],[-1.26553600e-02,9.99494670e-01,2.91586800e-02,-0.00000000e+00],[2.94098922e-04,-2.91572921e-02,9.99574780e-01,-0.00000000e+00]]]
[[[534.5916748046875,0,658.40478515625],[0,534.5916748046875,371.08636474609375],[0,0,1]],[[9.99918580e-01,1.27586853e-02,8.15080421e-06,0.00000000e+00],[-1.27535600e-02,9.99498610e-01,2.89801800e-02,-0.00000000e+00],[3.61602230e-04,-2.89779250e-02,9.99579966e-01,-0.00000000e+00]]]
[[[534.5916748046875,0,658.40478515625],[0,534.5916748046875,371.08636474609375],[0,0,1]],[[9.99919236e-01,1.27107063e-02,5.17943990e-05,0.00000000e+00],[-1.27067100e-02,9.99485190e-01,2.94589900e-02,-0.00000000e+00],[3.22676759e-04,-2.94572674e-02,9.99565959e-01,-0.00000000e+00]]]
[[[534.5916748046875,0,658.40478515625],[0,534.5916748046875,371.08636474609375],[0,0,1]],[[9.99917150e-01,1.28723020e-02,2.51528545e-05,0.00000000e+00],[-1.28676900e-02,9.99502360e-01,2.87999900e-02,-0.00000000e+00],[3.45581851e-04,-2.87979301e-02,9.99585211e-01,-0.00000000e+00]]]
[[[534.5916748046875,0,658.40478515625],[0,534.5916748046875,371.08636474609375],[0,0,1]],[[9.99918044e-01,1.28016043e-02,2.21423688e-05,0.00000000e+00],[-1.27964800e-02,9.99465760e-01,3.00739000e-02,-0.00000000e+00],[3.62863619e-04,-3.00717223e-02,9.99547660e-01,-0.00000000e+00]]]
[[[534.5916748046875,0,658.40478515625],[0,534.5916748046875,371.08636474609375],[0,0,1]],[[9.99920189e-01,1.26342764e-02,1.70768762e-05,0.00000000e+00],[-1.26288900e-02,9.99452890e-01,3.05690200e-02,-0.00000000e+00],[3.69149871e-04,-3.05667967e-02,9.99532640e-01,0.00000000e+00]]]
[[[534.5916748046875,0,658.40478515625],[0,534.5916748046875,371.08636474609375],[0,0,1]],[[9.99919057e-01,1.27242943e-02,-9.45116335e-06,0.00000000e+00],[-1.27179000e-02,9.99439300e-01,3.09738800e-02,-0.00000000e+00],[4.03566577e-04,-3.09712514e-02,9.99520183e-01,0.00000000e+00]]]
[[[534.5916748046875,0,658.40478515625],[0,534.5916748046875,371.08636474609375],[0,0,1]],[[9.99918699e-01,1.27525283e-02,-4.95559652e-05,0.00000000e+00],[-1.27447200e-02,9.99428270e-01,3.13168800e-02,-0.00000000e+00],[4.48897074e-04,-3.13137025e-02,9.99509513e-01,0.00000000e+00]]]
[[[534.5916748046875,0,658.40478515625],[0,534.5916748046875,371.08636474609375],[0,0,1]],[[9.99914348e-01,1.30896876e-02,1.05771076e-04,-0.00000000e+00],[-1.30864100e-02,9.99406990e-01,3.18495300e-02,-0.00000000e+00],[3.11192009e-04,-3.18481848e-02,9.99492645e-01,0.00000000e+00]]]
[[[534.5916748046875,0,658.40478515625],[0,534.5916748046875,371.08636474609375],[0,0,1]],[[0.99991113,0.01282697,0.00362718,-0.],[-0.01293182,0.99945003,0.03053626,-0.],[-0.0032335,-0.03058045,0.9995271,0.]]]
[[[534.5916748046875,0,658.40478515625],[0,534.5916748046875,371.08636474609375],[0,0,1]],[[0.99990743,0.01319183,0.00333131,-0.],[-0.01328631,0.99945736,0.03014073,-0.],[-0.00293189,-0.0301822,0.99954009,-0.]]]
[[[534.5916748046875,0,658.40478515625],[0,534.5916748046875,371.08636474609375],[0,0,1]],[[0.99990821,0.01306012,0.00360679,-0.],[-0.01316223,0.999466,0.0299078,-0.],[-0.00321427,-0.02995253,0.99954617,-0.]]]
[[[534.5916748046875,0,658.40478515625],[0,534.5916748046875,371.08636474609375],[0,0,1]],[[0.99990898,0.01312379,0.00313641,-0.],[-0.0132129,0.99945295,0.03031793,-0.],[-0.00273681,-0.03035661,0.99953538,-0.]]]
[[[534.5916748046875,0,658.40478515625],[0,534.5916748046875,371.08636474609375],[0,0,1]],[[0.99991047,0.01294957,0.00337007,-0.],[-0.01304593,0.99945438,0.03034418,-0.],[-0.00297528,-0.03038543,0.99953383,0.]]]
[[[534.5916748046875,0,658.40478515625],[0,534.5916748046875,371.08636474609375],[0,0,1]],[[0.99976367,0.01141569,-0.01850119,-0.],[-0.01086036,0.99949557,0.02984334,-0.],[0.01883254,-0.02963536,0.99938333,-0.]]]
[[[534.5916748046875,0,658.40478515625],[0,534.5916748046875,371.08636474609375],[0,0,1]],[[0.99513698,0.01104826,-0.09787942,0.02],[-0.00780733,0.99941045,0.03343278,0.],[0.09819109,-0.03250602,0.99463654,-0.01]]]
[[[534.5916748046875,0,658.40478515625],[0,534.5916748046875,371.08636474609375],[0,0,1]],[[0.97951674,0.01357095,-0.20090486,0.03],[-0.00853365,0.99962765,0.02591794,-0.],[0.20118178,-0.02367261,0.97926784,-0.02]]]
[[[534.5916748046875,0,658.40478515625],[0,534.5916748046875,371.08636474609375],[0,0,1]],[[0.94714665,0.01531455,-0.32043517,0.03],[-0.00852794,0.99970883,0.02257206,-0.],[0.32068753,-0.01864641,0.94700146,-0.02]]]
[[[534.5916748046875,0,658.40478515625],[0,534.5916748046875,371.08636474609375],[0,0,1]],[[0.92806351,0.01564826,-0.37209305,0.03],[-0.00840195,0.99974227,0.02108795,-0.],[0.37232712,-0.01644466,0.92795581,-0.02]]]
[[[534.5916748046875,0,658.40478515625],[0,534.5916748046875,371.08636474609375],[0,0,1]],[[0.86863488,0.01963427,-0.49506363,0.03],[-0.00663237,0.99958569,0.02800656,-0.01],[0.49540836,-0.02104404,0.86840522,-0.03]]]
[[[534.5916748046875,0,658.40478515625],[0,534.5916748046875,371.08636474609375],[0,0,1]],[[0.85551786,0.02255412,-0.51728201,0.04],[-0.0075926,0.99948984,0.03102177,-0.],[0.51771772,-0.02261217,0.85525262,-0.03]]]
[[[534.5916748046875,0,658.40478515625],[0,534.5916748046875,371.08636474609375],[0,0,1]],[[0.85344607,0.02004015,-0.52079618,0.04],[-0.0075977,0.99963266,0.02601509,-0.],[0.52112615,-0.01824563,0.85328484,-0.03]]]
[[[534.5916748046875,0,658.40478515625],[0,534.5916748046875,371.08636474609375],[0,0,1]],[[0.85376465,0.02007267,-0.52027279,0.04],[-0.00726181,0.99961859,0.02664975,-0.],[0.52060908,-0.01897449,0.85358459,-0.03]]]
[[[534.5916748046875,0,658.40478515625],[0,534.5916748046875,371.08636474609375],[0,0,1]],[[0.85342222,0.01887844,-0.52087867,0.04],[-0.00717413,0.99967474,0.02447736,-0.],[0.52117127,-0.01715268,0.85328001,-0.03]]]
[[[534.5916748046875,0,658.40478515625],[0,534.5916748046875,371.08636474609375],[0,0,1]],[[0.85032737,0.01815651,-0.52594131,0.04],[-0.00637553,0.99968684,0.02420334,-0.],[0.52621597,-0.01722762,0.85017675,-0.03]]]
[[[534.5916748046875,0,658.40478515625],[0,534.5916748046875,371.08636474609375],[0,0,1]],[[0.83401287,0.01663311,-0.55149466,0.04],[-0.0055084,0.99974692,0.02182219,-0.],[0.551718,-0.01516215,0.8338933,-0.03]]]
[[[534.5916748046875,0,658.40478515625],[0,534.5916748046875,371.08636474609375],[0,0,1]],[[8.05138650e-01,8.74900000e-03,-5.93022700e-01,4.00000000e-02],[-8.51470977e-04,9.99907553e-01,1.35958269e-02,-1.00000000e-02],[5.93086720e-01,-1.04416000e-02,8.05071470e-01,-3.00000000e-02]]]
[[[534.5916748046875,0,658.40478515625],[0,534.5916748046875,371.08636474609375],[0,0,1]],[[0.79600608,0.01945534,-0.60497677,0.04],[-0.00738736,0.99972147,0.02242984,-0.01],[0.60524446,-0.01338512,0.7959277,-0.03]]]
[[[534.5916748046875,0,658.40478515625],[0,534.5916748046875,371.08636474609375],[0,0,1]],[[0.79396319,0.01787696,-0.60770386,0.04],[-0.00568173,0.99974263,0.02198648,-0.01],[0.60794038,-0.01400366,0.79385996,-0.03]]]
[[[534.5916748046875,0,658.40478515625],[0,534.5916748046875,371.08636474609375],[0,0,1]],[[0.78380638,0.01881485,-0.62072134,0.04],[-0.00536639,0.99970943,0.02352613,-0.01],[0.6209833,-0.0151089,0.78367889,-0.03]]]
[[[534.5916748046875,0,658.40478515625],[0,534.5916748046875,371.08636474609375],[0,0,1]],[[0.77644795,0.02307825,-0.62975985,0.04],[-0.0071426,0.99958777,0.02782469,-0.01],[0.63014203,-0.01710631,0.7762922,-0.03]]]
[[[534.5916748046875,0,658.40478515625],[0,534.5916748046875,371.08636474609375],[0,0,1]],[[0.77732223,0.0226118,-0.62869728,0.04],[-0.00737494,0.99961317,0.02683381,-0.01],[0.62906063,-0.01622191,0.77718788,-0.03]]]
[[[534.5916748046875,0,658.40478515625],[0,534.5916748046875,371.08636474609375],[0,0,1]],[[0.77832264,0.02185194,-0.62748528,0.04],[-0.00753796,0.99964786,0.02546239,-0.01],[0.62782055,-0.015088,0.77821279,-0.03]]]
[[[534.5916748046875,0,658.40478515625],[0,534.5916748046875,371.08636474609375],[0,0,1]],[[0.77807915,0.02203278,-0.62778085,0.04],[-0.00715277,0.99963111,0.02621812,-0.01],[0.6281268,-0.01590941,0.77794921,-0.04]]]
[[[534.5916748046875,0,658.40478515625],[0,534.5916748046875,371.08636474609375],[0,0,1]],[[0.77894664,0.02351577,-0.62665045,0.04],[-0.00766002,0.99957937,0.02798871,-0.01],[0.62704486,-0.01700156,0.77879858,-0.04]]]
[[[534.5916748046875,0,658.40478515625],[0,534.5916748046875,371.08636474609375],[0,0,1]],[[0.7850675,0.02451524,-0.61892629,0.04],[-0.00785101,0.99953049,0.02963221,-0.01],[0.61936188,-0.01840409,0.78489077,-0.04]]]
[[[534.5916748046875,0,658.40478515625],[0,534.5916748046875,371.08636474609375],[0,0,1]],[[0.79275453,0.02655377,-0.60896379,0.03],[-0.01041161,0.99949527,0.03002891,-0.],[0.6094535,-0.01746526,0.79263031,-0.04]]]
[[[534.5916748046875,0,658.40478515625],[0,534.5916748046875,371.08636474609375],[0,0,1]],[[0.82388794,0.02611833,-0.5661521,0.02],[-0.01309229,0.99954855,0.02705979,-0.],[0.56660306,-0.01488201,0.82385731,-0.04]]]
[[[534.5916748046875,0,658.40478515625],[0,534.5916748046875,371.08636474609375],[0,0,1]],[[0.8512376,0.02260792,-0.52429515,0.02],[-0.01027281,0.9995985,0.02642449,-0.01],[0.52468187,-0.01710753,0.85112727,-0.04]]]
[[[534.5916748046875,0,658.40478515625],[0,534.5916748046875,371.08636474609375],[0,0,1]],[[0.86111176,0.02509448,-0.50779802,0.02],[-0.01297814,0.99954122,0.02738754,-0.01],[0.50825214,-0.01699345,0.86104161,-0.04]]]
[[[534.5916748046875,0,658.40478515625],[0,534.5916748046875,371.08636474609375],[0,0,1]],[[0.92601061,0.02973552,-0.37632751,0.01],[-0.02111881,0.99941295,0.0270026,-0.],[0.37690938,-0.0170571,0.92609411,-0.03]]]
[[[534.5916748046875,0,658.40478515625],[0,534.5916748046875,371.08636474609375],[0,0,1]],[[0.98362184,0.02379541,-0.17867297,0.01],[-0.02076211,0.99960786,0.01882775,-0.],[0.17905089,-0.01480975,0.98372936,-0.02]]]
[[[534.5916748046875,0,658.40478515625],[0,534.5916748046875,371.08636474609375],[0,0,1]],[[0.98429418,0.02640678,0.17455614,0.01],[-0.02333113,0.99953538,-0.0196488,-0.],[-0.17499366,0.01526759,0.98445225,-0.02]]]
[[[534.5916748046875,0,658.40478515625],[0,534.5916748046875,371.08636474609375],[0,0,1]],[[0.95372152,0.03128238,0.29906353,0.01],[-0.01835324,0.99877626,-0.04594413,-0.02],[-0.30013448,0.03832908,0.9531278,-0.02]]]
[[[534.5916748046875,0,658.40478515625],[0,534.5916748046875,371.08636474609375],[0,0,1]],[[0.89297676,0.04578761,0.44777054,0.02],[-0.01280942,0.99699551,-0.07640415,-0.02],[-0.44992304,0.06249139,0.89087963,-0.02]]]
[[[534.5916748046875,0,658.40478515625],[0,534.5916748046875,371.08636474609375],[0,0,1]],[[0.81150007,-0.00228296,0.58434993,0.04],[0.00914863,0.99992025,-0.00879837,-0.01],[-0.5842827,0.01248585,0.81145561,-0.01]]]
[[[534.5916748046875,0,658.40478515625],[0,534.5916748046875,371.08636474609375],[0,0,1]],[[0.81237084,0.00148073,0.58314157,0.04],[0.00704993,0.99989969,-0.01236018,-0.01],[-0.58310068,0.01415213,0.81227827,-0.01]]]
[[[534.5916748046875,0,658.40478515625],[0,534.5916748046875,371.08636474609375],[0,0,1]],[[0.81200355,-0.00154873,0.58365273,0.04],[0.00708304,0.99994993,-0.00720084,-0.01],[-0.58361167,0.00998111,0.81197327,-0.01]]]
[[[534.5916748046875,0,658.40478515625],[0,534.5916748046875,371.08636474609375],[0,0,1]],[[0.81212223,-0.01237497,0.58335859,0.04],[0.00835097,0.99992025,0.00958584,-0.01],[-0.58342993,-0.00291329,0.81216002,-0.01]]]
[[[534.5916748046875,0,658.40478515625],[0,534.5916748046875,371.08636474609375],[0,0,1]],[[0.81237942,-0.01164568,0.58301556,0.04],[0.00802899,0.99993026,0.00878587,-0.01],[-0.58307636,-0.00245645,0.81241542,-0.01]]]
[[[534.5916748046875,0,658.40478515625],[0,534.5916748046875,371.08636474609375],[0,0,1]],[[0.81267756,-0.01203352,0.58259195,0.04],[0.00814337,0.99992472,0.00929414,-0.01],[-0.58265913,-0.00280889,0.81271362,-0.01]]]
[[[534.5916748046875,0,658.40478515625],[0,534.5916748046875,371.08636474609375],[0,0,1]],[[0.81253278,-0.01122667,0.58281004,0.04],[0.00783775,0.99993575,0.00833467,-0.01],[-0.5828653,-0.00220429,0.81256771,-0.01]]]
[[[534.5916748046875,0,658.40478515625],[0,534.5916748046875,371.08636474609375],[0,0,1]],[[0.81252968,-0.0115701,0.58280796,0.04],[0.00776588,0.99993032,0.00902406,-0.01],[-0.58287078,-0.00280631,0.81256193,-0.01]]]
[[[534.5916748046875,0,658.40478515625],[0,534.5916748046875,371.08636474609375],[0,0,1]],[[0.8124162,-0.01229296,0.58295125,0.04],[0.00800403,0.99991995,0.00993115,-0.01],[-0.58302575,-0.00340228,0.81244862,-0.01]]]
[[[534.5916748046875,0,658.40478515625],[0,534.5916748046875,371.08636474609375],[0,0,1]],[[0.81265223,-0.01179534,0.58263248,0.04],[0.00765362,0.99992627,0.0095682,-0.01],[-0.5827015,-0.00331638,0.81268156,-0.01]]]
[[[534.5916748046875,0,658.40478515625],[0,534.5916748046875,371.08636474609375],[0,0,1]],[[0.81377852,-0.01079903,0.58107775,0.04],[0.00762193,0.99994099,0.00790917,-0.01],[-0.58112788,-0.0020074,0.81381184,-0.01]]]
[[[534.5916748046875,0,658.40478515625],[0,534.5916748046875,371.08636474609375],[0,0,1]],[[0.81493747,-0.0096165,0.57947201,0.04],[0.00699595,0.99995404,0.00675581,-0.01],[-0.57950938,-0.00145161,0.81496632,-0.01]]]
[[[534.5916748046875,0,658.40478515625],[0,534.5916748046875,371.08636474609375],[0,0,1]],[[0.84692949,-0.04169156,0.53007132,0.14],[0.02943343,0.99906981,0.03155189,0.02],[-0.53089285,-0.01112042,0.84736794,-0.04]]]
[[[534.5916748046875,0,658.40478515625],[0,534.5916748046875,371.08636474609375],[0,0,1]],[[0.97282207,-0.03314926,0.22917584,0.13],[0.02725756,0.99921387,0.028827,0.02],[-0.22995073,-0.02179677,0.97295982,-0.05]]]
[[[534.5916748046875,0,658.40478515625],[0,534.5916748046875,371.08636474609375],[0,0,1]],[[0.98838162,-0.01819864,0.15091039,0.17],[0.01761641,0.99983251,0.00519422,-0.01],[-0.15097922,-0.0024754,0.98853552,-0.08]]]
[[[534.5916748046875,0,658.40478515625],[0,534.5916748046875,371.08636474609375],[0,0,1]],[[0.99239099,-0.01684636,0.1219824,0.18],[0.01634488,0.99985445,0.00511062,-0.01],[-0.12205035,-0.00307796,0.99252081,-0.08]]]
[[[534.5916748046875,0,658.40478515625],[0,534.5916748046875,371.08636474609375],[0,0,1]],[[0.99299711,-0.01550235,0.11713167,0.18],[0.01501874,0.99987572,0.00501031,-0.01],[-0.11719441,-0.00321607,0.99310559,-0.09]]]
[[[534.5916748046875,0,658.40478515625],[0,534.5916748046875,371.08636474609375],[0,0,1]],[[0.99439883,-0.02351121,0.10306104,0.21],[0.02266498,0.99970025,0.00937452,-0.01],[-0.1032502,-0.00698615,0.99463266,-0.08]]]
[[[534.5916748046875,0,658.40478515625],[0,534.5916748046875,371.08636474609375],[0,0,1]],[[0.98964721,-0.01644813,-0.14258771,0.21],[0.01572842,0.99985832,-0.00617315,-0.02],[0.14266916,0.00386653,0.98976463,-0.1]]]
[[[534.5916748046875,0,658.40478515625],[0,534.5916748046875,371.08636474609375],[0,0,1]],[[0.95624429,-0.01484867,-0.29219821,0.21],[0.01357112,0.99988848,-0.00639882,-0.02],[0.29226062,0.00215336,0.95633817,-0.1]]]
[[[534.5916748046875,0,658.40478515625],[0,534.5916748046875,371.08636474609375],[0,0,1]],[[0.91510576,-0.01082574,-0.40307277,0.21],[0.00647636,0.99990624,-0.0121521,-0.03],[0.40316644,0.00850999,0.91508901,-0.11]]]
[[[534.5916748046875,0,658.40478515625],[0,534.5916748046875,371.08636474609375],[0,0,1]],[[0.88216561,-0.0065517,-0.47089753,0.2],[0.00113147,0.99993104,-0.01179261,-0.03],[0.47094205,0.0098702,0.88211113,-0.12]]]
[[[534.5916748046875,0,658.40478515625],[0,534.5916748046875,371.08636474609375],[0,0,1]],[[0.88092035,-0.00791346,-0.47320199,0.2],[0.00102473,0.99989092,-0.01481376,-0.03],[0.47326738,0.01256481,0.88083136,-0.12]]]
[[[534.5916748046875,0,658.40478515625],[0,534.5916748046875,371.08636474609375],[0,0,1]],[[0.87171447,-0.01078921,-0.48989874,0.2],[0.00247107,0.99984282,-0.01762295,-0.03],[0.49001166,0.01415158,0.87160319,-0.12]]]
[[[534.5916748046875,0,658.40478515625],[0,534.5916748046875,371.08636474609375],[0,0,1]],[[0.85029197,-0.0044581,-0.52629566,0.2],[-0.00122058,0.99994594,-0.01044226,-0.03],[0.5263136,0.00952132,0.85023952,-0.12]]]
[[[534.5916748046875,0,658.40478515625],[0,534.5916748046875,371.08636474609375],[0,0,1]],[[0.84876168,-0.00403413,-0.52876341,0.2],[-0.00129132,0.99995339,-0.00970184,-0.03],[0.52877778,0.00891732,0.8487159,-0.12]]]
[[[534.5916748046875,0,658.40478515625],[0,534.5916748046875,371.08636474609375],[0,0,1]],[[0.84733582,-0.00223174,-0.53105593,0.2],[-0.00216389,0.99996978,-0.00765497,-0.03],[0.53105676,0.00763545,0.8473044,-0.12]]]
[[[534.5916748046875,0,658.40478515625],[0,534.5916748046875,371.08636474609375],[0,0,1]],[[0.84711796,-0.00355617,-0.53139621,0.2],[-0.00180733,0.9999541,-0.00957295,-0.03],[0.53140563,0.0090698,0.84707141,-0.12]]]
[[[534.5916748046875,0,658.40478515625],[0,534.5916748046875,371.08636474609375],[0,0,1]],[[0.84713089,-0.00369899,-0.53137463,0.2],[-0.00187054,0.99995035,-0.00994292,-0.03],[0.53138483,0.00941688,0.84708071,-0.12]]]
[[[534.5916748046875,0,658.40478515625],[0,534.5916748046875,371.08636474609375],[0,0,1]],[[0.84702021,-0.00356797,-0.53155196,0.2],[-0.00188729,0.99995255,-0.00971944,-0.03],[0.53156114,0.00923572,0.84697205,-0.12]]]
[[[534.5916748046875,0,658.40478515625],[0,534.5916748046875,371.08636474609375],[0,0,1]],[[0.84755397,-0.00266835,-0.53070563,0.2],[-0.00215459,0.99996334,-0.00846872,-0.03],[0.53070861,0.00832112,0.84751606,-0.12]]]
[[[534.5916748046875,0,658.40478515625],[0,534.5916748046875,371.08636474609375],[0,0,1]],[[0.86153638,0.00361203,-0.50768626,0.19],[-0.00684073,0.99996793,-0.00449418,-0.03],[0.50765353,0.00734481,0.86153251,-0.12]]]
[[[534.5916748046875,0,658.40478515625],[0,534.5916748046875,371.08636474609375],[0,0,1]],[[8.8165295e-01,-8.8744000e-04,-4.7190118e-01,1.9000000e-01],[-2.4955800e-03,9.9997693e-01,-6.5430400e-03,-3.0000000e-02],[4.7189593e-01,6.9463200e-03,8.8162935e-01,-1.2000000e-01]]]
[[[534.5916748046875,0,658.40478515625],[0,534.5916748046875,371.08636474609375],[0,0,1]],[[8.8619429e-01,-9.2989000e-04,-4.6331656e-01,1.9000000e-01],[-2.3173900e-03,9.9997789e-01,-6.4395300e-03,-3.0000000e-02],[4.6331221e-01,6.7803300e-03,8.8617158e-01,-1.2000000e-01]]]
[[[534.5916748046875,0,658.40478515625],[0,534.5916748046875,371.08636474609375],[0,0,1]],[[0.88908249,-0.00111489,-0.4577494,0.19],[-0.00185749,0.99998134,-0.00604335,-0.03],[0.45774752,0.00622327,0.88906288,-0.12]]]
[[[534.5916748046875,0,658.40478515625],[0,534.5916748046875,371.08636474609375],[0,0,1]],[[0.89000899,-0.00164144,-0.45594397,0.19],[-0.00140862,0.99998015,-0.00634969,-0.03],[0.45594519,0.00629351,0.88998801,-0.12]]]
[[[534.5916748046875,0,658.40478515625],[0,534.5916748046875,371.08636474609375],[0,0,1]],[[0.89006823,-0.00166342,-0.45582837,0.19],[-0.00142471,0.99997973,-0.00643111,-0.03],[0.45582962,0.00637353,0.89004678,-0.12]]]
[[[534.5916748046875,0,658.40478515625],[0,534.5916748046875,371.08636474609375],[0,0,1]],[[0.89006341,-0.00179878,-0.45583725,0.19],[-0.00134903,0.9999789,-0.00658014,-0.03],[0.45583916,0.00647165,0.89004105,-0.12]]]
[[[534.5916748046875,0,658.40478515625],[0,534.5916748046875,371.08636474609375],[0,0,1]],[[0.89004302,-0.00213443,-0.45587552,0.19],[-0.00120455,0.99997598,-0.0070337,-0.03],[0.4558793,0.00680939,0.89001799,-0.12]]]
[[[534.5916748046875,0,658.40478515625],[0,534.5916748046875,371.08636474609375],[0,0,1]],[[0.89147532,-0.00231454,-0.45306757,0.19],[-0.0012755,0.99997157,-0.00761821,-0.03],[0.45307204,0.0073693,0.89144582,-0.12]]]
[[[534.5916748046875,0,658.40478515625],[0,534.5916748046875,371.08636474609375],[0,0,1]],[[8.94153540e-01,-2.89426000e-03,-4.47755580e-01,1.90000000e-01],[-7.93569081e-04,9.99968708e-01,-8.04848969e-03,-3.00000000e-02],[4.47764550e-01,7.55188000e-03,8.94122000e-01,-1.20000000e-01]]]
[[[534.5916748046875,0,658.40478515625],[0,534.5916748046875,371.08636474609375],[0,0,1]],[[0.89500743,-0.00244473,-0.44604903,0.19],[-0.00103222,0.9999724,-0.00755189,-0.03],[0.44605482,0.00721938,0.89497876,-0.12]]]
[[[534.5916748046875,0,658.40478515625],[0,534.5916748046875,371.08636474609375],[0,0,1]],[[0.89936346,-0.00127928,-0.43720433,0.19],[-0.00162945,0.99998027,-0.00627792,-0.03],[0.43720341,0.0063585,0.8993423,-0.12]]]
[[[534.5916748046875,0,658.40478515625],[0,534.5916748046875,371.08636474609375],[0,0,1]],[[9.07506530e-01,-3.42414000e-03,-4.20028660e-01,1.90000000e-01],[1.27503212e-04,9.99970257e-01,-7.87645392e-03,-3.00000000e-02],[4.20042840e-01,7.09435000e-03,9.07478690e-01,-1.20000000e-01]]]
[[[534.5916748046875,0,658.40478515625],[0,534.5916748046875,371.08636474609375],[0,0,1]],[[9.09233270e-01,-3.13007000e-03,-4.16279820e-01,1.90000000e-01],[1.32900066e-04,9.99975204e-01,-7.22869579e-03,-3.00000000e-02],[4.16291800e-01,6.51722000e-03,9.09209790e-01,-1.20000000e-01]]]
[[[534.5916748046875,0,658.40478515625],[0,534.5916748046875,371.08636474609375],[0,0,1]],[[9.09590420e-01,-3.18708000e-03,-4.15498410e-01,1.90000000e-01],[3.07343958e-04,9.99976754e-01,-6.99752849e-03,-3.00000000e-02],[4.15510770e-01,6.23715000e-03,9.09569030e-01,-1.20000000e-01]]]
[[[534.5916748046875,0,658.40478515625],[0,534.5916748046875,371.08636474609375],[0,0,1]],[[0.91268671,0.00188333,-0.40866059,0.19],[-0.00353616,0.99998975,-0.00328905,-0.02],[0.40864989,0.00444693,0.91268265,-0.12]]]
[[[534.5916748046875,0,658.40478515625],[0,534.5916748046875,371.08636474609375],[0,0,1]],[[9.72298860e-01,1.18781100e-02,-2.33447640e-01,1.80000000e-01],[-1.14420000e-02,9.99930800e-01,3.22225000e-03,-1.00000000e-02],[2.33469695e-01,-4.61895455e-04,9.72366035e-01,-1.20000000e-01]]]
[[[534.5916748046875,0,658.40478515625],[0,534.5916748046875,371.08636474609375],[0,0,1]],[[0.99120241,0.00608619,0.13223025,0.18],[-0.00473038,0.99993443,-0.01056499,-0.01],[-0.13228539,0.00984651,0.9911648,-0.11]]]
[[[534.5916748046875,0,658.40478515625],[0,534.5916748046875,371.08636474609375],[0,0,1]],[[9.19634104e-01,-8.91699747e-04,3.92780274e-01,2.00000000e-01],[4.57055000e-03,9.99955420e-01,-8.43108000e-03,-1.00000000e-02],[-3.92754410e-01,9.54870000e-03,9.19596020e-01,-1.10000000e-01]]]
[[[534.5916748046875,0,658.40478515625],[0,534.5916748046875,371.08636474609375],[0,0,1]],[[0.80612099,-0.009115,0.59168398,0.25],[0.01904959,0.99976426,-0.01055195,-0.02],[-0.59144729,0.01977743,0.80610365,-0.11]]]
[[[534.5916748046875,0,658.40478515625],[0,534.5916748046875,371.08636474609375],[0,0,1]],[[0.80336893,-0.00281003,0.59547853,0.25],[0.01842987,0.99962872,-0.0201468,-0.02],[-0.59519976,0.02715984,0.80312139,-0.11]]]
[[[534.5916748046875,0,658.40478515625],[0,534.5916748046875,371.08636474609375],[0,0,1]],[[0.78825229,-0.00349053,0.61534578,0.25],[0.02003236,0.99960101,-0.01999107,-0.02],[-0.61502928,0.02808477,0.78800666,-0.11]]]
[[[534.5916748046875,0,658.40478515625],[0,534.5916748046875,371.08636474609375],[0,0,1]],[[7.76941240e-01,4.71883599e-04,6.29576147e-01,2.50000000e-01],[2.00447900e-02,9.99475660e-01,-2.54858000e-02,-2.00000000e-02],[-6.29256900e-01,3.24206300e-02,7.76523470e-01,-1.10000000e-01]]]
[[[534.5916748046875,0,658.40478515625],[0,534.5916748046875,371.08636474609375],[0,0,1]],[[0.77865332,-0.00721751,0.62741607,0.25],[0.02194118,0.99963707,-0.01573068,-0.02],[-0.62707371,0.02601494,0.77852815,-0.1]]]
[[[534.5916748046875,0,658.40478515625],[0,534.5916748046875,371.08636474609375],[0,0,1]],[[0.77900058,-0.00827559,0.62697178,0.25],[0.02163745,0.99967372,-0.01368912,-0.02],[-0.62665272,0.02422984,0.77892464,-0.1]]]
[[[534.5916748046875,0,658.40478515625],[0,534.5916748046875,371.08636474609375],[0,0,1]],[[0.77885973,-0.01048626,0.62711346,0.25],[0.02188933,0.99970698,-0.01046944,-0.02],[-0.62681878,0.02188126,0.77886027,-0.1]]]
[[[534.5916748046875,0,658.40478515625],[0,534.5916748046875,371.08636474609375],[0,0,1]],[[0.77895272,-0.01486749,0.62690943,0.25],[0.02274644,0.99973232,-0.00455391,-0.02],[-0.6266728,0.01780719,0.77908158,-0.1]]]
[[[534.5916748046875,0,658.40478515625],[0,534.5916748046875,371.08636474609375],[0,0,1]],[[0.77935243,-0.01508268,0.62640727,0.25],[0.02280395,0.99973214,-0.0043002,-0.02],[-0.62617344,0.01763588,0.77948695,-0.1]]]
[[[534.5916748046875,0,658.40478515625],[0,534.5916748046875,371.08636474609375],[0,0,1]],[[0.7793594,-0.01237212,0.62645799,0.25],[0.02209572,0.99972731,-0.00774476,-0.02],[-0.62619013,0.01987794,0.7794196,-0.1]]]
[[[534.5916748046875,0,658.40478515625],[0,534.5916748046875,371.08636474609375],[0,0,1]],[[0.7798146,-0.01307521,0.62587702,0.25],[0.02249238,0.99972296,-0.00713926,-0.02],[-0.62560898,0.01964471,0.77989197,-0.1]]]
[[[534.5916748046875,0,658.40478515625],[0,534.5916748046875,371.08636474609375],[0,0,1]],[[0.78143942,-0.01375151,0.6238327,0.25],[0.02248933,0.99972969,-0.00613346,-0.02],[-0.62357837,0.01882245,0.78153688,-0.1]]]
[[[534.5916748046875,0,658.40478515625],[0,534.5916748046875,371.08636474609375],[0,0,1]],[[0.78389299,-0.01376705,0.62074643,0.25],[0.02260222,0.9997257,-0.00637047,-0.02],[-0.62048709,0.01902396,0.7839886,-0.1]]]
[[[534.5916748046875,0,658.40478515625],[0,534.5916748046875,371.08636474609375],[0,0,1]],[[0.79286218,-0.01576552,0.60920012,0.25],[0.024144,0.99969441,-0.0055518,-0.02],[-0.6089251,0.01911028,0.7930001,-0.1]]]
[[[534.5916748046875,0,658.40478515625],[0,534.5916748046875,371.08636474609375],[0,0,1]],[[0.80786937,-0.01705126,0.58911812,0.25],[0.02413729,0.99970126,-0.00416489,-0.02],[-0.58886981,0.01758435,0.80803907,-0.1]]]
[[[534.5916748046875,0,658.40478515625],[0,534.5916748046875,371.08636474609375],[0,0,1]],[[0.93499255,-0.00460687,0.35464278,0.22],[0.00964132,0.99987757,-0.01243013,-0.04],[-0.35454085,0.01504126,0.93492156,-0.1]]]
[[[534.5916748046875,0,658.40478515625],[0,534.5916748046875,371.08636474609375],[0,0,1]],[[0.99816233,0.01918673,0.05751214,0.28],[-0.01630853,0.99861223,-0.05010308,-0.11],[-0.05839276,0.049073,0.99708873,-0.17]]]
[[[534.5916748046875,0,658.40478515625],[0,534.5916748046875,371.08636474609375],[0,0,1]],[[0.99112171,0.02558218,-0.13048825,0.27],[-0.03194998,0.99838781,-0.04694205,-0.12],[0.12907764,0.05069432,0.99033976,-0.18]]]
[[[534.5916748046875,0,658.40478515625],[0,534.5916748046875,371.08636474609375],[0,0,1]],[[0.97046977,0.02548349,-0.23988189,0.27],[-0.03651488,0.99846601,-0.04165466,-0.12],[0.23845284,0.04918377,0.96990991,-0.19]]]
[[[534.5916748046875,0,658.40478515625],[0,534.5916748046875,371.08636474609375],[0,0,1]],[[0.89321989,0.02195299,-0.44908869,0.3],[-0.04228989,0.998483,-0.03530369,-0.12],[0.4476324,0.05052578,0.89279139,-0.2]]]
[[[534.5916748046875,0,658.40478515625],[0,534.5916748046875,371.08636474609375],[0,0,1]],[[0.78831893,0.04097377,-0.61390442,0.34],[-0.05283775,0.99860406,-0.00119959,-0.11],[0.61299783,0.03338295,0.78938162,-0.21]]]
[[[534.5916748046875,0,658.40478515625],[0,534.5916748046875,371.08636474609375],[0,0,1]],[[0.7832728,0.03652846,-0.6206075,0.34],[-0.05794309,0.99821806,-0.01437605,-0.1],[0.61897594,0.04722021,0.78399181,-0.21]]]
[[[534.5916748046875,0,658.40478515625],[0,534.5916748046875,371.08636474609375],[0,0,1]],[[0.78207177,0.03802001,-0.62203085,0.34],[-0.05862288,0.99820119,-0.0126934,-0.1],[0.62042898,0.04639234,0.78289205,-0.21]]]
[[[534.5916748046875,0,658.40478515625],[0,534.5916748046875,371.08636474609375],[0,0,1]],[[0.78445154,0.03614355,-0.61913949,0.34],[-0.05852139,0.99816155,-0.01587705,-0.1],[0.61742687,0.04868762,0.78512281,-0.21]]]
[[[534.5916748046875,0,658.40478515625],[0,534.5916748046875,371.08636474609375],[0,0,1]],[[0.7852779,0.03727797,-0.61802387,0.34],[-0.05937183,0.9981215,-0.01523477,-0.1],[0.61629438,0.04865666,0.78601408,-0.21]]]
[[[534.5916748046875,0,658.40478515625],[0,534.5916748046875,371.08636474609375],[0,0,1]],[[0.79567677,0.03784793,-0.60454148,0.34],[-0.0595126,0.99810362,-0.01584118,-0.1],[0.60279506,0.04858223,0.79641843,-0.21]]]
[[[534.5916748046875,0,658.40478515625],[0,534.5916748046875,371.08636474609375],[0,0,1]],[[0.81086797,0.03900386,-0.58393168,0.33],[-0.0602622,0.99803942,-0.01701792,-0.1],[0.58212268,0.04898823,0.81162661,-0.21]]]
[[[534.5916748046875,0,658.40478515625],[0,534.5916748046875,371.08636474609375],[0,0,1]],[[0.87330216,0.0523597,-0.48436144,0.29],[-0.07055477,0.99732119,-0.01939918,-0.08],[0.482048,0.0511153,0.87465489,-0.23]]]
[[[534.5916748046875,0,658.40478515625],[0,534.5916748046875,371.08636474609375],[0,0,1]],[[0.970231,0.04607471,-0.23776659,0.29],[-0.05647571,0.99771559,-0.03711644,-0.08],[0.23551376,0.0494395,0.97061497,-0.21]]]
[[[534.5916748046875,0,658.40478515625],[0,534.5916748046875,371.08636474609375],[0,0,1]],[[0.98854637,0.04652634,0.14358078,0.3],[-0.03873288,0.99764675,-0.05660641,-0.08],[-0.14587551,0.05039671,0.98802066,-0.21]]]
[[[534.5916748046875,0,658.40478515625],[0,534.5916748046875,371.08636474609375],[0,0,1]],[[0.92309648,0.03806198,0.38268542,0.36],[-0.01637983,0.99808025,-0.05975856,-0.08],[-0.38422388,0.04889454,0.92194664,-0.23]]]
[[[534.5916748046875,0,658.40478515625],[0,534.5916748046875,371.08636474609375],[0,0,1]],[[0.91088206,0.03953321,0.41077337,0.36],[-0.0165136,0.99809712,-0.05943915,-0.08],[-0.41234016,0.04735866,0.90980059,-0.23]]]
[[[534.5916748046875,0,658.40478515625],[0,534.5916748046875,371.08636474609375],[0,0,1]],[[0.8573938,0.03545478,0.51344198,0.37],[-0.00355873,0.99801069,-0.06297306,-0.09],[-0.51465183,0.05216546,0.85581356,-0.23]]]
[[[534.5916748046875,0,658.40478515625],[0,534.5916748046875,371.08636474609375],[0,0,1]],[[0.85439181,0.03878724,0.51818323,0.37],[-0.00410748,0.9976849,-0.06790654,-0.09],[-0.51961619,0.05589032,0.85257244,-0.23]]]
[[[534.5916748046875,0,658.40478515625],[0,534.5916748046875,371.08636474609375],[0,0,1]],[[0.84499043,0.04285243,0.53306508,0.36],[-0.00415993,0.99728262,-0.0735761,-0.09],[-0.53476822,0.05995355,0.84287196,-0.23]]]
[[[534.5916748046875,0,658.40478515625],[0,534.5916748046875,371.08636474609375],[0,0,1]],[[8.33569170e-01,4.13710400e-02,5.50867020e-01,3.70000000e-01],[1.90019582e-05,9.97191250e-01,-7.49194473e-02,-9.00000000e-02],[-5.52417990e-01,6.24609900e-02,8.31226590e-01,-2.20000000e-01]]]
[[[534.5916748046875,0,658.40478515625],[0,534.5916748046875,371.08636474609375],[0,0,1]],[[8.33216910e-01,4.12272800e-02,5.51410440e-01,3.70000000e-01],[-2.14351021e-04,9.97242272e-01,-7.42368326e-02,-9.00000000e-02],[-5.52949070e-01,6.17371600e-02,8.30927430e-01,-2.20000000e-01]]]
[[[534.5916748046875,0,658.40478515625],[0,534.5916748046875,371.08636474609375],[0,0,1]],[[8.33275020e-01,3.91262000e-02,5.51476060e-01,3.70000000e-01],[-1.82636955e-04,9.97513831e-01,-7.04957545e-02,-9.00000000e-02],[-5.52861930e-01,5.86415900e-02,8.31209780e-01,-2.20000000e-01]]]
[[[534.5916748046875,0,658.40478515625],[0,534.5916748046875,371.08636474609375],[0,0,1]],[[8.33320980e-01,3.84133300e-02,5.51456750e-01,3.70000000e-01],[5.54510109e-07,9.97584522e-01,-6.94904774e-02,-9.00000000e-02],[-5.52792670e-01,5.79081400e-02,8.31307230e-01,-2.20000000e-01]]]
[[[534.5916748046875,0,658.40478515625],[0,534.5916748046875,371.08636474609375],[0,0,1]],[[0.83506894,0.03433274,0.54907662,0.37],[0.00159211,0.99789774,-0.06481803,-0.09],[-0.55014634,0.05500168,0.83325797,-0.22]]]
[[[534.5916748046875,0,658.40478515625],[0,534.5916748046875,371.08636474609375],[0,0,1]],[[0.93668848,0.02282886,0.34942457,0.36],[-0.004632,0.99859512,-0.05282407,-0.09],[-0.3501384,0.04786114,0.9354772,-0.23]]]
[[[534.5916748046875,0,658.40478515625],[0,534.5916748046875,371.08636474609375],[0,0,1]],[[0.98792952,0.04540693,-0.14811331,0.31],[-0.05223852,0.99772906,-0.04256319,-0.1],[0.14584479,0.04978664,0.98805648,-0.25]]]
[[[534.5916748046875,0,658.40478515625],[0,534.5916748046875,371.08636474609375],[0,0,1]],[[0.96923798,0.04755865,-0.24149594,0.31],[-0.05932373,0.99737036,-0.04167868,-0.11],[0.23887904,0.05472298,0.96950895,-0.26]]]
[[[534.5916748046875,0,658.40478515625],[0,534.5916748046875,371.08636474609375],[0,0,1]],[[0.92475748,0.04840561,-0.3774716,0.32],[-0.06542197,0.99733418,-0.03238094,-0.11],[0.37489802,0.05463944,0.9254573,-0.27]]]
[[[534.5916748046875,0,658.40478515625],[0,534.5916748046875,371.08636474609375],[0,0,1]],[[0.84871089,0.05658981,-0.52582484,0.32],[-0.07522894,0.99706835,-0.01411826,-0.11],[0.52348417,0.05153956,0.85047829,-0.28]]]
[[[534.5916748046875,0,658.40478515625],[0,534.5916748046875,371.08636474609375],[0,0,1]],[[0.80817598,0.06149573,-0.58572525,0.32],[-0.0808318,0.99670613,-0.00688574,-0.11],[0.58337212,0.05291012,0.81048298,-0.28]]]
[[[534.5916748046875,0,658.40478515625],[0,534.5916748046875,371.08636474609375],[0,0,1]],[[0.80260134,0.06153728,-0.59333676,0.32],[-0.081818,0.99662262,-0.00731085,-0.11],[0.5908826,0.05441331,0.80492383,-0.28]]]
[[[534.5916748046875,0,658.40478515625],[0,534.5916748046875,371.08636474609375],[0,0,1]],[[0.80054295,0.06246455,-0.59601462,0.32],[-0.08199742,0.99661845,-0.00568633,-0.11],[0.59364361,0.05342381,0.80295604,-0.28]]]
[[[534.5916748046875,0,658.40478515625],[0,534.5916748046875,371.08636474609375],[0,0,1]],[[0.79438895,0.06201286,-0.60423923,0.32],[-0.08179136,0.99663782,-0.0052459,-0.11],[0.60188186,0.05358882,0.79678839,-0.28]]]
[[[534.5916748046875,0,658.40478515625],[0,534.5916748046875,371.08636474609375],[0,0,1]],[[0.78161061,0.06224335,-0.62065685,0.32],[-0.08213817,0.99661702,-0.00349194,-0.11],[0.6183393,0.05370896,0.78407717,-0.28]]]
[[[534.5916748046875,0,658.40478515625],[0,534.5916748046875,371.08636474609375],[0,0,1]],[[0.7780093,0.06327692,-0.62506181,0.32],[-0.08344781,0.99650985,-0.00298705,-0.11],[0.62269062,0.05448398,0.7805723,-0.28]]]
[[[534.5916748046875,0,658.40478515625],[0,534.5916748046875,371.08636474609375],[0,0,1]],[[0.77595121,0.06313723,-0.62762886,0.32],[-0.0841649,0.99644667,-0.00381593,-0.11],[0.62515712,0.05578527,0.77850604,-0.28]]]
[[[534.5916748046875,0,658.40478515625],[0,534.5916748046875,371.08636474609375],[0,0,1]],[[0.77600688,0.06256931,-0.62761682,0.32],[-0.08442799,0.99641895,-0.00505323,-0.11],[0.62505239,0.05690975,0.77850872,-0.28]]]
[[[534.5916748046875,0,658.40478515625],[0,534.5916748046875,371.08636474609375],[0,0,1]],[[0.77604479,0.06212058,-0.62761462,0.32],[-0.08446159,0.99641192,-0.00581301,-0.11],[0.62500077,0.05752047,0.77850527,-0.28]]]
[[[534.5916748046875,0,658.40478515625],[0,534.5916748046875,371.08636474609375],[0,0,1]],[[0.77604675,0.06247718,-0.62757695,0.32],[-0.08453558,0.99640828,-0.00533932,-0.11],[0.62498844,0.05719613,0.77853906,-0.28]]]
[[[534.5916748046875,0,658.40478515625],[0,534.5916748046875,371.08636474609375],[0,0,1]],[[0.77593517,0.06249594,-0.62771326,0.32],[-0.0844583,0.99641573,-0.00519708,-0.11],[0.62513775,0.05704819,0.77843022,-0.28]]]
[[[534.5916748046875,0,658.40478515625],[0,534.5916748046875,371.08636474609375],[0,0,1]],[[0.77594662,0.06260982,-0.62768769,0.32],[-0.0844813,0.99641454,-0.00504659,-0.11],[0.62512046,0.05694376,0.77845174,-0.28]]]
[[[534.5916748046875,0,658.40478515625],[0,534.5916748046875,371.08636474609375],[0,0,1]],[[0.77611274,0.06244742,-0.62749863,0.32],[-0.08457694,0.99640447,-0.00544767,-0.11],[0.62490141,0.05729992,0.77860159,-0.28]]]
[[[534.5916748046875,0,658.40478515625],[0,534.5916748046875,371.08636474609375],[0,0,1]],[[0.79631561,0.06552111,-0.60132653,0.32],[-0.08783232,0.99610734,-0.00777653,-0.1],[0.59847558,0.05900847,0.79896843,-0.28]]]
[[[534.5916748046875,0,658.40478515625],[0,534.5916748046875,371.08636474609375],[0,0,1]],[[0.81767017,0.06154519,-0.57239228,0.32],[-0.08448666,0.99633473,-0.01356179,-0.1],[0.56945908,0.05944858,0.81987059,-0.28]]]
[[[534.5916748046875,0,658.40478515625],[0,534.5916748046875,371.08636474609375],[0,0,1]],[[0.8242256,0.06337962,-0.56270838,0.32],[-0.08561954,0.99624294,-0.01320107,-0.1],[0.55975688,0.05905947,0.82655305,-0.28]]]
[[[534.5916748046875,0,658.40478515625],[0,534.5916748046875,371.08636474609375],[0,0,1]],[[0.85999113,0.05977298,-0.50680172,0.32],[-0.08174529,0.99643052,-0.02119299,-0.1],[0.50372535,0.05965441,0.86180508,-0.28]]]
[[[534.5916748046875,0,658.40478515625],[0,534.5916748046875,371.08636474609375],[0,0,1]],[[0.86189288,0.05924043,-0.50362384,0.32],[-0.08062682,0.99653071,-0.02076313,-0.1],[0.50064594,0.05850116,0.86367661,-0.28]]]
[[[534.5916748046875,0,658.40478515625],[0,534.5916748046875,371.08636474609375],[0,0,1]],[[0.86274165,0.06052017,-0.50201571,0.32],[-0.08144649,0.99648285,-0.01984002,-0.1],[0.49904871,0.0580042,0.8646341,-0.28]]]
[[[534.5916748046875,0,658.40478515625],[0,534.5916748046875,371.08636474609375],[0,0,1]],[[0.87867641,0.06427646,-0.47307709,0.31],[-0.08354164,0.99631017,-0.01979975,-0.1],[0.47005832,0.0569192,0.88080174,-0.28]]]
[[[534.5916748046875,0,658.40478515625],[0,534.5916748046875,371.08636474609375],[0,0,1]],[[0.92147523,0.07049868,-0.3819935,0.27],[-0.08932588,0.99549878,-0.03175519,-0.1],[0.37803504,0.0633835,0.92362231,-0.3]]]
[[[534.5916748046875,0,658.40478515625],[0,534.5916748046875,371.08636474609375],[0,0,1]],[[0.9966141,0.07072866,-0.04199417,0.28],[-0.07345417,0.99502367,-0.06736193,-0.1],[0.03702131,0.07021843,0.99684757,-0.29]]]
[[[534.5916748046875,0,658.40478515625],[0,534.5916748046875,371.08636474609375],[0,0,1]],[[0.89144224,0.05759263,0.4494662,0.3],[-0.02362309,0.99645084,-0.08082825,-0.1],[-0.45252436,0.06143587,0.88963687,-0.29]]]
[[[534.5916748046875,0,658.40478515625],[0,534.5916748046875,371.08636474609375],[0,0,1]],[[0.85574269,0.05698244,0.51426029,0.31],[-0.01534781,0.99627805,-0.084853,-0.11],[-0.51717943,0.0647195,0.85343033,-0.29]]]
[[[534.5916748046875,0,658.40478515625],[0,534.5916748046875,371.08636474609375],[0,0,1]],[[0.80473322,0.05386193,0.59119338,0.31],[-0.0054773,0.99650955,-0.08333334,-0.11],[-0.59361619,0.0638229,0.80221766,-0.29]]]
[[[534.5916748046875,0,658.40478515625],[0,534.5916748046875,371.08636474609375],[0,0,1]],[[0.78209668,0.05946307,0.62031853,0.32],[-0.00137855,0.99560249,-0.09369926,-0.11],[-0.62316006,0.07242666,0.77873784,-0.29]]]
[[[534.5916748046875,0,658.40478515625],[0,534.5916748046875,371.08636474609375],[0,0,1]],[[0.78192151,0.06003951,0.62048382,0.32],[-0.00159283,0.9955433,-0.09432388,-0.11],[-0.62337935,0.07276545,0.77853078,-0.29]]]
[[[534.5916748046875,0,658.40478515625],[0,534.5916748046875,371.08636474609375],[0,0,1]],[[0.77867758,0.06058931,0.62449682,0.33],[-0.00137685,0.99549204,-0.0948668,-0.11],[-0.6274271,0.07301071,0.77524912,-0.29]]]
[[[534.5916748046875,0,658.40478515625],[0,534.5916748046875,371.08636474609375],[0,0,1]],[[0.77925187,0.06134932,0.6237058,0.33],[-0.00157215,0.99538845,-0.0959447,-0.11],[-0.62671334,0.0737844,0.77575314,-0.29]]]
