[[[718.856, 0, 607.1928], [0, 718.856, 185.2157], [0, 0, 1]], [[0.5795786509423955, -0.01975036714935232, 0.8146769361957282, 0.0], [0.013851668265033154, 0.9998005963061847, 0.014383981092627458, 0.0], [-0.8147985755130334, 0.0029479863065108624, 0.5797366563524065, 0.0]]]
[[[718.856, 0, 607.1928], [0, 718.856, 185.2157], [0, 0, 1]], [[0.5795338505145572, -0.01990140842974307, 0.8147051307376696, 0.16807065276752525], [0.013816385575683167, 0.999798031631096, 0.014594637241462012, -0.3082511683552104], [-0.8148310399079032, 0.0027981938993513716, 0.5796917685404087, 0.007598876949998612]]]
[[[718.856, 0, 607.1928], [0, 718.856, 185.2157], [0, 0, 1]], [[0.5796570174091275, -0.020493305906146994, 0.8146028275063816, 0.15207521316715472], [0.01401593895024229, 0.9997865596717945, 0.015178555760691425, -0.27769265853547626], [-0.8147400171979389, 0.002619067138203676, 0.5798205281495542, 0.005432128910001666]]]
[[[718.856, 0, 607.1928], [0, 718.856, 185.2157], [0, 0, 1]], [[0.5795496241987429, -0.020214302220333744, 0.8146862065095007, 0.15099080981958524], [0.01400812321846148, 0.9997917199425009, 0.014842143319355364, -0.27608553890714593], [-0.8148165471902201, 0.002810466182129759, 0.5797120800059689, 0.005187988279999445]]]
[[[718.856, 0, 607.1928], [0, 718.856, 185.2157], [0, 0, 1]], [[0.5795146163928414, -0.019998434398345942, 0.8147164365646938, 0.16454775414154285], [0.013938854574437406, 0.999795863708571, 0.014626662106756852, -0.3018414911662477], [-0.8148426337153761, 0.0028798494487742186, 0.579675071697017, 0.00537109375]]]
[[[718.856, 0, 607.1928], [0, 718.856, 185.2157], [0, 0, 1]], [[0.579280689114046, -0.020042814194285646, 0.8148816900745343, 0.14841171627835525], [0.013801655931548477, 0.9997955169074693, 0.014779670675398569, -0.27198487190059584], [-0.815011286739701, 0.0026851388976039045, 0.5794388600327021, 0.005218505860000278]]]
[[[718.856, 0, 607.1928], [0, 718.856, 185.2157], [0, 0, 1]], [[0.5792001078700538, -0.019684994282977913, 0.8149476891453815, 0.14630467027198557], [0.013693103192427112, 0.9998022880839585, 0.014418171418135357, -0.2708697442342056], [-0.8150703858982239, 0.002808156363224794, 0.5793551417650146, 0.006439208979998057]]]
[[[718.856, 0, 607.1928], [0, 718.856, 185.2157], [0, 0, 1]], [[0.5793598442631595, -0.019576141292674175, 0.8148367600614598, 0.15976045136681838], [0.013798324645715718, 0.9998038344613684, 0.01420911092629831, -0.2941734151292998], [-0.8149550767326621, 0.003011193855213039, 0.5795163117801149, 0.006652832029999445]]]
[[[718.856, 0, 607.1928], [0, 718.856, 185.2157], [0, 0, 1]], [[0.5796328729723813, -0.020116903157672488, 0.8146293898314301, 0.1437234828375739], [0.0139695374631176, 0.9997936277225921, 0.014749711467195694, -0.2648680750688525], [-0.8147579914261963, 0.0028305781465624764, 0.5797942766486285, 0.006469726570003331]]]
[[[718.856, 0, 607.1928], [0, 718.856, 185.2157], [0, 0, 1]], [[0.5799660404711248, -0.02052351177186244, 0.8143820831555639, 0.15735184388844808], [0.01420911012084591, 0.9997853720627652, 0.015076836501467367, -0.2875298113062485], [-0.8145167236403555, 0.0028275915314147455, 0.580133184395025, 0.0060424804599961135]]]
[[[718.856, 0, 607.1928], [0, 718.856, 185.2157], [0, 0, 1]], [[0.5801091256735461, -0.02046817272596653, 0.8142815583172285, 0.14144724444561185], [0.014188236511099243, 0.9997864766062046, 0.015023153465784684, -0.258720800758947], [-0.8144151866554178, 0.002838150914135431, 0.5802756660798465, 0.005340576180003609]]]
[[[718.856, 0, 607.1928], [0, 718.856, 185.2157], [0, 0, 1]], [[0.5803597505241246, -0.020476038444892083, 0.8141027526185988, 0.13972706768871698], [0.014132230784892095, 0.9997865395949115, 0.01507167203316171, -0.25649477153518563], [-0.8142375820512208, 0.0027580961614747978, 0.5805252387975441, 0.006530761720000555]]]
[[[718.856, 0, 607.1928], [0, 718.856, 185.2157], [0, 0, 1]], [[0.5806939696104707, -0.020495715999532284, 0.8138638948151592, 0.1524976437350232], [0.014017770837793694, 0.9997865707696102, 0.015176132889587237, -0.27899110148547185], [-0.8140012381801227, 0.0025958687196826944, 0.5808573367934827, 0.006500244139999722]]]
[[[718.856, 0, 607.1928], [0, 718.856, 185.2157], [0, 0, 1]], [[0.5810649287821302, -0.020301341868040015, 0.8136039602028587, 0.13699513290275586], [0.013995329926494344, 0.9997902643893194, 0.014951855155242517, -0.250678198357313], [-0.8137368612024815, 0.0026986572015996638, 0.5812271827518408, 0.00500488280999889]]]
[[[718.856, 0, 607.1928], [0, 718.856, 185.2157], [0, 0, 1]], [[0.5814927584638448, -0.0196548248818517, 0.8133141211813383, 0.1353877292007362], [0.013869487007991883, 0.999802334319664, 0.014245336748777121, -0.24809165682142154], [-0.8134333464914282, 0.00299668947584812, 0.5816504196404758, 0.005187988279999445]]]
[[[718.856, 0, 607.1928], [0, 718.856, 185.2157], [0, 0, 1]], [[0.5819187239691408, -0.0200363580510323, 0.8130000879767343, 0.14806297278299282], [0.014085765102570933, 0.9997948100815084, 0.014557779897901442, -0.26927641893553855], [-0.8131249534454111, 0.002980283565599367, 0.5820815475466187, 0.005523681639999722]]]
[[[718.856, 0, 607.1928], [0, 718.856, 185.2157], [0, 0, 1]], [[0.5820913617120423, -0.02067757031752963, 0.8128604337190881, 0.13357787855056102], [0.014409121155829797, 0.999781947152902, 0.015114078690691675, -0.24166585054946813], [-0.8129957096121337, 0.0029148298261510172, 0.5822623806492634, 0.004425048830000833]]]
[[[718.856, 0, 607.1928], [0, 718.856, 185.2157], [0, 0, 1]], [[0.5822806357433581, -0.020997609288773356, 0.8127166552018402, 0.13203865360513664], [0.014547813831051975, 0.9997754588271835, 0.015407564364023633, -0.23900745251433123], [-0.8128576888675212, 0.002851724224131242, 0.5824553590773303, 0.004608154300001388]]]
[[[718.856, 0, 607.1928], [0, 718.856, 185.2157], [0, 0, 1]], [[0.5825243088292703, -0.021044753034741955, 0.8125407977404504, 0.1435724334426255], [0.01462209989436617, 0.9997743182114543, 0.015411256908529234, -0.2611028925142873], [-0.8126817481755451, 0.0029036209339775355, 0.5827005621825088, 0.005462646479998057]]]
[[[718.856, 0, 607.1928], [0, 718.856, 185.2157], [0, 0, 1]], [[0.5826347178883537, -0.02073774370486162, 0.8124695265037267, 0.1288300811128901], [0.014530425390227622, 0.9997804234034954, 0.015098732301303625, -0.23501156803575737], [-0.8126042408510662, 0.0030084822018541543, 0.5828081131776596, 0.004547119139999722]]]
[[[718.856, 0, 607.1928], [0, 718.856, 185.2157], [0, 0, 1]], [[0.5827339657537778, -0.020618438853306113, 0.8124013817911238, 0.14079643236820744], [0.01452706958687637, 0.9997826494654187, 0.014953864956104986, -0.2556688545215028], [-0.8125331312667151, 0.0030876863765366717, 0.5829068337107973, 0.004150390630002221]]]
[[[718.856, 0, 607.1928], [0, 718.856, 185.2157], [0, 0, 1]], [[0.5829030320466259, -0.02069769632986084, 0.8122780685193262, 0.12676805539542524], [0.014591360746727946, 0.9997809548187867, 0.015004485102596056, -0.22909276996760913], [-0.8124107011988512, 0.003106082463819218, 0.5830773575001166, 0.003875732419999167]]]
[[[718.856, 0, 607.1928], [0, 718.856, 185.2157], [0, 0, 1]], [[0.5828914364062655, -0.020466884349091066, 0.8122922380580042, 0.12542468474780155], [0.014502415802795937, 0.999785529411719, 0.014784286077167015, -0.22688142344952325], [-0.8124206135371771, 0.003162566041939846, 0.5830632426040139, 0.004455566399997224]]]
[[[718.856, 0, 607.1928], [0, 718.856, 185.2157], [0, 0, 1]], [[0.5828663458788318, -0.02029345125395727, 0.8123145934168987, 0.1361663970019179], [0.014498292184772889, 0.9997886780709224, 0.014573905616629251, -0.24611023371277838], [-0.8124386883732108, 0.0032825352093655154, 0.5830373938239435, 0.005798339850002776]]]
[[[718.856, 0, 607.1928], [0, 718.856, 185.2157], [0, 0, 1]], [[0.5829113869707673, -0.020716658580748858, 0.8122715894311859, 0.12256318051447712], [0.014582237466475469, 0.9997806395251299, 0.015034333413675466, -0.22130878773364926], [-0.8124048703019251, 0.0030810530620105038, 0.5830856144870505, 0.005523681639999722]]]
[[[718.856, 0, 607.1928], [0, 718.856, 185.2157], [0, 0, 1]], [[0.5828851167672097, -0.021474450550814605, 0.8122707606610108, 0.12152345406385667], [0.014786302803738665, 0.9997655077188814, 0.015820708738978836, -0.2188912123118774], [-0.8124200304649514, 0.00278882576509715, 0.583065962434937, 0.004913330080000833]]]
[[[718.856, 0, 607.1928], [0, 718.856, 185.2157], [0, 0, 1]], [[0.5829408457310109, -0.021913070420725416, 0.8122190515637701, 0.13219777639321145], [0.015085211525284902, 0.9997558448048098, 0.0161458097306515, -0.2378938818770728], [-0.8123745483283257, 0.0028404442183077834, 0.5831290809975022, 0.004486083979998057]]]
[[[718.856, 0, 607.1928], [0, 718.856, 185.2157], [0, 0, 1]], [[0.5829623680113449, -0.021839777050733408, 0.8122055784227165, 0.11901641190683723], [0.01522635736724729, 0.9997567815551213, 0.015954177379930615, -0.2141651839186259], [-0.8123564707220163, 0.00306624736765869, 0.5831531210609698, 0.0033264160200019433]]]
[[[718.856, 0, 607.1928], [0, 718.856, 185.2157], [0, 0, 1]], [[0.5828509906855686, -0.02244127609049439, 0.8122691129079582, 0.11798755919116305], [0.015382676320013229, 0.9997441586605851, 0.01658283731068374, -0.21124638501193987], [-0.8124334409205993, 0.002829549693697777, 0.5830470801937404, 0.0037536621100002776]]]
[[[718.856, 0, 607.1928], [0, 718.856, 185.2157], [0, 0, 1]], [[0.5827542982856446, -0.022454813393771166, 0.8123381126015552, 0.12765407942488557], [0.015195847305673747, 0.9997444978181386, 0.01673395670547544, -0.23155228005671272], [-0.812506316316537, 0.002592380722230742, 0.5829466232065527, 0.005523681639999722]]]
[[[718.856, 0, 607.1928], [0, 718.856, 185.2157], [0, 0, 1]], [[0.5826413036100707, -0.02191926817179699, 0.8124337862314505, 0.11517152865889438], [0.01510253042326793, 0.9997556399262364, 0.016142304993271118, -0.20741390402259766], [-0.8125890873635774, 0.002864632348900396, 0.5828299657525633, 0.0032653808600002776]]]
[[[718.856, 0, 607.1928], [0, 718.856, 185.2157], [0, 0, 1]], [[0.5824040796959981, -0.021695159479658537, 0.8126098744222898, 0.12533524349293776], [0.014970498287538773, 0.9997605166506829, 0.015962253205056613, -0.22580667421170314], [-0.8127615715168135, 0.0028686933457104957, 0.5825893909641747, 0.003997802729998057]]]
[[[718.856, 0, 607.1928], [0, 718.856, 185.2157], [0, 0, 1]], [[0.5823418522445214, -0.021963312079175998, 0.8126472666827426, 0.11264905535611468], [0.015050480773410075, 0.9997549223491561, 0.01623509368996549, -0.20354571727282086], [-0.8128046814290067, 0.002776357531995022, 0.5825296916775533, 0.003875732419999167]]]
[[[718.856, 0, 607.1928], [0, 718.856, 185.2157], [0, 0, 1]], [[0.5821599424764423, -0.022322490546639095, 0.8127678068130041, 0.1121712976709439], [0.015260159366442106, 0.9997469532644117, 0.01652746122782562, -0.20228954410708688], [-0.8129310726697168, 0.0027813403822074794, 0.5823532735666058, 0.0035400390599988896]]]
[[[718.856, 0, 607.1928], [0, 718.856, 185.2157], [0, 0, 1]], [[0.5821509974154301, -0.021839129030407543, 0.8127873452825243, 0.12397112823883297], [0.015506346712066075, 0.9997556116857447, 0.015756589558279396, -0.22479121221714762], [-0.8129328197458048, 0.00343064805191268, 0.5823473716211647, 0.003662109380002221]]]
[[[718.856, 0, 607.1928], [0, 718.856, 185.2157], [0, 0, 1]], [[0.5822387217590297, -0.021127129478185243, 0.8127433268162977, 0.11406490644589333], [0.01547955081170546, 0.9997691677524781, 0.014899487178600776, -0.20733147948450925], [-0.812870502842291, 0.003905843254593849, 0.5824313607605548, 0.0028686523399983344]]]
[[[718.856, 0, 607.1928], [0, 718.856, 185.2157], [0, 0, 1]], [[0.5823062295505452, -0.020400315288628963, 0.812713530195451, 0.11588890090533543], [0.015325178324529455, 0.9997829207958281, 0.014115601095401787, -0.2107432701713342], [-0.812825069701931, 0.00423537732530018, 0.5824924614473248, 0.003356933600002776]]]
[[[718.856, 0, 607.1928], [0, 718.856, 185.2157], [0, 0, 1]], [[0.58253902078013, -0.020135278085748762, 0.8125532966180968, 0.13027386978645905], [0.015284086698438152, 0.9997877146444127, 0.013817465031503832, -0.2363136822549494], [-0.8126590219534402, 0.004369922483496795, 0.58272310561292, 0.00402832030999889]]]
[[[718.856, 0, 607.1928], [0, 718.856, 185.2157], [0, 0, 1]], [[0.5826373307302773, -0.020120545756125225, 0.8124831718121756, 0.12111499190721595], [0.015347885259996355, 0.9997876271565695, 0.013752927058723025, -0.2191639595550342], [-0.8125873388489039, 0.004456929785428587, 0.5828224022112949, 0.00341796875]]]
[[[718.856, 0, 607.1928], [0, 718.856, 185.2157], [0, 0, 1]], [[0.5830276921026193, -0.0197621846898886, 0.8122118974121075, 0.12395848675217186], [0.015338331515545514, 0.9997936882243595, 0.013316026924404535, -0.225003893702474], [-0.8123074823167717, 0.004694362897665233, 0.5832105255644591, 0.0029296875]]]
[[[718.856, 0, 607.1928], [0, 718.856, 185.2157], [0, 0, 1]], [[0.5835995984183869, -0.019353848703544688, 0.8118108999429964, 0.13993445015688863], [0.015307825084275336, 0.9998004980433391, 0.01283100165537175, -0.2541786424891235], [-0.8118972713447722, 0.0049388918444549235, 0.5837794344872574, 0.004180908199998612]]]
[[[718.856, 0, 607.1928], [0, 718.856, 185.2157], [0, 0, 1]], [[0.5842487354599089, -0.019057522596657564, 0.8113508648827431, 0.13129263295260535], [0.015261709859668841, 0.9998054686580482, 0.01249420079956413, -0.23817697506506955], [-0.8114311402242687, 0.005082880476504278, 0.5844259311498806, 0.003631591800001388]]]
[[[718.856, 0, 607.1928], [0, 718.856, 185.2157], [0, 0, 1]], [[0.5850097618791947, -0.01924222203655235, 0.8107979497983107, 0.14947885581801262], [0.01538930511053497, 0.9998018822875858, 0.01262400342266096, -0.269996551231936], [-0.8108802302401155, 0.005092451796189391, 0.5851899855093563, 0.004577636720000555]]]
[[[718.856, 0, 607.1928], [0, 718.856, 185.2157], [0, 0, 1]], [[0.5856417166918755, -0.019347205071099178, 0.8103391051443402, 0.141706956658382], [0.015655588184170982, 0.9997986024901275, 0.012556154562432933, -0.25396184633696467], [-0.8104188313636355, 0.005332927406677668, 0.5858266617835641, 0.003387451169999167]]]
[[[718.856, 0, 607.1928], [0, 718.856, 185.2157], [0, 0, 1]], [[0.586175026470705, -0.019076726415553007, 0.8099598242205194, 0.14648730238272548], [0.015746688888750405, 0.9998021657009305, 0.012152005956637511, -0.2628030039291789], [-0.8100314068794551, 0.005630982951083326, 0.5863594562210926, 0.0037536621100002776]]]
[[[718.856, 0, 607.1928], [0, 718.856, 185.2157], [0, 0, 1]], [[0.5869064210406444, -0.01842997295260551, 0.8094449882717343, 0.16719828093515965], [0.015598361594496329, 0.9998127258694126, 0.011454444776681746, -0.2998922132006592], [-0.8095045052727188, 0.005903328429025364, 0.5870839860331993, 0.003997802729998057]]]
[[[718.856, 0, 607.1928], [0, 718.856, 185.2157], [0, 0, 1]], [[0.587413149862451, -0.01824781402078873, 0.8090814598371022, 0.15818454047456834], [0.015662382385235225, 0.9998148506805824, 0.01117828862498178, -0.2830825361786778], [-0.8091356382873593, 0.00610586947350088, 0.5875901949584252, 0.0035095214900024985]]]
[[[718.856, 0, 607.1928], [0, 718.856, 185.2157], [0, 0, 1]], [[0.5879831403904064, -0.018332342493153474, 0.8086654140219854, 0.1640375554170845], [0.015832330815700447, 0.9998124464928936, 0.011153884472997666, -0.2929229144499001], [-0.808718222817798, 0.006244762334026478, 0.5881631058012852, 0.003631591800001388]]]
[[[718.856, 0, 607.1928], [0, 718.856, 185.2157], [0, 0, 1]], [[0.5884380102758937, -0.01820033280049321, 0.8083374641500284, 0.18757622149768774], [0.0157609604107704, 0.9998148576622545, 0.011038230145081917, -0.3347604002430734], [-0.8083887061243974, 0.006244860587471743, 0.5886159202117844, 0.0045776367099961135]]]
[[[718.856, 0, 607.1928], [0, 718.856, 185.2157], [0, 0, 1]], [[0.5886100675550647, -0.017709252862937255, 0.8082230946563322, 0.17632148216954166], [0.01561595566271631, 0.9998225650873521, 0.010534717409002725, -0.31472035646218094], [-0.8082662496365676, 0.0064203352859500415, 0.5887821744866719, 0.004516601570003331]]]
[[[718.856, 0, 607.1928], [0, 718.856, 185.2157], [0, 0, 1]], [[0.5885933120377137, -0.017843186917366825, 0.8082323513106281, 0.18276950326660468], [0.015759229921504705, 0.9998196673459394, 0.010596200287656324, -0.32536518292358063], [-0.8082756706079651, 0.006500266831975942, 0.5887683643287548, 0.004455566399997224]]]
[[[718.856, 0, 607.1928], [0, 718.856, 185.2157], [0, 0, 1]], [[0.5886900211977684, -0.01842592984882724, 0.8081488378085915, 0.20770520086480057], [0.016069929187307454, 0.9998093686672074, 0.011089801675198636, -0.36986707514552514], [-0.8081991192262498, 0.006458439013137149, 0.5888739018223067, 0.005218505860000278]]]
[[[718.856, 0, 607.1928], [0, 718.856, 185.2157], [0, 0, 1]], [[0.588947908265143, -0.018257632836560848, 0.8079647394492646, 0.19440342782174505], [0.016010368430798554, 0.9998121667784035, 0.010922420271345887, -0.3479249163647041], [-0.8080123943683183, 0.006503076585674928, 0.5891295957105687, 0.006378173830000833]]]
[[[718.856, 0, 607.1928], [0, 718.856, 185.2157], [0, 0, 1]], [[0.5889035501158262, -0.017779699231599215, 0.8080077295151393, 0.22084842226818838], [0.015917226111570284, 0.9998192311321352, 0.010399373599359411, -0.39458631789019877], [-0.8080465646074425, 0.00673701369894544, 0.5890800981806553, 0.007354736330000833]]]
[[[718.856, 0, 607.1928], [0, 718.856, 185.2157], [0, 0, 1]], [[0.588699109065521, -0.01724019167844761, 0.8081683826878855, 0.20742827987875304], [0.015793875159912343, 0.999827007240616, 0.009823904504131753, -0.3700010009908492], [-0.8081979414059993, 0.0069807867152336025, 0.5888695578172992, 0.00634765625]]]
[[[718.856, 0, 607.1928], [0, 718.856, 185.2157], [0, 0, 1]], [[0.5887420345660354, -0.017297320037543185, 0.8081358917005012, 0.2135978600919919], [0.015760855221158554, 0.9998265974732229, 0.00991818672014518, -0.3807923249246642], [-0.8081673169447914, 0.006897659359289359, 0.5889125657664475, 0.005432128899997224]]]
[[[718.856, 0, 607.1928], [0, 718.856, 185.2157], [0, 0, 1]], [[0.5890241671499018, -0.017560125514956205, 0.8079246081815206, 0.24152984002019603], [0.016089071506318227, 0.9998205439409116, 0.0100010845294051, -0.43045228081504605], [-0.8079552415149178, 0.007107876307218016, 0.5892009893092273, 0.005767822270001943]]]
[[[718.856, 0, 607.1928], [0, 718.856, 185.2157], [0, 0, 1]], [[0.5890073644959233, -0.01775344282652663, 0.8079326332296349, 0.2262244000349222], [0.016317909806895535, 0.9998161070576997, 0.010073623356087816, -0.40243147872311474], [-0.8079629016168383, 0.007250333495194931, 0.5891887492774348, 0.006286621089998334]]]
[[[718.856, 0, 607.1928], [0, 718.856, 185.2157], [0, 0, 1]], [[0.5888660534482579, -0.01718533889385554, 0.8080479164154665, 0.23191277841573651], [0.016136611664176865, 0.9998246225580831, 0.009504414268450556, -0.4119904338583989], [-0.8080695396191302, 0.007442328512643839, 0.5890400927662199, 0.00634765625]]]
[[[718.856, 0, 607.1928], [0, 718.856, 185.2157], [0, 0, 1]], [[0.5889272926853899, -0.017254890031195787, 0.8080018024115222, 0.2615883189008708], [0.0160846573007261, 0.9998242805699573, 0.00962765715453584, -0.46579755343898166], [-0.8080259449607886, 0.00732644202723442, 0.5891013457100962, 0.007995605470000555]]]
[[[718.856, 0, 607.1928], [0, 718.856, 185.2157], [0, 0, 1]], [[0.5891594610648195, -0.017578921716982637, 0.8078255448728269, 0.24359573575829693], [0.0160178882135447, 0.9998209467640308, 0.010074803673306824, -0.4339632921953294], [-0.8078580052800057, 0.007003993371319465, 0.5893355473597912, 0.00769042969000111]]]
[[[718.856, 0, 607.1928], [0, 718.856, 185.2157], [0, 0, 1]], [[0.5890715118874548, -0.01798025242304901, 0.8078808479011195, 0.2502009698349309], [0.01610156543302212, 0.9998151079927017, 0.010511394776548826, -0.4436057839194575], [-0.8079204747208938, 0.0068161831214977545, 0.5892521074840716, 0.007110595699998612]]]
[[[718.856, 0, 607.1928], [0, 718.856, 185.2157], [0, 0, 1]], [[0.5888942280736433, -0.018021433005099684, 0.808009168322978, 0.28141362082800425], [0.016140919748591352, 0.9998142195883502, 0.01053551226130321, -0.4984838716072175], [-0.8080489210754614, 0.006837708781546668, 0.5890757055654234, 0.007171630860000278]]]
[[[718.856, 0, 607.1928], [0, 718.856, 185.2157], [0, 0, 1]], [[0.5890187435121632, -0.019667080169196362, 0.8078800194019969, 0.2604329422186897], [0.01646087795095794, 0.9997883914286011, 0.012337417140302186, -0.4638750832470433], [-0.8079517060372088, 0.006031444456227583, 0.5892178395036383, 0.008636474610000278]]]
[[[718.856, 0, 607.1928], [0, 718.856, 185.2157], [0, 0, 1]], [[0.5890007965736588, -0.02108474023421536, 0.8078573484006016, 0.2903034918086202], [0.01617508120903886, 0.9997669053713142, 0.01430040811118952, -0.5165341491325051], [-0.8079705615822128, 0.004644206446879491, 0.5892045510372458, 0.011444091800001388]]]
[[[718.856, 0, 607.1928], [0, 718.856, 185.2157], [0, 0, 1]], [[0.5888900308087691, -0.022540819788685173, 0.8078987826809129, 0.2649130304904977], [0.01596872100859852, 0.9997403788613216, 0.01625345574241438, -0.4714218019042779], [-0.8080554012958495, 0.003329612210918494, 0.5890970905709249, 0.010406494139999722]]]
[[[718.856, 0, 607.1928], [0, 718.856, 185.2157], [0, 0, 1]], [[0.5891322635113465, -0.02391001204573114, 0.8076827888558541, 0.2641594093289705], [0.015918101847078397, 0.9997115559451907, 0.017983852291205603, -0.4707470518696653], [-0.8078798116821483, 0.002261909286168132, 0.5893429338193491, 0.008880615229998057]]]
[[[718.856, 0, 607.1928], [0, 718.856, 185.2157], [0, 0, 1]], [[0.5893582689076077, -0.02523697399609484, 0.807477508054403, 0.29008051424489534], [0.016046885122582063, 0.9996804507250433, 0.01953186924072873, -0.5163955506190454], [-0.8077124044782837, 0.0014462301665722041, 0.5895749147226453, 0.008514404300001388]]]
[[[718.856, 0, 607.1928], [0, 718.856, 185.2157], [0, 0, 1]], [[0.5893735523428705, -0.02554122105264015, 0.8074567863519916, 0.26306330985909687], [0.016108641719999824, 0.9996729244555336, 0.019863428013757994, -0.46741813148967515], [-0.807700023189725, 0.0013000529455512407, 0.5895922170463721, 0.006561279300001388]]]
[[[718.856, 0, 607.1928], [0, 718.856, 185.2157], [0, 0, 1]], [[0.5896458868960056, -0.025726348435104594, 0.8072520567101817, 0.26206448687720274], [0.01616506239411677, 0.999668270528954, 0.020050926548272827, -0.4661837598932662], [-0.8075001045352361, 0.0012263334968561827, 0.5898661520054674, 0.006927490229998057]]]
[[[718.856, 0, 607.1928], [0, 718.856, 185.2157], [0, 0, 1]], [[0.590028142510203, -0.025689337953184597, 0.8069738836923328, 0.28705302846887515], [0.016127123318307176, 0.9996692606546792, 0.02003210412320815, -0.5116854284244114], [-0.807221597171084, 0.0011946621505720411, 0.590247292109765, 0.008239746100002776]]]
[[[718.856, 0, 607.1928], [0, 718.856, 185.2157], [0, 0, 1]], [[0.5901365638920532, -0.025509146480316477, 0.8069003156546207, 0.2603551481191257], [0.01597063204153408, 0.9996739508600933, 0.01992312435251618, -0.4635727469177923], [-0.8071454483981649, 0.0011293438881296654, 0.5903515475650992, 0.006988525389999722]]]
[[[718.856, 0, 607.1928], [0, 718.856, 185.2157], [0, 0, 1]], [[0.5902352260680994, -0.026118883597545915, 0.8068086401545025, 0.2598859993357445], [0.016172358869128774, 0.9996584111971942, 0.02053084828519001, -0.4619757511402989], [-0.8070692861935385, 0.0009299689883134138, 0.5904560122826535, 0.006591796869997779]]]
[[[718.856, 0, 607.1928], [0, 718.856, 185.2157], [0, 0, 1]], [[0.5906024059085175, -0.027002965862943457, 0.8065107798223626, 0.28471649687520406], [0.01649745158603219, 0.9996351265166988, 0.021388032287006746, -0.5055530589141844], [-0.8067940457305305, 0.0006735492173772574, 0.5908323908734308, 0.007141113279999445]]]
[[[718.856, 0, 607.1928], [0, 718.856, 185.2157], [0, 0, 1]], [[0.590748926985273, -0.02656329249778834, 0.8064180657434614, 0.257563121931863], [0.016394535951197768, 0.9996467606130595, 0.020918250088417627, -0.45810011120031274], [-0.8066888647159408, 0.000863416176384238, 0.5909757440503061, 0.006805419919999167]]]
[[[718.856, 0, 607.1928], [0, 718.856, 185.2157], [0, 0, 1]], [[0.5908712880081787, -0.026507498322426885, 0.8063302509147493, 0.281890276200773], [0.01628853691196414, 0.9996483187341715, 0.02092659592986783, -0.5008833151481206], [-0.8066013913779368, 0.0007690153645504851, 0.5910952580105389, 0.007934570320003331]]]
[[[718.856, 0, 607.1928], [0, 718.856, 185.2157], [0, 0, 1]], [[0.5912302594081885, -0.02719623440278972, 0.8060441335277085, 0.2547348250796065], [0.01652268157546403, 0.9996299668724281, 0.02160857061871568, -0.4534272525856152], [-0.8063335422476743, 0.0005423697417057083, 0.5914608393472736, 0.007202148429996669]]]
[[[718.856, 0, 607.1928], [0, 718.856, 185.2157], [0, 0, 1]], [[0.591437185433446, -0.027314022200566532, 0.8058883296572736, 0.2536012927371186], [0.01662198485705873, 0.9996267387584042, 0.021681623063063416, -0.4504112342026087], [-0.806179735112447, 0.0005721454919964348, 0.5916704381186885, 0.006072998050001388]]]
[[[718.856, 0, 607.1928], [0, 718.856, 185.2157], [0, 0, 1]], [[0.5915261112238396, -0.027184175442684304, 0.8058274507274512, 0.27757721729253965], [0.01670025948222562, 0.999630151893763, 0.02146300906393043, -0.49254082340311983], [-0.8061128711747679, 0.0007615972383000287, 0.591761319195517, 0.00671386719000111]]]
[[[718.856, 0, 607.1928], [0, 718.856, 185.2157], [0, 0, 1]], [[0.5917718177565706, -0.027662372184796495, 0.8056307521899806, 0.2505020960468807], [0.01685052030121248, 0.9996171501532556, 0.02194568488478354, -0.4451578416231721], [-0.8059293862831052, 0.0005884595088770949, 0.5920113833709144, 0.007385253899997224]]]
[[[718.856, 0, 607.1928], [0, 718.856, 185.2157], [0, 0, 1]], [[0.5921432344194016, -0.02785120231922067, 0.8053512900968766, 0.24910496962026316], [0.01688598648676302, 0.9996119642907715, 0.022153652229694114, -0.4427038933685864], [-0.8056557908882046, 0.0004810157161793627, 0.5923837567254713, 0.006683349610000278]]]
[[[718.856, 0, 607.1928], [0, 718.856, 185.2157], [0, 0, 1]], [[0.5922463382352573, -0.02665238724379165, 0.8053160405090266, 0.27289954499667474], [0.01663168590504964, 0.9996442169216467, 0.020852496230987186, -0.4833392657313322], [-0.805585291493635, 0.0010439489041776965, 0.592478901143155, 0.006103515630002221]]]
[[[718.856, 0, 607.1928], [0, 718.856, 185.2157], [0, 0, 1]], [[0.5924057968420122, -0.02618472385257803, 0.8052140908508401, 0.2464692953267383], [0.01669248696553796, 0.9996560573767185, 0.020226908536414193, -0.43793014479874204], [-0.8054667794185468, 0.0014584878468301987, 0.5926391313998045, 0.006103515619997779]]]
[[[718.856, 0, 607.1928], [0, 718.856, 185.2157], [0, 0, 1]], [[0.5928377881881581, -0.02604907448614473, 0.8049004923682105, 0.26958077942090947], [0.01668626683482012, 0.999659483326333, 0.020062051112635388, -0.4785096775126764], [-0.8051490081936943, 0.0015372423830015164, 0.5930705788441761, 0.007110595710003054]]]
[[[718.856, 0, 607.1928], [0, 718.856, 185.2157], [0, 0, 1]], [[0.5930089026539497, -0.025153284722626006, 0.8048029284494564, 0.24407217703514705], [0.016442418439994805, 0.9996818204926632, 0.01912863435582479, -0.4326845381553344], [-0.8050280046364863, 0.0018894560426828601, 0.5932338002060066, 0.006286621089998334]]]
[[[718.856, 0, 607.1928], [0, 718.856, 185.2157], [0, 0, 1]], [[0.5930148932538981, -0.025122927790637847, 0.8047994625236117, 0.24353391394138169], [0.01663190340762228, 0.9996820639890959, 0.018951272451758275, -0.4301416021292034], [-0.8050196992422654, 0.002146960113194064, 0.5932441945726608, 0.00646972655999889]]]
[[[718.856, 0, 607.1928], [0, 718.856, 185.2157], [0, 0, 1]], [[0.5930534978225321, -0.025532054906106025, 0.8047581393765033, 0.267251368309043], [0.016805108327436417, 0.9996718828751565, 0.019331707708901733, -0.4717071191937857], [-0.8049876626722692, 0.0020593108339613327, 0.5932879757624675, 0.007659912110000278]]]
[[[718.856, 0, 607.1928], [0, 718.856, 185.2157], [0, 0, 1]], [[0.5931146738094347, -0.02591077093577866, 0.8047009479685241, 0.24245241767477577], [0.016947523841721827, 0.9996623477486243, 0.019697003054850178, -0.4268379309129914], [-0.804939603416034, 0.0019551069592518146, 0.5933535307126905, 0.0059509277400024985]]]
[[[718.856, 0, 607.1928], [0, 718.856, 185.2157], [0, 0, 1]], [[0.5928236051446915, -0.02523386844905565, 0.8049369075066359, 0.24121942858746953], [0.016703666445407918, 0.9996792418807927, 0.019036829565979543, -0.42652936567684324], [-0.8051590903110586, 0.0021599156787599646, 0.5930549502817839, 0.006561279289996946]]]
[[[718.856, 0, 607.1928], [0, 718.856, 185.2157], [0, 0, 1]], [[0.5927649797680836, -0.02480421233925031, 0.8049934346383036, 0.2644724558444017], [0.016668793449959193, 0.9996893630343681, 0.01852913276065767, -0.46719321507492767], [-0.8052029744638715, 0.002434848284567728, 0.5929943013456075, 0.006561279300001388]]]
[[[718.856, 0, 607.1928], [0, 718.856, 185.2157], [0, 0, 1]], [[0.5927850248083348, -0.024876267418087444, 0.8049764503899015, 0.23980390545896327], [0.016729275926232936, 0.9996875201670832, 0.018573996585864772, -0.4229102332452067], [-0.8051869631892743, 0.0024562861257504463, 0.593015953384479, 0.006072998050001388]]]
[[[718.856, 0, 607.1928], [0, 718.856, 185.2157], [0, 0, 1]], [[0.5925810190998619, -0.025105496544743793, 0.8051195251922604, 0.23904658253154704], [0.016849839627769234, 0.999681822262727, 0.01877064575319855, -0.4216036708229926], [-0.8053346004655999, 0.002443006491082406, 0.5928154966026083, 0.006134033199998612]]]
[[[718.856, 0, 607.1928], [0, 718.856, 185.2157], [0, 0, 1]], [[0.5923164775441232, -0.02491174630722371, 0.8053201818690792, 0.26196684553940225], [0.016745099488306502, 0.9996866195778983, 0.018608177773256473, -0.46196206904319237], [-0.8055313724944851, 0.002463236253168697, 0.5925480068267146, 0.006530761720000555]]]
[[[718.856, 0, 607.1928], [0, 718.856, 185.2157], [0, 0, 1]], [[0.5923341888030269, -0.02575427282231974, 0.8052806505849085, 0.2369765561949667], [0.017028373252775442, 0.9996658953943298, 0.01944561878205108, -0.41873437121603424], [-0.8055124103820028, 0.0021943146643585306, 0.5925748405929243, 0.006317138669999167]]]
[[[718.856, 0, 607.1928], [0, 718.856, 185.2157], [0, 0, 1]], [[0.5922527987661192, -0.026120727276703615, 0.8053287092611529, 0.259530464710621], [0.017056263358561904, 0.9996568706862975, 0.019880260811225674, -0.4583074529451243], [-0.8055716642446791, 0.00196175844972015, 0.5924951014732889, 0.007629394529999445]]]
[[[718.856, 0, 607.1928], [0, 718.856, 185.2157], [0, 0, 1]], [[0.5920453343632964, -0.02565299174449245, 0.8054962731591062, 0.2351721030804176], [0.016870751642573994, 0.9996687400289446, 0.019436767940091165, -0.4149470519752141], [-0.8057280557344811, 0.0020818797994531482, 0.5922819986955821, 0.007049560550001388]]]
[[[718.856, 0, 607.1928], [0, 718.856, 185.2157], [0, 0, 1]], [[0.5918832559702525, -0.025520312830853317, 0.805619590709578, 0.23423827045449674], [0.016730482660784814, 0.9996722825798982, 0.019375716539867718, -0.41308120152739325], [-0.8058500494831466, 0.0020102424011815764, 0.5921162526679188, 0.00671386719000111]]]
[[[718.856, 0, 607.1928], [0, 718.856, 185.2157], [0, 0, 1]], [[0.5918886868863136, -0.02539445813275302, 0.8056195776122493, 0.2559466749731309], [0.01668087791721462, 0.9996754251385862, 0.019255977926295315, -0.4534840936333657], [-0.8058470888747482, 0.00204104633236117, 0.5921201765536813, 0.006896972649997224]]]
[[[718.856, 0, 607.1928], [0, 718.856, 185.2157], [0, 0, 1]], [[0.5918434129410838, -0.02542961716212712, 0.8056517294273235, 0.2323587528369832], [0.016856112892360425, 0.9996741189749875, 0.01917100179287722, -0.40892157923302797], [-0.805876694052142, 0.0022339253725562926, 0.592079186900722, 0.005706787110000278]]]
[[[718.856, 0, 607.1928], [0, 718.856, 185.2157], [0, 0, 1]], [[0.5916231217483338, -0.02542179734623098, 0.8058137588999355, 0.23137826482808915], [0.01686227301645011, 0.9996742732304807, 0.019157536110596615, -0.4082176866714377], [-0.8060383027880715, 0.0022538102842250152, 0.5918590835475347, 0.00622558594000111]]]
[[[718.856, 0, 607.1928], [0, 718.856, 185.2157], [0, 0, 1]], [[0.5915261408177191, -0.02580724741854816, 0.8058727013058414, 0.2525862490803923], [0.016897989398316847, 0.9996649008377945, 0.019609793146717836, -0.4463991099892276], [-0.8061087288223533, 0.0020179231007473085, 0.5917640114967868, 0.007720947270001943]]]
[[[718.856, 0, 607.1928], [0, 718.856, 185.2157], [0, 0, 1]], [[0.5916853620758026, -0.02594983384078771, 0.8057512261417055, 0.2281378160285195], [0.016856940982697598, 0.999661520700776, 0.019816346053649504, -0.4040484985275386], [-0.8059927269187559, 0.0018574589760339483, 0.5919225236466511, 0.007537841789996946]]]
[[[718.856, 0, 607.1928], [0, 718.856, 185.2157], [0, 0, 1]], [[0.5917230111756386, -0.02531706117918003, 0.8057437089164798, 0.24938342385538456], [0.01640676439557795, 0.9996779175607539, 0.01936179804312609, -0.44231946603743666], [-0.8059743768429013, 0.0017628257555586644, 0.5919477986427963, 0.009368896490002498]]]
[[[718.856, 0, 607.1928], [0, 718.856, 185.2157], [0, 0, 1]], [[0.5918505750357783, -0.025555088099465675, 0.8056424978252121, 0.22580145206841834], [0.016371209274625223, 0.9996722292340278, 0.019682926742634613, -0.39967719693715614], [-0.8058814306935635, 0.0015399904214129512, 0.5920749514147655, 0.008026123039996946]]]
[[[718.856, 0, 607.1928], [0, 718.856, 185.2157], [0, 0, 1]], [[0.5921056882614074, -0.026189492211144277, 0.8054346431748559, 0.22516437691070496], [0.01656018305485335, 0.9996561508998347, 0.020330772373829836, -0.39657041165946944], [-0.8056901478022893, 0.0013001791604035826, 0.5923357960384261, 0.005920410160001666]]]
[[[718.856, 0, 607.1928], [0, 718.856, 185.2157], [0, 0, 1]], [[0.5925346508591683, -0.02636507489627739, 0.8051133897513549, 0.24618616289719997], [0.01675186037132552, 0.9996514071080599, 0.020406847894160897, -0.43370066722226924], [-0.8053707610196084, 0.0013953825960965002, 0.5927697615449926, 0.00622558594000111]]]
[[[718.856, 0, 607.1928], [0, 718.856, 185.2157], [0, 0, 1]], [[0.5928251496255359, -0.025921181277282643, 0.8049139297668113, 0.2222982914856986], [0.016620055587263934, 0.9996627886033314, 0.019952013284064977, -0.39236351495725763], [-0.8051596833695396, 0.0015496589952309606, 0.5930560537025663, 0.006439208979998057]]]
[[[718.856, 0, 607.1928], [0, 718.856, 185.2157], [0, 0, 1]], [[0.5932785002201562, -0.0261334159555028, 0.8045729710517368, 0.22125269937714423], [0.01641901944412718, 0.9996578259256872, 0.020362879610255676, -0.39019076774460704], [-0.8048298186430567, 0.0011294405805815522, 0.5935045807632485, 0.008270263669999167]]]
[[[718.856, 0, 607.1928], [0, 718.856, 185.2157], [0, 0, 1]], [[0.5940515139297062, -0.026730791744102665, 0.8039827507916805, 0.24215447435134393], [0.016493323855948292, 0.9996423827303825, 0.021049392326291837, -0.42625072306297895], [-0.8042578995981369, 0.0007559245046693479, 0.5942799504544439, 0.008422851570003331]]]
[[[718.856, 0, 607.1928], [0, 718.856, 185.2157], [0, 0, 1]], [[0.5947012304934616, -0.026986465763773337, 0.8034937318455841, 0.2201130832999366], [0.016644084098322527, 0.9996355302995389, 0.021255141196612315, -0.3845630701041174], [-0.8037744838660225, 0.0007329586213753037, 0.5949336449198084, 0.00549316405999889]]]
[[[718.856, 0, 607.1928], [0, 718.856, 185.2157], [0, 0, 1]], [[0.5952390940457377, -0.026451833631066433, 0.8031131435963202, 0.21845589008832278], [0.01646851344147018, 0.9996496899871339, 0.020719203016891428, -0.38233893144567743], [-0.8033798659318252, 0.0008931999672131993, 0.5954661982087489, 0.00549316405999889]]]
[[[718.856, 0, 607.1928], [0, 718.856, 185.2157], [0, 0, 1]], [[0.5959271492063881, -0.026419248572279758, 0.8026037977381016, 0.23908043851227329], [0.016427911735923534, 0.9996505938094189, 0.020707824909269083, -0.41775962197660854], [-0.8028704481762572, 0.0008447492837128015, 0.5961529416549948, 0.006042480470000555]]]
[[[718.856, 0, 607.1928], [0, 718.856, 185.2157], [0, 0, 1]], [[0.5966202003872085, -0.027223956925032256, 0.8020618384259851, 0.2167605004250207], [0.016712121002278243, 0.9996291924352462, 0.021498433497878736, -0.37784961099895853], [-0.8023497002563984, 0.0005777547935693167, 0.596853939165912, 0.005676269529999445]]]
[[[718.856, 0, 607.1928], [0, 718.856, 185.2157], [0, 0, 1]], [[0.5974589756729459, -0.027477728211999328, 0.8014285662740889, 0.23729327907013595], [0.0168151408966764, 0.9996222963772461, 0.021737424458895663, -0.4130249161098355], [-0.801723158842539, 0.0004889149095403187, 0.5976953551247928, 0.006866455080000833]]]
[[[718.856, 0, 607.1928], [0, 718.856, 185.2157], [0, 0, 1]], [[0.5980478308606813, -0.02711674320492623, 0.8010015444684185, 0.21460016850135044], [0.016717995401156083, 0.9996320828298069, 0.021359016997720318, -0.3728757509901388], [-0.8012860292258943, 0.0006174263519388808, 0.5982811363833053, 0.00537109375]]]
[[[718.856, 0, 607.1928], [0, 718.856, 185.2157], [0, 0, 1]], [[0.5986703425055718, -0.027122096252854798, 0.8005362033656642, 0.21318590018283515], [0.01669465594674588, 0.9996319694198906, 0.021382567117413924, -0.37119110158585866], [-0.8008215216058326, 0.0005635677082733839, 0.5989028075776212, 0.006134033199998612]]]
[[[718.856, 0, 607.1928], [0, 718.856, 185.2157], [0, 0, 1]], [[0.5995833703794355, -0.027595783694399505, 0.7998363924495612, 0.2333852550836058], [0.016946938009944852, 0.9996190422454675, 0.02178466599104318, -0.4054126805120691], [-0.8001328535040438, 0.0004930543034406975, 0.5998226184806057, 0.007263183600002776]]]
[[[718.856, 0, 607.1928], [0, 718.856, 185.2157], [0, 0, 1]], [[0.6002680473165858, -0.027703152805964974, 0.7993189643035766, 0.21124354152836822], [0.017013749242828557, 0.9996160822902258, 0.021868250123014413, -0.36575606219413503], [-0.799617911072179, 0.0004726006241259348, 0.6005089282776858, 0.006500244139999722]]]
[[[718.856, 0, 607.1928], [0, 718.856, 185.2157], [0, 0, 1]], [[0.6007598123467006, -0.027263379720904698, 0.7989645524022645, 0.2100895636796171], [0.01687497314430822, 0.9996280970125058, 0.021422020085303823, -0.3633450500058201], [-0.7992514517662986, 0.0006130165985080737, 0.6009964567783358, 0.006103515619997779]]]
[[[718.856, 0, 607.1928], [0, 718.856, 185.2157], [0, 0, 1]], [[0.6013990643959739, -0.027693386712803705, 0.7984686854698951, 0.22929689295342928], [0.017024138585868685, 0.9996163614107618, 0.021847395847514262, -0.3957627363881017], [-0.7987673904517237, 0.00045423813573232575, 0.6016398005606508, 0.00598144530999889]]]
[[[718.856, 0, 607.1928], [0, 718.856, 185.2157], [0, 0, 1]], [[0.6021592421059537, -0.028016366140411437, 0.7978842838248349, 0.20704568330819273], [0.017258392037043584, 0.9996073504246823, 0.022074711351273573, -0.3567101228659203], [-0.7981894480952997, 0.0004777083134541677, 0.6024063219655718, 0.00573730469000111]]]
[[[718.856, 0, 607.1928], [0, 718.856, 185.2157], [0, 0, 1]], [[0.6028580265548357, -0.028278106910101748, 0.7973471944441705, 0.20541231258782014], [0.01735866607641764, 0.9996000217004122, 0.022326516266154933, -0.3539078972286255], [-0.79765962448306, 0.00038116415926620144, 0.6031077666416071, 0.0064392089900024985]]]
[[[718.856, 0, 607.1928], [0, 718.856, 185.2157], [0, 0, 1]], [[0.6033579955545127, -0.028540185227047078, 0.7969595893316337, 0.22459656430216174], [0.01745035629996384, 0.9995926067079064, 0.022585519252321967, -0.3860617351449048], [-0.7972795082437807, 0.00028007516587102684, 0.6036102279554718, 0.0077209472599975015]]]
[[[718.856, 0, 607.1928], [0, 718.856, 185.2157], [0, 0, 1]], [[0.603800439866983, -0.028969339690880426, 0.7966089418116722, 0.2019784507392961], [0.017592474882604573, 0.9995802937358673, 0.02301610745591336, -0.3467303675666725], [-0.7969413614839819, 0.00011718699417381658, 0.6040566634209622, 0.006378173830000833]]]
