[[[707.0493, 0, 604.0814], [0, 707.0493, 180.5066], [0, 0, 1]], [[0.9949715348994649, -0.01728922368406244, 0.09865458673678251, 0.0], [0.015745743829565697, 0.9997414804723235, 0.016402553894452204, 0.0], [-0.09891267002288727, -0.014766684374265255, 0.9949865470153524, 0.0]]]
[[[707.0493, 0, 604.0814], [0, 707.0493, 180.5066], [0, 0, 1]], [[0.9949758520994918, -0.017381665607009822, 0.09859478403859102, 0.0008621898984668577], [0.015841353899409445, 0.9997402727045779, 0.016384097143566784, 0.0002706345838323634], [-0.0988539591798122, -0.014739906149710042, 0.9949927788286574, -8.39233400000694e-05]]]
[[[707.0493, 0, 604.0814], [0, 707.0493, 180.5066], [0, 0, 1]], [[0.9949708411236042, -0.01733005535990127, 0.09865441954119623, 0.001050852100735521], [0.015789522561845265, 0.9997412432874945, 0.016374902968993757, -0.00012080095915051109], [-0.09891267002288727, -0.014734844797205654, 0.9949870190398193, 0.0003890991199995142]]]
[[[707.0493, 0, 604.0814], [0, 707.0493, 180.5066], [0, 0, 1]], [[0.9949835217056301, -0.017276497892813786, 0.09853585212916988, 0.0008687604484557968], [0.015737971663978438, 0.9997421383255113, 0.016369884063058303, -0.00010578471728543195], [-0.09879325777686372, -0.014737010446279774, 0.9949988506229244, 0.00025939942000263727]]]
[[[707.0493, 0, 604.0814], [0, 707.0493, 180.5066], [0, 0, 1]], [[0.9949847445095399, -0.017358458407887592, 0.09850909661035037, 0.0008134717551341047], [0.01581661456437613, 0.9997402188132329, 0.016411264149695095, -0.00012135658934321337], [-0.09876838004648893, -0.014770877054892143, 0.9950008182378653, 6.866454999965299e-05]]]
[[[707.0493, 0, 604.0814], [0, 707.0493, 180.5066], [0, 0, 1]], [[0.9949834132395552, -0.01733356233920833, 0.0985269252275614, 0.0008935828596208657], [0.01579469824324944, 0.9997411210595896, 0.016377373718629983, -0.0004679647103637902], [-0.09878529690986099, -0.01473901214965771, 0.994999611374438, 0.0007324218699977791]]]
[[[707.0493, 0, 604.0814], [0, 707.0493, 180.5066], [0, 0, 1]], [[0.9949907779875622, -0.017369700216718697, 0.09844615398321638, 0.0007852740388766109], [0.015834624839418505, 0.9997408878109392, 0.016353039325766636, -0.0004469408652345147], [-0.09870469277547393, -0.014712265405997888, 0.9950080064354874, 0.00045013428000117983]]]
[[[707.0493, 0, 604.0814], [0, 707.0493, 180.5066], [0, 0, 1]], [[0.9949958136103683, -0.017379361445783698, 0.09839353989758746, 0.0009393754941009058], [0.01584067646549418, 0.9997400588643719, 0.016397794698608633, 1.0010827910052757e-05], [-0.09865294657006889, -0.014757116845745504, 0.9950124741104727, 0.0011978149399993754]]]
[[[707.0493, 0, 604.0814], [0, 707.0493, 180.5066], [0, 0, 1]], [[0.9949968290009716, -0.017345607513921113, 0.09838922795704946, 0.0009377225662813652], [0.015807849430502112, 0.9997407477478369, 0.016387470487495098, 1.2013625788157422e-05], [-0.09864797095933506, -0.014750159069276242, 0.9950130705840187, 0.0014190673799987508]]]
[[[707.0493, 0, 604.0814], [0, 707.0493, 180.5066], [0, 0, 1]], [[0.9949956211888038, -0.0173595545676328, 0.0983989821101811, 0.0008062096111828614], [0.01582176369940091, 0.9997405352421946, 0.016387006654376608, -0.0001157955451954847], [-0.0986579221783364, -0.014748154422287654, 0.9950121136612307, 0.0006866455100009716]]]
[[[707.0493, 0, 604.0814], [0, 707.0493, 180.5066], [0, 0, 1]], [[0.9949983639772578, -0.01732912480194492, 0.09837660858242123, 0.00015733150724601887], [0.015791949829089547, 0.9997410773451441, 0.0163826917619299, -7.908759545172265e-05], [-0.0986350343598856, -0.014747193033574371, 0.9950143970287337, -0.0005111694299984038]]]
[[[707.0493, 0, 604.0814], [0, 707.0493, 180.5066], [0, 0, 1]], [[0.9950029785124481, -0.017320596205163314, 0.09833142782678651, 3.327417798337135e-05], [0.015787046800211747, 0.999741649382546, 0.016352481254979945, 0.0002446053247480615], [-0.09858925856646233, -0.014718404701740899, 0.9950193599414793, -0.00031280518000187385]]]
[[[707.0493, 0, 604.0814], [0, 707.0493, 180.5066], [0, 0, 1]], [[0.9950115165439587, -0.017369612890370246, 0.09823633998134333, 0.0003303213604125565], [0.01583893593425618, 0.9997410311844507, 0.01634009408546247, 0.00011657405976136202], [-0.09849472094159116, -0.014702622701066674, 0.9950289557758347, -0.00032806395999784854]]]
[[[707.0493, 0, 604.0814], [0, 707.0493, 180.5066], [0, 0, 1]], [[0.9950098874937692, -0.017396022985775382, 0.0982481662623539, 0.0005453345865433386], [0.01586080577451361, 0.9997399421145722, 0.016385450281735978, 0.00031991099918686754], [-0.09850765772172189, -0.014745389958575548, 0.9950270422682741, -0.00028228760000104103]]]
[[[707.0493, 0, 604.0814], [0, 707.0493, 180.5066], [0, 0, 1]], [[0.9950127492077102, -0.017376055255712886, 0.09822271436824025, 0.000498642744110816], [0.015841941351002285, 0.9997403768427525, 0.01637717327692728, -5.372698948694586e-05], [-0.09848178414481482, -0.014739457726168545, 0.9950296913045321, -0.00014495850000173505]]]
[[[707.0493, 0, 604.0814], [0, 707.0493, 180.5066], [0, 0, 1]], [[0.9950206609635629, -0.017446288134704488, 0.09813007330046844, 0.000308078579795565], [0.015913727047002384, 0.9997392103833836, 0.016378782417568506, -0.00022958829251286476], [-0.09839023095362641, -0.014735611705301407, 0.995038805374224, -0.0006484985299977097]]]
[[[707.0493, 0, 604.0814], [0, 707.0493, 180.5066], [0, 0, 1]], [[0.9950323374738504, -0.017393822578956265, 0.09802092795631613, 0.00024202128528477853], [0.015866140061298203, 0.9997405471080367, 0.016343318747387783, -0.00010255842646521757], [-0.09827976892972833, -0.014706916883400133, 0.9950501462815349, -0.0007781982399990284]]]
[[[707.0493, 0, 604.0814], [0, 707.0493, 180.5066], [0, 0, 1]], [[0.9950427381906477, -0.017406308096163482, 0.09791307171424883, 0.0003666040778140794], [0.01587924475157906, 0.999740166416033, 0.01635387539888095, -5.450471368270552e-05], [-0.09817229120366729, -0.0147180193268017, 0.9950605916962636, -0.0004043579099999306]]]
[[[707.0493, 0, 604.0814], [0, 707.0493, 180.5066], [0, 0, 1]], [[0.9950418607528928, -0.01745658293050777, 0.09791303826258757, 0.0002947025639061134], [0.015928000255381294, 0.9997390993237465, 0.016371685655693448, -2.2802968264087486e-05], [-0.09817328637305163, -0.014730953660050996, 0.995060302115897, -0.0006637573300025679]]]
[[[707.0493, 0, 604.0814], [0, 707.0493, 180.5066], [0, 0, 1]], [[0.9950411675065964, -0.017405270475957618, 0.09792921692104124, 0.0007272326072729847], [0.015879219686046175, 0.9997403751777133, 0.016341132815312936, 0.0003609565001362485], [-0.09818821390203548, -0.014705060325757654, 0.9950592122338972, -0.0004653930599971545]]]
[[[707.0493, 0, 604.0814], [0, 707.0493, 180.5066], [0, 0, 1]], [[0.9950548760161636, -0.017415907730964766, 0.09778793317359682, 0.0004139253236830694], [0.015893372770415623, 0.9997403770928452, 0.0163272506024845, 5.7396677943157366e-05], [-0.09804689907609483, -0.014692330249563578, 0.9950733344901771, -0.0010986328200033313]]]
[[[707.0493, 0, 604.0814], [0, 707.0493, 180.5066], [0, 0, 1]], [[0.9950558029950618, -0.017444085882299478, 0.09777347694330756, 0.0003872907492813662], [0.01592125625934581, 0.9997398270192077, 0.016333764744510204, 0.0002473866371920435], [-0.09803296652135329, -0.014696330811999394, 0.9950746481222841, -0.0011672973599985426]]]
[[[707.0493, 0, 604.0814], [0, 707.0493, 180.5066], [0, 0, 1]], [[0.995063408837265, -0.017433850982112375, 0.0976978670857023, 0.0002745000824386496], [0.015911424775624065, 0.9997398722431473, 0.016340575536541366, -0.0005644048817483416], [-0.097957332317554, -0.014705396532880602, 0.9950819626332492, -0.0006790161099985426]]]
[[[707.0493, 0, 604.0814], [0, 707.0493, 180.5066], [0, 0, 1]], [[0.9950656115635071, -0.017474488511618945, 0.09766816746003126, 0.0005266883359117253], [0.015951272825164783, 0.9997390010799903, 0.016355018032404776, -0.00013893284001933472], [-0.09792847174851944, -0.014716384435058207, 0.9950846408472793, -0.00036621094000111043]]]
[[[707.0493, 0, 604.0814], [0, 707.0493, 180.5066], [0, 0, 1]], [[0.9950737104327696, -0.01744964892998797, 0.09759006382711684, -3.875879340742755e-05], [0.015928510084896232, 0.999739535772659, 0.016344515274057565, -5.761956231633239e-05], [-0.09784985116000906, -0.014709533143125638, 0.9950924762365935, -0.0012283325200002082]]]
[[[707.0493, 0, 604.0814], [0, 707.0493, 180.5066], [0, 0, 1]], [[0.9950695065991575, -0.017382851392534624, 0.09764483352422837, 9.921389578628822e-05], [0.015860760801582385, 0.9997406420152279, 0.01634273446443086, -0.00020233554048645317], [-0.09790359188152498, -0.014713435371964142, 0.9950871326252042, -0.0009994506799984038]]]
[[[707.0493, 0, 604.0814], [0, 707.0493, 180.5066], [0, 0, 1]], [[0.995070444751983, -0.01743860429761966, 0.09762533001860665, -4.0031353389513965e-05], [0.015918504557364044, 0.999739963361824, 0.016328100623036117, -0.0003067853226431879], [-0.09788468314168464, -0.01469356108810432, 0.995089286480767, -0.0007400512700002082]]]
[[[707.0493, 0, 604.0814], [0, 707.0493, 180.5066], [0, 0, 1]], [[0.9950737808435193, -0.01746301563741986, 0.09758695487938385, -0.0002598099729338402], [0.015942445817671805, 0.9997393901435164, 0.01633983527519674, -0.0005037819129849698], [-0.09784686555600168, -0.01470356692497417, 0.9950928579889158, -0.0007934570400038865]]]
[[[707.0493, 0, 604.0814], [0, 707.0493, 180.5066], [0, 0, 1]], [[0.9950762306256841, -0.01747149363745106, 0.09756045384199927, 0.00015694413278100774], [0.015954429048649684, 0.9997397092662806, 0.01630858393314279, -3.526157242847732e-05], [-0.09781999508031049, -0.014671762888258081, 0.9950959692091205, -0.0006637573199981261]]]
[[[707.0493, 0, 604.0814], [0, 707.0493, 180.5066], [0, 0, 1]], [[0.9950776958262455, -0.017423086561073817, 0.09755416610178747, -1.0201492624774641e-05], [0.015905681237558467, 0.9997404516603645, 0.01631069030725877, -0.000329366196904218], [-0.09781302864904548, -0.01467873865887167, 0.9950965511235005, -0.001113891599999306]]]
[[[707.0493, 0, 604.0814], [0, 707.0493, 180.5066], [0, 0, 1]], [[0.9950893239205288, -0.01745999605029955, 0.09742887640380753, 0.00025984449286837243], [0.015942694839068842, 0.9997395419314499, 0.016330302506792495, -6.840890479226246e-05], [-0.09768862728410717, -0.014696830835882602, 0.9951085042661069, -0.0005416870099992366]]]
[[[707.0493, 0, 604.0814], [0, 707.0493, 180.5066], [0, 0, 1]], [[0.9950879548014481, -0.01741103972572109, 0.09745161827666408, 2.8176931646023216e-05], [0.01589390111661842, 0.9997404400805212, 0.01632287887907215, -6.062296876337175e-05], [-0.09771052203507279, -0.014693813775703916, 0.9951063991957636, -0.0014190673900031925]]]
[[[707.0493, 0, 604.0814], [0, 707.0493, 180.5066], [0, 0, 1]], [[0.9950919047853761, -0.017431650230545766, 0.09740759005771521, 0.00024447646317442696], [0.01592183390117583, 0.9997410867955726, 0.01625590901890159, -8.565240964885657e-06], [-0.09766573726663488, -0.014625216000023792, 0.9951118061912025, -0.001251220699998612]]]
[[[707.0493, 0, 604.0814], [0, 707.0493, 180.5066], [0, 0, 1]], [[0.9950920225401843, -0.017444356788261513, 0.09740411230091475, -2.8197571689941122e-05], [0.01593278460177825, 0.999740602902608, 0.016274928041711233, -6.462698377934579e-05], [-0.09766275160837276, -0.014643132321104499, 0.9951118357371235, -0.0012664794899990284]]]
[[[707.0493, 0, 604.0814], [0, 707.0493, 180.5066], [0, 0, 1]], [[0.9950992737408896, -0.01743008490479249, 0.09733256156377422, 0.00011046667866551732], [0.015918965745206286, 0.9997407336783017, 0.01628041627151866, 0.0001223579882822657], [-0.09759109554645404, -0.014651196694560675, 0.9951187469369975, -0.000556945799999653]]]
[[[707.0493, 0, 604.0814], [0, 707.0493, 180.5066], [0, 0, 1]], [[0.9951069090555513, -0.01746374802391575, 0.09724842957530855, -0.0001270726230829698], [0.015953925564675443, 0.9997401590235683, 0.016281483182043553, 0.00016763038862079577], [-0.09750749616815808, -0.014650322197397248, 0.9951269548407022, -0.0004348754900007634]]]
[[[707.0493, 0, 604.0814], [0, 707.0493, 180.5066], [0, 0, 1]], [[0.9951056716807088, -0.01740562600146313, 0.09727150853349778, 0.00015589283956492564], [0.01589717017571864, 0.9997413917166927, 0.01626129357629173, 0.000356841042933687], [-0.09752939130995017, -0.014635363742227096, 0.9951250293098065, -0.00048065186000201265]]]
[[[707.0493, 0, 604.0814], [0, 707.0493, 180.5066], [0, 0, 1]], [[0.995104794007377, -0.017452877048679996, 0.09727202077812418, 2.3287071320772224e-05], [0.015945928771872387, 0.9997408300337438, 0.016248080472584133, 0.0004506121344309615], [-0.09753038654254649, -0.014617450056862057, 0.995125195065775, -0.0004730224599995836]]]
[[[707.0493, 0, 604.0814], [0, 707.0493, 180.5066], [0, 0, 1]], [[0.9951062425198189, -0.01745857156781256, 0.09725617911936996, -0.00011617268699661202], [0.015952919516519996, 0.9997408902611201, 0.016237509008541647, 7.897615326513513e-05], [-0.0975144628093025, -0.014606526579396026, 0.9951269159882566, -0.0006332397399972933]]]
[[[707.0493, 0, 604.0814], [0, 707.0493, 180.5066], [0, 0, 1]], [[0.9951118409670675, -0.017437079960110947, 0.09720273766514229, 0.00010208422074003662], [0.015932106554969166, 0.999741220588994, 0.016237605610118142, -2.33554369763192e-06], [-0.0974607200253255, -0.014609589237666087, 0.9951321359269089, -0.00036621094000111043]]]
[[[707.0493, 0, 604.0814], [0, 707.0493, 180.5066], [0, 0, 1]], [[0.9951297688330042, -0.01742769959687762, 0.0970207115472388, -0.0002074191360742019], [0.01592542589351088, 0.9997413366983091, 0.016237010401798407, 0.0002642934443785221], [-0.09727858958929153, -0.014612836255799486, 0.9951499088198116, 0.00035858153999868136]]]
[[[707.0493, 0, 604.0814], [0, 707.0493, 180.5066], [0, 0, 1]], [[0.9951370976282145, -0.01744051999320227, 0.09694320598402008, 6.45773490883225e-05], [0.01594146945434099, 0.999741416747039, 0.016216324869083643, 0.00024137903392784714], [-0.09720095923255978, -0.014592049307415988, 0.995157799357107, 0.00038146973000152684]]]
[[[707.0493, 0, 604.0814], [0, 707.0493, 180.5066], [0, 0, 1]], [[0.9951394283313842, -0.017434573651430255, 0.09692034782169642, -0.00017911775393498293], [0.015935534422504227, 0.9997414618763367, 0.0162193756980481, 0.0008682982401310776], [-0.09717806811701364, -0.014596062721093804, 0.9951599760993641, 0.0001678466800001388]]]
[[[707.0493, 0, 604.0814], [0, 707.0493, 180.5066], [0, 0, 1]], [[0.9951396035620569, -0.0174248364596637, 0.09692029971428122, -4.827560213016696e-05], [0.015924587887828707, 0.9997414426736599, 0.016231306213366745, 0.0004907676786278777], [-0.09717806811701364, -0.014608999799549363, 0.9951597862664577, 0.0001525878899997224]]]
[[[707.0493, 0, 604.0814], [0, 707.0493, 180.5066], [0, 0, 1]], [[0.9951443331703627, -0.017427744846011537, 0.09687120247264705, -0.0007224258261875169], [0.015932626767093866, 0.9997420443318675, 0.016186296656084016, 0.0004240264547838397], [-0.0971283046450145, -0.014564288678840133, 0.9951652998030351, 0.0005722045900000694]]]
[[[707.0493, 0, 604.0814], [0, 707.0493, 180.5066], [0, 0, 1]], [[0.995142299387961, -0.01744849824136054, 0.09688835780403783, -0.00029226115460968745], [0.015956483751939688, 0.9997422039608896, 0.01615290208281734, 0.0006849837468957952], [-0.09714522425274494, -0.014528438613431182, 0.9951641723235115, 0.0005874633800004858]]]
[[[707.0493, 0, 604.0814], [0, 707.0493, 180.5066], [0, 0, 1]], [[0.9951471228658467, -0.01745238603054357, 0.09683810238572488, -0.0005234584469415963], [0.015958551899404316, 0.999741744233146, 0.01617929105185855, 0.0003543932666793499], [-0.09709546062047013, -0.014555379057503757, 0.9951686351907354, 0.00039672850999750153]]]
[[[707.0493, 0, 604.0814], [0, 707.0493, 180.5066], [0, 0, 1]], [[0.9951488196530074, -0.017442671385943177, 0.09682241454409277, -0.00012105555928405667], [0.015949620468374698, 0.9997419858745311, 0.01617316563211758, 0.0008987764926075859], [-0.09707953620686982, -0.014550425924044472, 0.9951702611891535, 9.155274000249847e-05]]]
[[[707.0493, 0, 604.0814], [0, 707.0493, 180.5066], [0, 0, 1]], [[0.9951547521402386, -0.01742823578729914, 0.09676402167150029, -0.00028035821673774865], [0.01593677521825657, 0.9997423232988003, 0.016164968319166324, 0.00042358226677772495], [-0.09702081471696183, -0.014544538578421565, 0.9951760738227169, -8.39233400000694e-05]]]
[[[707.0493, 0, 604.0814], [0, 707.0493, 180.5066], [0, 0, 1]], [[0.9951616888700242, -0.01744495976557794, 0.09668963948706445, -0.000995231554380175], [0.015951817562814167, 0.9997416098006499, 0.01619423198696776, 0.0008262513402426442], [-0.0969471635572894, -0.014573503764791877, 0.9951828276584226, -7.629400002429065e-06]]]
[[[707.0493, 0, 604.0814], [0, 707.0493, 180.5066], [0, 0, 1]], [[0.9951659701525449, -0.017444953715782276, 0.09664556606590081, -0.0005999179167496639], [0.015956863297830474, 0.9997422607951382, 0.016149009069298496, 0.000923136490003428], [-0.09690237543031922, -0.014528784191395661, 0.995187843608372, 3.814698000326189e-05]]]
[[[707.0493, 0, 604.0814], [0, 707.0493, 180.5066], [0, 0, 1]], [[0.9951755264808022, -0.017449857671402037, 0.09654622706717184, -0.0008790242493663682], [0.015964979979690937, 0.9997424188829511, 0.01613119029439374, 0.0009545054896025188], [-0.09680284555686448, -0.014512007211743201, 0.9951977746854039, -0.0008621215900035395]]]
[[[707.0493, 0, 604.0814], [0, 707.0493, 180.5066], [0, 0, 1]], [[0.9951690073591646, -0.017451283524335656, 0.09661314349056375, -0.00027299242678704354], [0.015966866247798115, 0.9997426263745572, 0.016116457176664038, 0.0005312567590144388], [-0.09686953067915596, -0.014495989550754073, 0.9951915194136978, -0.0001831054599961135]]]
[[[707.0493, 0, 604.0814], [0, 707.0493, 180.5066], [0, 0, 1]], [[0.9951741383648384, -0.01744356575599005, 0.0965616711926539, -0.0010707988825538741], [0.015960975990251324, 0.9997429042528181, 0.016105050188656787, 0.0009074523853889415], [-0.09681777509961884, -0.014486110929334503, 0.995196699660375, -0.00021362305000138804]]]
[[[707.0493, 0, 604.0814], [0, 707.0493, 180.5066], [0, 0, 1]], [[0.9951759972576034, -0.017464585544650246, 0.09653871106498142, -0.0008772745693309849], [0.01598390074799473, 0.9997427818099263, 0.016089907887503342, 0.0010644048737203948], [-0.09679488312515609, -0.014469224951727115, 0.9951991720907346, -0.00018310547000055521]]]
[[[707.0493, 0, 604.0814], [0, 707.0493, 180.5066], [0, 0, 1]], [[0.9951816043987675, -0.01743237918218546, 0.09648671629993302, -0.0012448609089637521], [0.015954127670924127, 0.9997435587700448, 0.016071170090125327, 0.0012492771864575493], [-0.0967421318586432, -0.014454371444459038, 0.9952045172071872, -3.814696999882017e-05]]]
[[[707.0493, 0, 604.0814], [0, 707.0493, 180.5066], [0, 0, 1]], [[0.9951877965294746, -0.01745452248003332, 0.0964188222485784, -0.000810456458731235], [0.015978117594031477, 0.99974330049493, 0.016063401683806405, 0.0013604000635175349], [-0.09667445059042357, -0.014445510046309345, 0.9952112227273876, 0.00034332274999826495]]]
[[[707.0493, 0, 604.0814], [0, 707.0493, 180.5066], [0, 0, 1]], [[0.995195780138113, -0.017424439633997722, 0.0963418294342281, -0.0009846428864792854], [0.015950373121545413, 0.9997439674308399, 0.01604946051826101, 0.0002942160666623282], [-0.09659681564407914, -0.014435667254578382, 0.995218903919303, 0.0010375976600016656]]]
[[[707.0493, 0, 604.0814], [0, 707.0493, 180.5066], [0, 0, 1]], [[0.9951906167530334, -0.017462180259785486, 0.09638832184083149, -0.0006094279603734239], [0.015989112794399265, 0.9997435970975963, 0.01603397437964177, 0.0005251392943038902], [-0.09664359574625177, -0.014415697101902115, 0.9952146517602629, 6.866454999965299e-05]]]
[[[707.0493, 0, 604.0814], [0, 707.0493, 180.5066], [0, 0, 1]], [[0.9951937709381098, -0.01744517379148089, 0.09635883040681831, -0.00030600386333449423], [0.015973236264291917, 0.9997439794786739, 0.016025954554725053, -9.432751206009445e-05], [-0.09661373613120472, -0.01440976778196066, 0.9952176367926968, 0.000907897950000347]]]
[[[707.0493, 0, 604.0814], [0, 707.0493, 180.5066], [0, 0, 1]], [[0.9951944790672893, -0.017443169799953244, 0.09635187938653136, -0.0010012419769279417], [0.0159712567283854, 0.9997439999594379, 0.016026649793998045, 0.00030901021452434997], [-0.09660676887518128, -0.014410772790987047, 0.9952182985833127, -0.00020599364999895897]]]
[[[707.0493, 0, 604.0814], [0, 707.0493, 180.5066], [0, 0, 1]], [[0.9952003495398221, -0.017412118457164606, 0.09629684525803255, -0.0005956644556718724], [0.015942482710121754, 0.9997447265310697, 0.01600996621963877, 0.00026407135037546475], [-0.09655103065660804, -0.014397913187339796, 0.9952238936917644, 0.0001831054599961135]]]
[[[707.0493, 0, 604.0814], [0, 707.0493, 180.5066], [0, 0, 1]], [[0.995201925913774, -0.017408925820004553, 0.09628112981944396, -0.0004128604208421186], [0.01594051704807357, 0.9997449250879027, 0.01599952115607651, 0.00046484986173016334], [-0.09653510539568037, -0.014387983276930883, 0.9952255821488251, 6.103516000166564e-05]]]
[[[707.0493, 0, 604.0814], [0, 707.0493, 180.5066], [0, 0, 1]], [[0.9952051734873172, -0.0173986605115388, 0.09624941182408993, 5.6990045451393994e-06], [0.01593061446225863, 0.9997450744981838, 0.01600004810855229, 0.0004907676786278777], [-0.09650325479969013, -0.014390018381688472, 0.9952286416618248, -0.00021362305000138804]]]
[[[707.0493, 0, 604.0814], [0, 707.0493, 180.5066], [0, 0, 1]], [[0.9952151668801034, -0.01736933935716339, 0.09615132688685975, -0.00039037549031783667], [0.015902901277704544, 0.9997455680340875, 0.015996778649196235, 0.000573637195092517], [-0.09640471639271413, -0.014391151673701877, 0.995238175217744, -0.0007171630799973627]]]
[[[707.0493, 0, 604.0814], [0, 707.0493, 180.5066], [0, 0, 1]], [[0.9952183340261761, -0.017387912618934805, 0.09611518149032985, -0.00025061136015540564], [0.01592186586902336, 0.9997452301250636, 0.01599903214050032, 0.0008075638291811184], [-0.0963688840104086, -0.014392197085234105, 0.9952416303881426, -0.0013885498100023597]]]
[[[707.0493, 0, 604.0814], [0, 707.0493, 180.5066], [0, 0, 1]], [[0.9952255937192781, -0.01741997005114197, 0.0960341723009453, -0.0004513288290003985], [0.01595582836152424, 0.9997447850219512, 0.01599300980773671, 0.001019577451758097], [-0.09628826069364796, -0.014384347911188075, 0.9952495472934223, -0.0019378662099995836]]]
[[[707.0493, 0, 604.0814], [0, 707.0493, 180.5066], [0, 0, 1]], [[0.995227016451326, -0.017373841628127162, 0.0960277842734739, -0.000449468160835628], [0.01590906351366584, 0.9997454443318575, 0.01599838228744162, 0.0010743050498139776], [-0.09628129321685615, -0.014394310152894964, 0.995250077323138, -0.0012435913100006246]]]
[[[707.0493, 0, 604.0814], [0, 707.0493, 180.5066], [0, 0, 1]], [[0.9952372644751318, -0.01738022981873564, 0.09592035764895958, -0.0007012277826305368], [0.015918186757532038, 0.9997454887006676, 0.01598653036202427, 0.0009426025156308313], [-0.09617379440579807, -0.014383512579044267, 0.9952606270899496, -0.0017623901299970157]]]
[[[707.0493, 0, 604.0814], [0, 707.0493, 180.5066], [0, 0, 1]], [[0.9952396704158131, -0.017405149110416625, 0.09589087138548547, -0.000428159233232595], [0.015942117110733314, 0.9997448540328323, 0.016002366603051814, 0.0009156840901641822], [-0.09614492879320893, -0.01439748656241663, 0.9952632139529893, -0.0016937255900018044]]]
[[[707.0493, 0, 604.0814], [0, 707.0493, 180.5066], [0, 0, 1]], [[0.9952501114100502, -0.0174050503729601, 0.0957824616503333, -0.0004926951027149354], [0.015950248403307672, 0.9997458259202538, 0.015933396715779338, 0.0008608450499217142], [-0.096035437803738, -0.014329960800516805, 0.995274759505786, -0.0015640258800004858]]]
[[[707.0493, 0, 604.0814], [0, 707.0493, 180.5066], [0, 0, 1]], [[0.995238101922045, -0.017426232366725216, 0.095903320631281, -0.0007465086772206016], [0.015967974826979946, 0.9997452452529961, 0.01595206488049268, 0.0007359294239387592], [-0.09615687319443329, -0.014344720963734766, 0.9952628219309422, -0.0020294189399976403]]]
[[[707.0493, 0, 604.0814], [0, 707.0493, 180.5066], [0, 0, 1]], [[0.9952455183125395, -0.017431741377382355, 0.09582532374772723, -0.0007687169659768575], [0.015973071327322858, 0.999744904748013, 0.0159682942970992, 0.0008541711646483457], [-0.09607923433904403, -0.01436174860309741, 0.995270074354637, -0.001602172849999306]]]
[[[707.0493, 0, 604.0814], [0, 707.0493, 180.5066], [0, 0, 1]], [[0.9952490401569606, -0.017432826395926103, 0.0957885412275285, -0.0010873499759575403], [0.01597511886159628, 0.999744942274486, 0.015963895951259754, 0.0007181310792595803], [-0.09604240544679364, -0.014357818790968176, 0.9952736856742267, -0.001686096200003817]]]
[[[707.0493, 0, 604.0814], [0, 707.0493, 180.5066], [0, 0, 1]], [[0.9952551986264507, -0.017393471467244216, 0.09573169149943145, -0.0007042779472610541], [0.01593838380533188, 0.9997458551619576, 0.015943431505167305, 0.0009096772772701035], [-0.0959846734051749, -0.014341974648010932, 0.995279483479137, -0.0012130737299997918]]]
[[[707.0493, 0, 604.0814], [0, 707.0493, 180.5066], [0, 0, 1]], [[0.9952546557944971, -0.01741118653457797, 0.09573411462396889, -0.0006971749372358039], [0.015960276337714324, 0.9997461883421052, 0.01590058095340309, 0.0007956624359496661], [-0.09598666417060696, -0.014297184299366765, 0.9952799359087418, -0.0012359619099981956]]]
[[[707.0493, 0, 604.0814], [0, 707.0493, 180.5066], [0, 0, 1]], [[0.9952562367284703, -0.01736855814706937, 0.09572542212481991, -0.00038717343768721876], [0.01591550367426654, 0.999746559253391, 0.0159221230933722, 0.0009885427787187687], [-0.09597770572313916, -0.014323074003088802, 0.995280427595773, -0.0010986328099988896]]]
[[[707.0493, 0, 604.0814], [0, 707.0493, 180.5066], [0, 0, 1]], [[0.9952521416326167, -0.01736664641742904, 0.0957683359357462, -0.00043630662962449357], [0.01591942021496203, 0.999747560614548, 0.015855191745299653, 0.0008536147440855257], [-0.09601951174479798, -0.01425533715745647, 0.9952773677356568, -9.918213000048581e-05]]]
[[[707.0493, 0, 604.0814], [0, 707.0493, 180.5066], [0, 0, 1]], [[0.9952584600221617, -0.017374265884442637, 0.09570126769950359, -0.0003802918105865416], [0.01592051679301678, 0.9997463026913159, 0.01593321687817575, -2.113449694574536e-05], [-0.09595381649188647, -0.014334055253849369, 0.9952825729211886, -0.0011367797900021515]]]
[[[707.0493, 0, 604.0814], [0, 707.0493, 180.5066], [0, 0, 1]], [[0.9952618308797897, -0.017341217348308045, 0.09567220168203457, -0.0005409430517251256], [0.015889709718210795, 0.9997471183394503, 0.01591277779133696, 5.1724191608841195e-05], [-0.09592395487509964, -0.01431717684615963, 0.9952856943251399, -0.00199127196999882]]]
[[[707.0493, 0, 604.0814], [0, 707.0493, 180.5066], [0, 0, 1]], [[0.9952665917410405, -0.01732320980766235, 0.0956259262236584, -0.0004924392745509271], [0.015873857406679008, 0.9997476290510945, 0.01589650457639517, 0.0003718572847987661], [-0.09587717150190274, -0.014303307613088715, 0.9952904015291818, -0.0017242431599981956]]]
[[[707.0493, 0, 604.0814], [0, 707.0493, 180.5066], [0, 0, 1]], [[0.9952714806281592, -0.017333875359010625, 0.09557309565599553, -0.00015224813278175175], [0.015885881679463913, 0.9997475285618601, 0.015890811738827743, -0.0004699667178717772], [-0.09582441552912212, -0.01429740883835519, 0.9952955668991051, -0.0011138916100037477]]]
[[[707.0493, 0, 604.0814], [0, 707.0493, 180.5066], [0, 0, 1]], [[0.9952832421148472, -0.01733311673883521, 0.09545067327932391, -0.00021555971851002197], [0.015887064945552493, 0.9997475392951752, 0.015888953416071976, -0.0009385985006148572], [-0.0957019808194905, -0.01429757802427456, 0.9953073445573812, -0.001243591299996183]]]
[[[707.0493, 0, 604.0814], [0, 707.0493, 180.5066], [0, 0, 1]], [[0.9952876439376493, -0.01736629143470934, 0.09539873032094118, -1.3922372351955008e-05], [0.01591700146052513, 0.999746378140077, 0.015931994862660035, -0.0002095658463226416], [-0.09565121478344413, -0.014338455900232978, 0.9953116365203657, -0.0009231567400007634]]]
[[[707.0493, 0, 604.0814], [0, 707.0493, 180.5066], [0, 0, 1]], [[0.9952786156602571, -0.017330582234471103, 0.09549936192884492, -3.903549484512931e-05], [0.015883008967855963, 0.9997474702941783, 0.015897347782509376, -0.0010998885401519293], [-0.09575075579612564, -0.01430547307170522, 0.995302540037282, -0.000350952150000694]]]
[[[707.0493, 0, 604.0814], [0, 707.0493, 180.5066], [0, 0, 1]], [[0.9952776590522612, -0.017344603771197755, 0.09550678568285573, 8.728311391192588e-06], [0.015894940077760718, 0.9997469422553673, 0.015918615862172476, -0.0006006678531158712], [-0.09575871903578902, -0.01432536809520669, 0.995301487770194, -0.0005264282199988202]]]
[[[707.0493, 0, 604.0814], [0, 707.0493, 180.5066], [0, 0, 1]], [[0.9952825729371039, -0.017353489746048688, 0.09545394911334155, 0.0002803029464992033], [0.015899000700201293, 0.9997459438549102, 0.01597715626730036, -0.001204671858498309], [-0.09570695786845185, -0.014384162794146883, 0.9953056184289718, 0.0004730224599995836]]]
[[[707.0493, 0, 604.0814], [0, 707.0493, 180.5066], [0, 0, 1]], [[0.9952865847641592, -0.01727661924025498, 0.09542605837046457, 0.00024657232950899867], [0.015821412719316367, 0.9997470453800634, 0.01598524799302396, -0.0002915461964049337], [-0.09567809095117394, -0.014400127827928252, 0.9953081629477768, 7.629389997987346e-06]]]
[[[707.0493, 0, 604.0814], [0, 707.0493, 180.5066], [0, 0, 1]], [[0.9952887675064718, -0.017264842629976226, 0.0954054216719928, 0.0004204199473643787], [0.0158104964758655, 0.9997473200723922, 0.015978867583667553, -0.0006404890707530248], [-0.09565718727118858, -0.014395180340374089, 0.9953102437463069, 0.00011444092000090222]]]
[[[707.0493, 0, 604.0814], [0, 707.0493, 180.5066], [0, 0, 1]], [[0.9952899179618571, -0.017290704823113737, 0.09538873481811024, 0.00037776039246247413], [0.0158344077461088, 0.9997465572702403, 0.016002898413480814, -0.0002942160666623282], [-0.09564126062955138, -0.014417099327609848, 0.9953114570385333, -6.103516000166564e-05]]]
[[[707.0493, 0, 604.0814], [0, 707.0493, 180.5066], [0, 0, 1]], [[0.9952931846119529, -0.017288356761454547, 0.09535507005652978, 0.0005473681846395375], [0.01583346417127793, 0.9997467263373374, 0.015993267024412942, -0.0003537261943000601], [-0.09560741643478235, -0.014408188583787528, 0.9953148376390257, 3.051758000083282e-05]]]
[[[707.0493, 0, 604.0814], [0, 707.0493, 180.5066], [0, 0, 1]], [[0.9952987614121637, -0.01732144541654589, 0.09529083408226918, 0.00024609513909288933], [0.0158614283194613, 0.9997452466702543, 0.01605792178019233, -0.0002852058473212101], [-0.09554470484061126, -0.014470980924381241, 0.9953199486034662, -0.00020599364999895897]]]
[[[707.0493, 0, 604.0814], [0, 707.0493, 180.5066], [0, 0, 1]], [[0.9952972145706067, -0.01728913477292655, 0.09531285583170405, 0.00024016085598822865], [0.01583253273215372, 0.9997463531251367, 0.01601750043779436, -0.0007416019102730753], [-0.09556560874748248, -0.0144331296603697, 0.9953184913347738, 0.0005264282199988202]]]
[[[707.0493, 0, 604.0814], [0, 707.0493, 180.5066], [0, 0, 1]], [[0.9953066056994986, -0.017286958803907772, 0.09521513380894235, 0.00041840725894290703], [0.01583069100318869, 0.9997462019065847, 0.01602875527669248, -0.0010771970140744293], [-0.09546805682166346, -0.014446204645876088, 0.9953276632838179, 0.0009384155300011798]]]
[[[707.0493, 0, 604.0814], [0, 707.0493, 180.5066], [0, 0, 1]], [[0.9953038379856969, -0.01730144107037838, 0.0952414312567269, 0.0002991013881896962], [0.01584259365159543, 0.99974563527427, 0.01605231997053837, -0.0004104557998639277], [-0.0954949334642003, -0.014468064381054607, 0.9953247674983947, 0.00044250487999875077]]]
[[[707.0493, 0, 604.0814], [0, 707.0493, 180.5066], [0, 0, 1]], [[0.9953112676392315, -0.01731612415892352, 0.09516108634572604, 0.0005337362033692088], [0.015861627623059253, 0.9997458542396753, 0.016019853299238718, -0.0006575081104962087], [-0.09541430332782073, -0.01443533077883812, 0.9953329754136413, 0.0006484985400021515]]]
[[[707.0493, 0, 604.0814], [0, 707.0493, 180.5066], [0, 0, 1]], [[0.995314824051945, -0.017249668851580538, 0.09513595506934577, 0.0002700946487627924], [0.01579398577565739, 0.9997467149202591, 0.016032966645899403, -0.0008152391133935392], [-0.09538842191673, -0.014455273455075237, 0.9953351666818444, 0.0005187988300008328]]]
[[[707.0493, 0, 604.0814], [0, 707.0493, 180.5066], [0, 0, 1]], [[0.9953142850871222, -0.01726684982012167, 0.09513847696279364, 0.0004004317708323771], [0.015809906265776948, 0.999746245622423, 0.01604653319995527, -0.0016748614607432612], [-0.09539140823668554, -0.014467213316989705, 0.9953347070073778, 0.0016098022399972933]]]
[[[707.0493, 0, 604.0814], [0, 707.0493, 180.5066], [0, 0, 1]], [[0.9953189253825346, -0.017259589037601983, 0.09509123703901175, 0.00031181357179704486], [0.01580599769381454, 0.9997467585694119, 0.0160184008832646, -0.0011314788433839599], [-0.09534362701439232, -0.014440405680136974, 0.995339674418504, 0.001052856450002082]]]
[[[707.0493, 0, 604.0814], [0, 707.0493, 180.5066], [0, 0, 1]], [[0.9953304626166016, -0.0171907327630825, 0.09498288737709648, 0.00034682360807767], [0.01573947702133125, 0.999747985859914, 0.016007299339369015, -0.0012634042619402812], [-0.09523412755161301, -0.014437571683405079, 0.9953501984092683, 0.0009002685499979179]]]
[[[707.0493, 0, 604.0814], [0, 707.0493, 180.5066], [0, 0, 1]], [[0.9953146612902626, -0.017223201269866963, 0.09514245297798292, 0.00016998836883382176], [0.015762125119932708, 0.9997463494596169, 0.01608701817842939, -0.0006215794656884415], [-0.09539538999529078, -0.014511997801377467, 0.9953336734419564, 5.340575999923658e-05]]]
[[[707.0493, 0, 604.0814], [0, 707.0493, 180.5066], [0, 0, 1]], [[0.9953208243556285, -0.01719509218078048, 0.09508304480256494, 0.00019361428014599366], [0.01574032017817752, 0.9997476252316921, 0.016028978890766685, -0.0018353721953443384], [-0.09533466801075338, -0.014457338914428497, 0.9953402867496085, 0.0006484985400021515]]]
[[[707.0493, 0, 604.0814], [0, 707.0493, 180.5066], [0, 0, 1]], [[0.9953268426115656, -0.017188813063500046, 0.0950211612345362, 5.306165939562212e-05], [0.015733446323197144, 0.9997474871308745, 0.016044333650766254, -0.00136051229607424], [-0.09527295022033667, -0.014474345614572233, 0.9953459490425142, 0.00048065184999757093]]]
[[[707.0493, 0, 604.0814], [0, 707.0493, 180.5066], [0, 0, 1]], [[0.9953275943024862, -0.01713550877448879, 0.09502291491563958, 6.901756498044244e-05], [0.015673723684112965, 0.9997473910484633, 0.01610864605313459, -0.0012798660907505275], [-0.09527494112251939, -0.014544017011489978, 0.9953447428721719, 0.0001525878899997224]]]
[[[707.0493, 0, 604.0814], [0, 707.0493, 180.5066], [0, 0, 1]], [[0.9953314044231106, -0.017067438969295672, 0.0949952519663359, 4.976255605356749e-05], [0.015607080012485503, 0.9997486561846837, 0.016094828685103334, -0.0012573974490462025], [-0.09524607300357403, -0.014537089940848446, 0.9953476069160209, 0.0002517700200002082]]]
[[[707.0493, 0, 604.0814], [0, 707.0493, 180.5066], [0, 0, 1]], [[0.9953294587925391, -0.017095044784189092, 0.09501067257723199, 0.00021695673785227293], [0.0156339300187386, 0.9997481269478911, 0.01610164266007355, -0.0010139041750536631], [-0.09526200025152, -0.014541049068416134, 0.9953460248577222, 0.0008468628000031231]]]
[[[707.0493, 0, 604.0814], [0, 707.0493, 180.5066], [0, 0, 1]], [[0.9953355228521444, -0.017097350400143756, 0.09494670904219336, 7.735161377644087e-05], [0.015641989918420286, 0.9997488088269697, 0.01605139870687821, -0.0015788654773648246], [-0.0951972956550776, -0.014491371858793687, 0.9953529399371912, 0.0014266967699967381]]]
[[[707.0493, 0, 604.0814], [0, 707.0493, 180.5066], [0, 0, 1]], [[0.9953399654432057, -0.017108923317694844, 0.09489803967642109, -3.6379533032819555e-05], [0.015650024422324455, 0.9997479596261825, 0.01609639583465522, -0.000907230291385884], [-0.09514951354105286, -0.014536229435259179, 0.9953568546540013, 0.000350952150000694]]]
[[[707.0493, 0, 604.0814], [0, 707.0493, 180.5066], [0, 0, 1]], [[0.9953452446419411, -0.017109685995315985, 0.09484251480120232, -6.43698442551347e-05], [0.015653094202814907, 0.999748162419613, 0.016080807830606555, -0.0015771970060464826], [-0.09509376746428967, -0.014521376785580032, 0.9953623988305459, 0.0010833740300029149]]]
[[[707.0493, 0, 604.0814], [0, 707.0493, 180.5066], [0, 0, 1]], [[0.9953423529962664, -0.017161751467694424, 0.0948634524904986, 0.00018506578587765773], [0.015703823783097415, 0.9997471547657926, 0.01609398820342501, -0.0008310338698244956], [-0.0951156677443071, -0.01452930914612418, 0.9953601905467644, 0.0005340576099968075]]]
[[[707.0493, 0, 604.0814], [0, 707.0493, 180.5066], [0, 0, 1]], [[0.9953444056761527, -0.01711299873189318, 0.09485072147110102, 0.00029448804332795193], [0.015658058962235162, 0.9997483803976761, 0.016062412077843445, -0.001602781286754552], [-0.09510173120780363, -0.014502453813941498, 0.9953619138557859, 0.0011749267600009716]]]
[[[707.0493, 0, 604.0814], [0, 707.0493, 180.5066], [0, 0, 1]], [[0.9953486928387093, -0.017175598675823345, 0.09479440107094791, 0.00017746469065131403], [0.015717862162248724, 0.9997467853439421, 0.016103229598510644, -0.00028698576082613974], [-0.09504698034825317, -0.0145383632015731, 0.9953666196543351, 0.0012207031300022209]]]
[[[707.0493, 0, 604.0814], [0, 707.0493, 180.5066], [0, 0, 1]], [[0.9953396250317911, -0.017153714846965845, 0.09489352405998222, 0.000130461775378828], [0.015695816045056845, 0.9997473656111663, 0.01608870138366204, -0.00013192383781608606], [-0.09514553168832039, -0.014524290704949977, 0.9953574095666666, 9.918213000048581e-05]]]
[[[707.0493, 0, 604.0814], [0, 707.0493, 180.5066], [0, 0, 1]], [[0.9953432521436252, -0.017135539380212915, 0.09485875659263601, 7.858963942413256e-05], [0.015676957023223418, 0.9997474740501113, 0.016100346235843343, -0.00021690759434541754], [-0.09511069041198154, -0.01453827433264352, 0.9953605352578456, -1.525879000041641e-05]]]
[[[707.0493, 0, 604.0814], [0, 707.0493, 180.5066], [0, 0, 1]], [[0.995343130358812, -0.017167567998988092, 0.09485424321832536, 9.489126389484625e-05], [0.015708814002652335, 0.9997469100148378, 0.016104318626185925, -0.00020678532424877726], [-0.0951067085444091, -0.014539275249604602, 0.9953609011132922, -2.2888190002845477e-05]]]
[[[707.0493, 0, 604.0814], [0, 707.0493, 180.5066], [0, 0, 1]], [[0.9953510068106164, -0.01719413991207582, 0.09476673885797808, 0.00010409687072112948], [0.01573382829433711, 0.9997460168962204, 0.016135313673628617, -0.0002647392131248722], [-0.09502010254833745, -0.014569257113045641, 0.9953687341176021, 8.39233400000694e-05]]]
[[[707.0493, 0, 604.0814], [0, 707.0493, 180.5066], [0, 0, 1]], [[0.9953492763994319, -0.01715532758030445, 0.09479194431353208, -3.64833421457096e-05], [0.015698955030949577, 0.9997473214211675, 0.016088384696329717, -0.000559510119609785], [-0.09504399392946165, -0.01452542759485306, 0.9953670936750537, 0.00010681153000291488]]]
[[[707.0493, 0, 604.0814], [0, 707.0493, 180.5066], [0, 0, 1]], [[0.9953458289185394, -0.01720448893690106, 0.09481923019559776, -4.528081538801684e-05], [0.015748680367359262, 0.9997466651026605, 0.01608056848484002, -0.0005870971981959592], [-0.09507186713824686, -0.0145124490189949, 0.9953646210823041, 0.0002365112299997918]]]
[[[707.0493, 0, 604.0814], [0, 707.0493, 180.5066], [0, 0, 1]], [[0.9953528555033972, -0.01715469058212919, 0.09475447024950591, -4.200948115676975e-05], [0.015701002682671616, 0.999747649507902, 0.01606598326228561, -0.001144715962114227], [-0.09500616588407212, -0.014503582125003148, 0.9953710235633503, 0.00012207030999888957]]]
[[[707.0493, 0, 604.0814], [0, 707.0493, 180.5066], [0, 0, 1]], [[0.9953506389661966, -0.017160909473969737, 0.094776625259662, -0.00013254346133581422], [0.0157029589150153, 0.9997469503663056, 0.016107523539802764, -0.0013070081909604691], [-0.09502906182267364, -0.01454436039494946, 0.9953682429080226, 0.000419616700000347]]]
