[[[707.0493, 0, 604.0814], [0, 707.0493, 180.5066], [0, 0, 1]], [[-0.06990721548506137, 0.039423663360546715, 0.9967741750217849, 0.0], [0.003609926549858419, 0.9992222209270442, -0.0392673100164779, 0.0], [-0.9975469661391537, 0.000853213255783734, -0.06999515964486638, 0.0]]]
[[[707.0493, 0, 604.0814], [0, 707.0493, 180.5066], [0, 0, 1]], [[-0.07045995180097574, 0.038376191418196, 0.9967761349091571, -0.06699210048153735], [0.0035435250422285445, 0.9992630104124506, -0.03822145276833114, -1.156320022059273], [-0.9975083150643304, 0.0008390194757264939, -0.07054401054547492, 0.007698059079999098]]]
[[[707.0493, 0, 604.0814], [0, 707.0493, 180.5066], [0, 0, 1]], [[-0.07105280125312463, 0.03540265866330056, 0.9968440957309492, -0.07454826135359843], [0.003387945861880978, 0.9993727484656355, -0.035250977959182445, -1.2684180198326396], [-0.9974668020826162, 0.000872573098160088, -0.07112817556543562, 0.005584716800001388]]]
[[[707.0493, 0, 604.0814], [0, 707.0493, 180.5066], [0, 0, 1]], [[-0.07153719417105969, 0.03361755585868541, 0.9968712503569457, -0.0684320052414225], [0.003322283519677025, 0.9994343487591772, -0.03346557862243161, -1.14994749700806], [-0.9974323998559236, 0.000917855330340956, -0.07160841612021299, 0.006881713870001249]]]
[[[707.0493, 0, 604.0814], [0, 707.0493, 180.5066], [0, 0, 1]], [[-0.0719717847489165, 0.03202965386321188, 0.996892252690058, -0.07492208219759658], [0.0032512311299866753, 0.9994864705743096, -0.031878278420408676, -1.2584599562412704], [-0.9974013694076197, 0.000946790532548777, -0.07203896092735125, 0.004692077629997016]]]
[[[707.0493, 0, 604.0814], [0, 707.0493, 180.5066], [0, 0, 1]], [[-0.07225875276025936, 0.03085477862978844, 0.9969085491083114, -0.06576198134504099], [0.003241748923097405, 0.9995233643079798, -0.030700737228559902, -1.1337632920245966], [-0.9973806513630848, 0.0010133302345422647, -0.07232433510502849, 0.004028320320003331]]]
[[[707.0493, 0, 604.0814], [0, 707.0493, 180.5066], [0, 0, 1]], [[-0.07257644281467225, 0.029595941692983203, 0.9969236380905381, -0.06823157926063483], [0.003281527478259958, 0.9995612996407308, -0.029435350141325325, -1.1342482757747037], [-0.9973574542388391, 0.0011351193058592342, -0.07264172339904548, 0.0023040771399962523]]]
[[[707.0493, 0, 604.0814], [0, 707.0493, 180.5066], [0, 0, 1]], [[-0.072776246562391, 0.028674981946069687, 0.9969359875873087, -0.07580651770000274], [0.0033444549663048926, 0.9995879945770266, -0.02850711697903343, -1.2439428259921512], [-0.9973426856187739, 0.0012595665407253878, -0.0728421645399219, 0.00048828125]]]
[[[707.0493, 0, 604.0814], [0, 707.0493, 180.5066], [0, 0, 1]], [[-0.07302703263672689, 0.029337828062978355, 0.9968983620955656, -0.06592400008405705], [0.003426456610004302, 0.9995687260700548, -0.02916541201127909, -1.1234765293087026], [-0.9973240756641615, 0.0012859654874935488, -0.07309606277625896, 0.0027084350600006246]]]
[[[707.0493, 0, 604.0814], [0, 707.0493, 180.5066], [0, 0, 1]], [[-0.07343011946012315, 0.03171618559981237, 0.9967959174911736, -0.06293538967727591], [0.0035373647650195554, 0.9994961829004275, -0.03154151895509038, -1.1219133479359522], [-0.9972940913324371, 0.0012099332516225915, -0.07350531582773709, 0.007049560550001388]]]
[[[707.0493, 0, 604.0814], [0, 707.0493, 180.5066], [0, 0, 1]], [[-0.07364846534081465, 0.02865350844941998, 0.9968725495300198, -0.06645147050204744], [0.0035021165341147724, 0.9995884316593234, -0.028472837453185275, -1.2420878755386227], [-0.9972781150374875, 0.0013941830557886643, -0.07371850188984207, 0.02055358887000125]]]
[[[707.0493, 0, 604.0814], [0, 707.0493, 180.5066], [0, 0, 1]], [[-0.07408773274286624, 0.024625472651413415, 0.9969476385215604, -0.06405841617522534], [0.0035445388087825738, 0.9996952609386528, -0.024429930442634643, -1.1236755279065525], [-0.9972454282179761, 0.0017237614375030844, -0.07415244126023039, 0.02197265625]]]
[[[707.0493, 0, 604.0814], [0, 707.0493, 180.5066], [0, 0, 1]], [[-0.07467149642785596, 0.026970212456597097, 0.9968434055864897, -0.06840307290342607], [0.003734518355242163, 0.9996347509017677, -0.026765988907853568, -1.1158827591279947], [-0.997201193838976, 0.0017240735503440336, -0.07474494348458598, 0.015762329099999306]]]
[[[707.0493, 0, 604.0814], [0, 707.0493, 180.5066], [0, 0, 1]], [[-0.07497462790158803, 0.03334144782565782, 0.9966278909542454, -0.07984549803971738], [0.0038991161864655247, 0.9994430372334417, -0.033142302553648764, -1.2254773077663075], [-0.9971778186782851, 0.0014011361397410292, -0.0750628720043075, -0.003181457520000208]]]
[[[707.0493, 0, 604.0814], [0, 707.0493, 180.5066], [0, 0, 1]], [[-0.07483241703992441, 0.038636854468135674, 0.9964473407244214, -0.07640492832206934], [0.00413029630029303, 0.9992525493339819, -0.03843544330445519, -1.119467297059582], [-0.9971875701253173, 0.0012394056423575446, -0.07493606515703287, -0.006889343259999237]]]
[[[707.0493, 0, 604.0814], [0, 707.0493, 180.5066], [0, 0, 1]], [[-0.0750192061961431, 0.03991179096166955, 0.9963830426316641, -0.08248985453033518], [0.004201634595071174, 0.9992024773659461, -0.03970838063287827, -1.2283433818728158], [-0.9971732371902237, 0.0012075462674506455, -0.07512707144286873, -0.004058837889999722]]]
[[[707.0493, 0, 604.0814], [0, 707.0493, 180.5066], [0, 0, 1]], [[-0.07549495535417701, 0.03744865488126492, 0.996442727889393, -0.07264352580259786], [0.004158989054790981, 0.9992976644437214, -0.03724084649099486, -1.1151010008831546], [-0.9971375103395284, 0.001332698355828636, -0.07559768110847992, -0.0013885498100023597]]]
[[[707.0493, 0, 604.0814], [0, 707.0493, 180.5066], [0, 0, 1]], [[-0.0761963850428086, 0.03515322647025973, 0.9964729607847564, -0.0721223368795652], [0.004077573039337158, 0.9993809529076968, -0.03494401756256406, -1.111848721112732], [-0.9970844920589814, 0.0014005834621845991, -0.07629255574070468, -0.004295349119999514]]]
[[[707.0493, 0, 604.0814], [0, 707.0493, 180.5066], [0, 0, 1]], [[-0.07703742384321068, 0.0355480080914162, 0.9963942866397489, -0.07880082883463112], [0.004071282863222953, 0.9993670792812298, -0.035339291231600005, -1.2202746379795408], [-0.9970198894623161, 0.0013341550272822408, -0.07713339125770391, -0.003593444819998126]]]
[[[707.0493, 0, 604.0814], [0, 707.0493, 180.5066], [0, 0, 1]], [[-0.07759969450557758, 0.03859082485503646, 0.9962374393936664, -0.07428565311504], [0.004161930603774212, 0.9992544143815038, -0.03838350782207659, -1.1071358176056538], [-0.9969759103139305, 0.0011677226065925663, -0.07770244962434358, 0.001815795900000694]]]
[[[707.0493, 0, 604.0814], [0, 707.0493, 180.5066], [0, 0, 1]], [[-0.07808308733479681, 0.04164277238023575, 0.9960767595826913, -0.07586804372337733], [0.004269614416792795, 0.9991320455018603, -0.041435806303253664, -1.1071324806630172], [-0.9969377121289967, 0.0010174280105818287, -0.07819311334922581, 0.014915466299996183]]]
[[[707.0493, 0, 604.0814], [0, 707.0493, 180.5066], [0, 0, 1]], [[-0.07863575680336951, 0.04532889644274397, 0.9958723356431005, -0.08447797706884036], [0.004439844140643309, 0.9989717353907345, -0.04511939355123268, -1.2152943269698209], [-0.9968935276828554, 0.0008735202958235351, -0.07875615167289896, 0.01944732665999993]]]
[[[707.0493, 0, 604.0814], [0, 707.0493, 180.5066], [0, 0, 1]], [[-0.07912058152227062, 0.04634475767380325, 0.995787174558768, -0.0767627835342454], [0.004535322953895864, 0.9989251287638836, -0.046130445150275784, -1.1006518353508215], [-0.9968547358694152, 0.000866348783800459, -0.07924572552827827, 0.015167236330000833]]]
[[[707.0493, 0, 604.0814], [0, 707.0493, 180.5066], [0, 0, 1]], [[-0.07974517572408302, 0.0455387085003182, 0.9957745392290658, -0.07539858042589813], [0.004595288322916443, 0.9989621115888857, -0.045316475316421356, -1.1019949942805927], [-0.9968046901344136, 0.0009621008250727351, -0.07987167262576893, 0.02099609375]]]
[[[707.0493, 0, 604.0814], [0, 707.0493, 180.5066], [0, 0, 1]], [[-0.08037061947542247, 0.04587928130598098, 0.9957086195629641, -0.08127735483799421], [0.004691487474888332, 0.9989464883744117, -0.0456497898100793, -1.2061279202186452], [-0.9967540085048114, 0.0010024526313590957, -0.08050119016705326, 0.00777435303000118]]]
[[[707.0493, 0, 604.0814], [0, 707.0493, 180.5066], [0, 0, 1]], [[-0.08086285538013166, 0.04549843797183724, 0.9956862411231235, -0.07461600559274977], [0.004621888023355177, 0.9989639665935522, -0.04527285719695642, -1.0885729700420435], [-0.996714521199963, 0.0009410578087036595, -0.08098936744616049, -0.00968170165999993]]]
[[[707.0493, 0, 604.0814], [0, 707.0493, 180.5066], [0, 0, 1]], [[-0.08111088832196311, 0.05031752756887053, 0.9954341616676504, -0.0832155978810912], [0.004596435922345709, 0.9987331401809233, -0.050109754351464336, -1.1945646275642672], [-0.9966944850717464, 0.0005110026499766448, -0.08123941348789958, -0.0031967163100006246]]]
[[[707.0493, 0, 604.0814], [0, 707.0493, 180.5066], [0, 0, 1]], [[-0.08201716845690896, 0.053139392929970365, 0.9952132379532264, -0.07340834030385343], [0.0045448677700289375, 0.9985870879704601, -0.0529449895233656, -1.0922629583643564], [-0.9966205537993204, 0.00018071444479260187, -0.08214279692721373, 0.004821777339998334]]]
[[[707.0493, 0, 604.0814], [0, 707.0493, 180.5066], [0, 0, 1]], [[-0.08275495785055473, 0.049444728688507196, 0.9953425720605307, -0.07284161514944071], [0.004430955248105068, 0.9987768052237762, -0.04924692866134941, -1.0912017797814562], [-0.996560075252236, 0.00033489088769475924, -0.0828728197984788, 0.00019073487000298428]]]
[[[707.0493, 0, 604.0814], [0, 707.0493, 180.5066], [0, 0, 1]], [[-0.08312986238668965, 0.04486398654018016, 0.9955283264133133, -0.08182243177162041], [0.004284976859539441, 0.9989929513535482, -0.04466231206779067, -1.196540378186576], [-0.996529510327157, 0.0005530439856302476, -0.08323838771544477, -0.001113891599999306]]]
[[[707.0493, 0, 604.0814], [0, 707.0493, 180.5066], [0, 0, 1]], [[-0.0830847125290961, 0.046555799051724044, 0.9954544128781655, -0.07645897887814189], [0.004366375940995622, 0.9989155681385176, -0.04635323604285576, -1.0763998886633919], [-0.9965329223387953, 0.000495282907335137, -0.08319789294052071, -0.00289154053000118]]]
[[[707.0493, 0, 604.0814], [0, 707.0493, 180.5066], [0, 0, 1]], [[-0.08344301971819044, 0.04631043506349047, 0.9954358874706799, -0.07592486773187207], [0.004440767302280178, 0.9989269314833179, -0.04610059807735594, -1.0709106788845455], [-0.9965026553131089, 0.0005737260262068618, -0.08355913350657829, 0.00029754639000145744]]]
[[[707.0493, 0, 604.0814], [0, 707.0493, 180.5066], [0, 0, 1]], [[-0.08349775799315404, 0.041829785857241585, 0.9956296467187253, -0.08241033820575414], [0.004329558856104382, 0.9991244017219116, -0.041613517082113256, -1.1724645156865459], [-0.9964985596227565, 0.0008360017757848606, -0.08360575201983818, 0.0020751953099988896]]]
[[[707.0493, 0, 604.0814], [0, 707.0493, 180.5066], [0, 0, 1]], [[-0.08346754434360384, 0.042342200053842975, 0.9956105197997102, -0.07546221872871323], [0.0043921865057863175, 0.9991027992994019, -0.04212250146652671, -1.056677086011429], [-0.9965008167276869, 0.0008570453310623519, -0.08357863204404335, 0.0010910034200009022]]]
[[[707.0493, 0, 604.0814], [0, 707.0493, 180.5066], [0, 0, 1]], [[-0.08314097642181949, 0.043660026882522726, 0.9955809259383406, -0.07553475981228054], [0.004397012317232578, 0.9990461530894764, -0.043444795773490696, -1.051179643737437], [-0.9965280950993346, 0.0007655388530981462, -0.0832536463342948, -0.002380371100002776]]]
[[[707.0493, 0, 604.0814], [0, 707.0493, 180.5066], [0, 0, 1]], [[-0.0830053918837414, 0.04367965473140103, 0.9955913783680392, -0.08427351618830618], [0.004337570308216895, 0.9990453359689948, -0.043469554430881095, -1.1505778645990867], [-0.9965396582184012, 0.0007102402013790267, -0.0831156131951666, -0.007766723629998751]]]
[[[707.0493, 0, 604.0814], [0, 707.0493, 180.5066], [0, 0, 1]], [[-0.08295120776454742, 0.04211264194697955, 0.9956634082453006, -0.0811509573265659], [0.004362271140947395, 0.9991124920556308, -0.041895092897376335, -1.04410723013965], [-0.996544062107088, 0.0008681051966405212, -0.08306129467129572, -0.006828308110002013]]]
[[[707.0493, 0, 604.0814], [0, 707.0493, 180.5066], [0, 0, 1]], [[-0.08258439490523667, 0.03838322710681061, 0.9958446392861704, -0.08500652543904973], [0.004199976205555893, 0.9992625610107587, -0.038166665587818414, -1.1330518356209804], [-0.9965752244151009, 0.0010305528063118035, -0.08268470259307172, -0.0018386840799990978]]]
[[[707.0493, 0, 604.0814], [0, 707.0493, 180.5066], [0, 0, 1]], [[-0.08228244161866051, 0.0394935917390528, 0.9958262177773896, -0.0776323926359115], [0.004192044441626793, 0.9992193794129226, -0.0392817841887722, -1.0237658506380756], [-0.996600234078174, 0.000942346646870468, -0.08238376914250756, -0.005943298340000069]]]
[[[707.0493, 0, 604.0814], [0, 707.0493, 180.5066], [0, 0, 1]], [[-0.08159675080370067, 0.04037140506489503, 0.9958474380703929, -0.07714744442967987], [0.004232868850936798, 0.9991843018680403, -0.040159852113369005, -1.0074200220788851], [-0.9966564368324571, 0.0009383781556853358, -0.08170107934946386, -0.0015563964799980567]]]
[[[707.0493, 0, 604.0814], [0, 707.0493, 180.5066], [0, 0, 1]], [[-0.0809602847311732, 0.03573184374765281, 0.9960766374324019, -0.0828658576264557], [0.003889080940133683, 0.9993609164371547, -0.035533558044914725, -1.0968132376871387], [-0.9967097407699438, 0.0009970156887228376, -0.08104750837643306, 0.00500488280999889]]]
[[[707.0493, 0, 604.0814], [0, 707.0493, 180.5066], [0, 0, 1]], [[-0.08043996977647795, 0.03702608943207712, 0.9960715235181292, -0.07188978384404623], [0.003835384403842137, 0.9993139316445495, -0.036836881621380504, -0.9788272520535498], [-0.9967520760393901, 0.0008571595421291657, -0.08052679174464396, 0.000694274899998959]]]
[[[707.0493, 0, 604.0814], [0, 707.0493, 180.5066], [0, 0, 1]], [[-0.07972867677292694, 0.0343925305709797, 0.9962231135347958, -0.07103459810169956], [0.00355042967337147, 0.9994080746239135, -0.03421834048659924, -0.9661698555779109], [-0.9968102791149239, 0.0008088370952304227, -0.07980359160702478, -0.004890441889997987]]]
[[[707.0493, 0, 604.0814], [0, 707.0493, 180.5066], [0, 0, 1]], [[-0.07930287290848352, 0.028764249966520213, 0.9964354832463186, -0.07730040786396747], [0.0032413255165255786, 0.9995857605103095, -0.028597223535200694, -1.048258842823243], [-0.996845298006344, 0.0009619297738702737, -0.07936325682425911, 0.0060501098599985426]]]
[[[707.0493, 0, 604.0814], [0, 707.0493, 180.5066], [0, 0, 1]], [[-0.07840568056735064, 0.02442717329913767, 0.9966222265529625, -0.06903706917513851], [0.0030483008292980906, 0.9997009670283976, -0.024262818973502017, -0.9350809789559148], [-0.9969168757307826, 0.0011356615255984513, -0.07845669605632524, 0.006317138669999167]]]
[[[707.0493, 0, 604.0814], [0, 707.0493, 180.5066], [0, 0, 1]], [[-0.07756584724706672, 0.02192638535069397, 0.9967460925262249, -0.07696702471163337], [0.0028855384830925265, 0.999758882443376, -0.02176811069510831, -1.0100652952278486], [-0.996983055527278, 0.0011876872588225157, -0.07761041418822558, -0.0032653808600002776]]]
[[[707.0493, 0, 604.0814], [0, 707.0493, 180.5066], [0, 0, 1]], [[-0.07710939199514012, 0.02131772397137774, 0.9967947112173199, -0.0660952158435715], [0.0027632403348377362, 0.9997721217373539, -0.021167642751185937, -0.9010457171390166], [-0.9970188093356072, 0.0011221592890743488, -0.07715072643558321, -0.0004501342699967381]]]
[[[707.0493, 0, 604.0814], [0, 707.0493, 180.5066], [0, 0, 1]], [[-0.07651887160563699, 0.019799961396089548, 0.9968715182092993, -0.06534149431950058], [0.0025889319571295363, 0.9998033819959606, -0.01965947051068396, -0.8880808674779851], [-0.9970647720782845, 0.0010765120308024608, -0.07655508737063882, 0.0017547607399990284]]]
[[[707.0493, 0, 604.0814], [0, 707.0493, 180.5066], [0, 0, 1]], [[-0.0757126597197205, 0.01849931977755172, 0.9969580574557455, -0.06867399676874608], [0.0026206281070393672, 0.9998281248757529, -0.018353555943208255, -0.95213637414377], [-0.9971262334661998, 0.0012230597711329148, -0.07574812643429424, -0.0032958984400011104]]]
[[[707.0493, 0, 604.0814], [0, 707.0493, 180.5066], [0, 0, 1]], [[-0.07468258146939062, 0.01691050319900146, 0.9970639632975532, -0.06427846801318184], [0.0026314086515571073, 0.9998560659643771, -0.01676075901466036, -0.8477864291691853], [-0.9972038847264768, 0.0013719459885758042, -0.07471633054846905, -0.002410888669999167]]]
[[[707.0493, 0, 604.0814], [0, 707.0493, 180.5066], [0, 0, 1]], [[-0.07412982479917544, 0.01646371006591945, 0.9971126893817512, -0.060193428989293446], [0.0026299685734892156, 0.9998634654489916, -0.016313605537568117, -0.8230309234531442], [-0.9972451315201022, 0.0014130503169585366, -0.07416300255690657, -0.002334594730001527]]]
[[[707.0493, 0, 604.0814], [0, 707.0493, 180.5066], [0, 0, 1]], [[-0.07323444466697974, 0.021596102966870957, 0.9970809016579164, -0.06576612451177434], [0.002745599612536761, 0.9997660964335715, -0.021452601351502596, -0.8805697439293686], [-0.997310973466695, 0.0011665155906203874, -0.07327660912112487, -0.009422302239997293]]]
[[[707.0493, 0, 604.0814], [0, 707.0493, 180.5066], [0, 0, 1]], [[-0.07257013634264924, 0.02499978214147752, 0.9970499416799982, -0.0540258430289354], [0.0028136464986408777, 0.9996869552753983, -0.024861111109207756, -0.7765436041075405], [-0.9973593428171162, 0.00100117185455306, -0.0726177591937927, -0.004058837889999722]]]
[[[707.0493, 0, 604.0814], [0, 707.0493, 180.5066], [0, 0, 1]], [[-0.07198821780692356, 0.025844618898265125, 0.9970705853503985, -0.0510847256087647], [0.0027881287475771985, 0.9996655402897463, -0.02571057944303263, -0.7553167966742753], [-0.9974015855386785, 0.0009291023694918266, -0.07203619877337461, 0.002296447749998265]]]
[[[707.0493, 0, 604.0814], [0, 707.0493, 180.5066], [0, 0, 1]], [[-0.07157758403298717, 0.024481253057647125, 0.9971345534644399, -0.055020515251648666], [0.002746490216988881, 0.9996997931389338, -0.024347081744244468, -0.8070378196893149], [-0.9974312538994798, 0.0009959150066049945, -0.07162333347318439, 0.0017242431599981956]]]
[[[707.0493, 0, 604.0814], [0, 707.0493, 180.5066], [0, 0, 1]], [[-0.0709101342800598, 0.024901816068548452, 0.997171826924965, -0.04857962277571725], [0.0027888430541627147, 0.9996893764587016, -0.02476636731600936, -0.7097721912864892], [-0.9974788094043919, 0.0010247692913189256, -0.0709575551798146, -0.0012817382799994448]]]
[[[707.0493, 0, 604.0814], [0, 707.0493, 180.5066], [0, 0, 1]], [[-0.07053493128953575, 0.023954364149582873, 0.997221646328523, -0.05294871987414164], [0.0028103277223289706, 0.9997124226401255, -0.02381541679467696, -0.7539200221972037], [-0.9975053511265358, 0.001122700850739389, -0.07058196665385692, 0.0014572143600020127]]]
[[[707.0493, 0, 604.0814], [0, 707.0493, 180.5066], [0, 0, 1]], [[-0.07036400438424499, 0.023672262154200627, 0.9972404579094837, -0.043696481726807894], [0.002840588472065135, 0.999719079835517, -0.023530670835308475, -0.660906117918552], [-0.9975173371646963, 0.0011770375227947642, -0.07041148087154261, 0.006164550779999445]]]
[[[707.0493, 0, 604.0814], [0, 707.0493, 180.5066], [0, 0, 1]], [[-0.06993218167568256, 0.022909175404664035, 0.9972886541259545, -0.042587520683393464], [0.002804383662358798, 0.9997368247875351, -0.022768763603047373, -0.6375042269385685], [-0.9975478060716457, 0.0012045106954676438, -0.06997802337613489, 0.006332397459999584]]]
[[[707.0493, 0, 604.0814], [0, 707.0493, 180.5066], [0, 0, 1]], [[-0.06981507387132871, 0.02148964385321083, 0.9973284567620655, -0.04235645373219129], [0.0027364754206473077, 0.9997683037376844, -0.021350656752083478, -0.6751660735869424], [-0.9975561974959672, 0.0012385671298934125, -0.06985770386186221, 0.0038452148399983344]]]
[[[707.0493, 0, 604.0814], [0, 707.0493, 180.5066], [0, 0, 1]], [[-0.0694995930316814, 0.021757975358839676, 0.9973446731580385, -0.038628467800492616], [0.0027366390512144553, 0.999762514547971, -0.02162002107818501, -0.5912837594654141], [-0.9975782261933818, 0.0012267897138147732, -0.06954263161445683, 0.00521087647000229]]]
[[[707.0493, 0, 604.0814], [0, 707.0493, 180.5066], [0, 0, 1]], [[-0.06914825043012632, 0.02192325060360241, 0.9973654749114911, -0.03628718503869617], [0.0027845825288560534, 0.9997588487391644, -0.021782802112692956, -0.5694579534407215], [-0.9976025087992675, 0.001271003820764382, -0.06919262234295703, 0.004425048830000833]]]
[[[707.0493, 0, 604.0814], [0, 707.0493, 180.5066], [0, 0, 1]], [[-0.06907443471664326, 0.022261685156844326, 0.9973630932827592, -0.037509316769463084], [0.002880344792939537, 0.9997512730623934, -0.02211550641512921, -0.6032395989231604], [-0.9976073506557828, 0.0013451334883097172, -0.06912137537295286, 0.0036392211899993754]]]
[[[707.0493, 0, 604.0814], [0, 707.0493, 180.5066], [0, 0, 1]], [[-0.06893151395016954, 0.021945814279110007, 0.9973799815617739, -0.03204850248249463], [0.00285967730722014, 0.9997582508981544, -0.021800504736395127, -0.5260650730011969], [-0.9976172956751683, 0.0013494431035902888, -0.06897760776566567, 0.002922058099997571]]]
[[[707.0493, 0, 604.0814], [0, 707.0493, 180.5066], [0, 0, 1]], [[-0.06887793415886245, 0.02174223313277452, 0.9973881418406816, -0.03069597629134624], [0.0028273035918947344, 0.9997627220645262, -0.021598748216695385, -0.5074900995792415], [-0.997621088660623, 0.0013322419183559814, -0.06892306283867765, 0.002449035650002429]]]
[[[707.0493, 0, 604.0814], [0, 707.0493, 180.5066], [0, 0, 1]], [[-0.06855329914424155, 0.022112403864680986, 0.9974023695438894, -0.03465818106882639], [0.002830458640130816, 0.9997546234622481, -0.021970010690597983, -0.5373378200677389], [-0.9976434401530071, 0.0013169894394877027, -0.0685990660176189, -0.0007095336899993754]]]
[[[707.0493, 0, 604.0814], [0, 707.0493, 180.5066], [0, 0, 1]], [[-0.06838682651988952, 0.023207163750663697, 0.997388925900618, -0.029430192200505804], [0.002847835807378716, 0.9997298797536276, -0.023066368570097605, -0.46780711925640367], [-0.997654815950764, 0.0012629641512156796, -0.06843444404537817, -0.0008621215799990978]]]
[[[707.0493, 0, 604.0814], [0, 707.0493, 180.5066], [0, 0, 1]], [[-0.06803931009806907, 0.0243065551231166, 0.9973865066559832, -0.02983289816952652], [0.0028245037637262245, 0.9997038643594599, -0.02417034884421949, -0.4905962181056668], [-0.9976786428804956, 0.0011725880817492207, -0.06808781518981974, 0.0017242431599981956]]]
[[[707.0493, 0, 604.0814], [0, 707.0493, 180.5066], [0, 0, 1]], [[-0.06787832419018501, 0.025067779768808127, 0.9973786339813957, -0.026260595400498632], [0.0028297880447392303, 0.9996851152404406, -0.024933163985520555, -0.4249063398498954], [-0.9976895937137733, 0.0011299487464226884, -0.06792788684389102, -0.0024948120099992366]]]
[[[707.0493, 0, 604.0814], [0, 707.0493, 180.5066], [0, 0, 1]], [[-0.06754789477668738, 0.024351840355603227, 0.9974188036038487, -0.026367327868729015], [0.002803494748518664, 0.9997027764997091, -0.02421774299904633, -0.40334983347390646], [-0.9977120939070713, 0.0011604008221487193, -0.06759608821151827, -0.0007476806700026373]]]
[[[707.0493, 0, 604.0814], [0, 707.0493, 180.5066], [0, 0, 1]], [[-0.06748636666703185, 0.024619848701165417, 0.9974163891595198, -0.025206054547894326], [0.002794248466221775, 0.9996962418607676, -0.024487061582942733, -0.4215033364980384], [-0.9977162835644169, 0.001134486399008787, -0.06753466110834135, -0.0012054443299973627]]]
[[[707.0493, 0, 604.0814], [0, 707.0493, 180.5066], [0, 0, 1]], [[-0.06720204619189687, 0.02396191698261217, 0.9974516086117364, -0.020960986616035994], [0.0027144213625577202, 0.9997122604131853, -0.023833344209867376, -0.3621030039155689], [-0.9977356949133817, 0.0011058544560343738, -0.06724775224223795, 0.002082824699996877]]]
[[[707.0493, 0, 604.0814], [0, 707.0493, 180.5066], [0, 0, 1]], [[-0.06723742632499882, 0.023928466674006253, 0.9974500273115549, -0.019610326369883038], [0.0027284444425646486, 0.9997130443962288, -0.023798833058531824, -0.341162068611634], [-0.9977332730204572, 0.0011213146993601885, -0.06728341966064749, 0.0026473999100034007]]]
[[[707.0493, 0, 604.0814], [0, 707.0493, 180.5066], [0, 0, 1]], [[-0.06696113995532778, 0.02318631863165912, 0.9974861404371463, -0.022079051956591274], [0.0026959715864051637, 0.9997305052162351, -0.023057508046117614, -0.35235706380822307], [-0.9977519418538299, 0.0011452372691543192, -0.06700560393361915, -0.003166198729999792]]]
[[[707.0493, 0, 604.0814], [0, 707.0493, 180.5066], [0, 0, 1]], [[-0.06683882657070153, 0.02325457670261823, 0.9974927548233288, -0.01799093011920657], [0.0027080517936362123, 0.9997289078829855, -0.023125250238129173, -0.29601501623154125], [-0.997760110306147, 0.0011555974537680522, -0.06688368168985749, 0.0013732910099975015]]]
[[[707.0493, 0, 604.0814], [0, 707.0493, 180.5066], [0, 0, 1]], [[-0.06684140698498114, 0.022061240687762034, 0.9975196880120135, -0.016902867268628118], [0.002668723062371922, 0.9997559056552999, -0.021931872345227733, -0.2752503895801189], [-0.9977600434119841, 0.001196146591197685, -0.06688396671735228, 0.0013580322300015268]]]
[[[707.0493, 0, 604.0814], [0, 707.0493, 180.5066], [0, 0, 1]], [[-0.06673365433401818, 0.02194746037081099, 0.9975294122794072, -0.016894013827078624], [0.002666426112434931, 0.9997584006965434, -0.021818121103262457, -0.27696273592443155], [-0.9977672622165025, 0.001203835520900817, -0.06677605281104833, -0.001121521000001735]]]
[[[707.0493, 0, 604.0814], [0, 707.0493, 180.5066], [0, 0, 1]], [[-0.0663680317861475, 0.022651890637780846, 0.9975380575233043, -0.01409972063849993], [0.0026699648062959683, 0.9997427301387922, -0.022524316250824662, -0.23040734200059546], [-0.9977916393941002, 0.0011684969696320955, -0.06641143704262019, -0.005134582520000208]]]
[[[707.0493, 0, 604.0814], [0, 707.0493, 180.5066], [0, 0, 1]], [[-0.06647703715655734, 0.022533859200736087, 0.997533472481203, -0.013790286240797351], [0.0026907966239071573, 0.9997453664325916, -0.02240450646838144, -0.2299793099500554], [-0.9977843269687164, 0.0011947744910138821, -0.06652074390369636, -0.006729125969997085]]]
[[[707.0493, 0, 604.0814], [0, 707.0493, 180.5066], [0, 0, 1]], [[-0.0664871608968289, 0.022575461484928325, 0.9975318571226794, -0.010110726732116541], [0.0027119846475155565, 0.999744405918711, -0.022444776085209082, -0.18585272576884332], [-0.9977835950621512, 0.0012130016430537951, -0.06653139147697967, 0.004425048819996391]]]
[[[707.0493, 0, 604.0814], [0, 707.0493, 180.5066], [0, 0, 1]], [[-0.06646598132887749, 0.022822833347474092, 0.997527639518817, -0.00868533284380652], [0.0027414136436514297, 0.9997387729021402, -0.022690760396191664, -0.16481579527190013], [-0.9977849257115602, 0.0012264722240649818, -0.06651118544019409, 0.010002136229999792]]]
[[[707.0493, 0, 604.0814], [0, 707.0493, 180.5066], [0, 0, 1]], [[-0.06656494105558125, 0.02233594888637671, 0.9975320616449439, -0.007388919298528869], [0.002739094193720141, 0.9997497346120426, -0.02220282653510925, -0.1617925473734275], [-0.9977783350951578, 0.001254404438524505, -0.06660946242268952, 0.011161804200000347]]]
[[[707.0493, 0, 604.0814], [0, 707.0493, 180.5066], [0, 0, 1]], [[-0.06632857407406292, 0.021487175867775134, 0.9975664496836935, -0.004946623230962512], [0.0026826612820979355, 0.9997683304995448, -0.021356232312810346, -0.12690088949999978], [-0.9977942290822026, 0.0012596044539832053, -0.06637085058120339, 0.015579223640003192]]]
[[[707.0493, 0, 604.0814], [0, 707.0493, 180.5066], [0, 0, 1]], [[-0.06624926474152568, 0.02128120598187216, 0.9975761350359001, -0.0057319181943553885], [0.00266830560653622, 0.9997727347438712, -0.021150863054523582, -0.11122224713339623], [-0.9977995365134208, 0.0012606088680521383, -0.06629099334664112, 0.010383605949996877]]]
[[[707.0493, 0, 604.0814], [0, 707.0493, 180.5066], [0, 0, 1]], [[-0.06616739115734784, 0.021958373091257172, 0.9975668930947016, -0.006487279056918778], [0.002692645031782884, 0.9997581146485017, -0.021828006258153412, -0.10344460524852006], [-0.9978049037813772, 0.0012417913102942624, -0.06621051233889023, 0.01103210450000347]]]
[[[707.0493, 0, 604.0814], [0, 707.0493, 180.5066], [0, 0, 1]], [[-0.06601788254109815, 0.022944557785667927, 0.9975546032437571, -0.004591596129860891], [0.0027100363620391624, 0.9997360221647132, -0.0228153827316653, -0.07819021080089224], [-0.9978147598065015, 0.0011971859906008528, -0.0660626358692848, 0.007331848139997987]]]
[[[707.0493, 0, 604.0814], [0, 707.0493, 180.5066], [0, 0, 1]], [[-0.06612906364969498, 0.0231288184642531, 0.9975429838845353, -0.0022885601995865077], [0.002701948514301882, 0.9997318034097393, -0.023000450546379166, -0.06644004461663922], [-0.9978074195029022, 0.0011743115251059168, -0.06617382093699405, 0.009147644039998681]]]
[[[707.0493, 0, 604.0814], [0, 707.0493, 180.5066], [0, 0, 1]], [[-0.06611978331859016, 0.023168148280735615, 0.9975426863844699, -0.0016511064806293263], [0.002684614586390865, 0.9997309157566806, -0.023041026991682752, -0.057370634457410946], [-0.9978080812954089, 0.0011545499342874251, -0.06616418907554156, 0.013893127439999375]]]
[[[707.0493, 0, 604.0814], [0, 707.0493, 180.5066], [0, 0, 1]], [[-0.0660045763819772, 0.02318261585396985, 0.9975499798099356, -0.0006242832722955776], [0.0026689621724618477, 0.9997305964154661, -0.023056696027370285, -0.03892213527131053], [-0.9978157507964873, 0.0011405757071982065, -0.0660486680372772, 0.014144897470004025]]]
[[[707.0493, 0, 604.0814], [0, 707.0493, 180.5066], [0, 0, 1]], [[-0.0660465864832702, 0.023103746080019104, 0.9975490290361562, -1.6881695122549158e-06], [0.002667287017140586, 0.9997324192630361, -0.022977716475860874, -0.029000778839315077], [-0.997812975458766, 0.0011431498356983289, -0.06609053801095162, 0.01533508299999653]]]
[[[707.0493, 0, 604.0814], [0, 707.0493, 180.5066], [0, 0, 1]], [[-0.06596666895478755, 0.023298305917158074, 0.9975497920045896, 0.0005452154703934001], [0.0026679579434960867, 0.9997279158471056, -0.023172748572713325, -0.015614683245573609], [-0.9978182602996506, 0.0011327918577428082, -0.0660108793698874, 0.012374877930000139]]]
[[[707.0493, 0, 604.0814], [0, 707.0493, 180.5066], [0, 0, 1]], [[-0.06591959890760439, 0.023485964097200485, 0.9975485030665354, 0.000905673348538446], [0.0026712704243348584, 0.9997235339442133, -0.023360650513491843, -0.003170300210710509], [-0.9978213621656837, 0.001124797101011042, -0.06596411173737521, 0.015815734870002984]]]
[[[707.0493, 0, 604.0814], [0, 707.0493, 180.5066], [0, 0, 1]], [[-0.06588157917328555, 0.023644640341912417, 0.9975472663030739, 0.0013195096767649763], [0.0026730292395157488, 0.9997198024311632, -0.023519599096940184, 0.007454060406862977], [-0.997823868445889, 0.0011169646805981196, -0.06592632212996183, 0.0105361938399966]]]
[[[707.0493, 0, 604.0814], [0, 707.0493, 180.5066], [0, 0, 1]], [[-0.06588187547366706, 0.024944182819169075, 0.9975155969846067, 0.0011012796907204534], [0.002665716367775335, 0.999688321274269, -0.024822454835907493, 0.00885506099295366], [-0.997823868445889, 0.0010237437755430683, -0.0659278356110925, 0.00830078125]]]
[[[707.0493, 0, 604.0814], [0, 707.0493, 180.5066], [0, 0, 1]], [[-0.0659647096251171, 0.02704789206354481, 0.9974552965516765, 0.0007980255779976847], [0.0026670197568374287, 0.9996337481772932, -0.026930586897294852, 0.0013618464408328196], [-0.9978183923388517, 0.0008837646377514196, -0.06601268719249685, -9.91821199960441e-05]]]
[[[707.0493, 0, 604.0814], [0, 707.0493, 180.5066], [0, 0, 1]], [[-0.06613612376399071, 0.02781113770427948, 0.9974229562994165, 0.0013005527454883327], [0.0026756725553004662, 0.999612844953827, -0.027694782535580543, 0.0019518356032892305], [-0.9978070223795035, 0.0008371516648070423, -0.06618493232782817, 0.00117492674999653]]]
[[[707.0493, 0, 604.0814], [0, 707.0493, 180.5066], [0, 0, 1]], [[-0.06590378029846163, 0.027472844753201556, 0.9974477101801069, -8.826204514387311e-05], [0.0026673288108654053, 0.9996221822677701, -0.02735649968902818, 0.0014454944718633362], [-0.9978224176171764, 0.0008576242694544787, -0.06595215979197053, -0.003517150880000486]]]
[[[707.0493, 0, 604.0814], [0, 707.0493, 180.5066], [0, 0, 1]], [[-0.06581103180084479, 0.027653325492183852, 0.997448846649557, 0.0009513305527148488], [0.002664234182344299, 0.9996172163888956, -0.02753765703790936, 0.000944828197882111], [-0.9978285473715061, 0.0008451556893410364, -0.06585951535147332, -0.00021362303999694632]]]
[[[707.0493, 0, 604.0814], [0, 707.0493, 180.5066], [0, 0, 1]], [[-0.06591592029983734, 0.027373964090651584, 0.9974496265681737, 0.0017605161807347032], [0.0026634625886335847, 0.9996248929294954, -0.027257648518053977, 0.0008763070605331433], [-0.9978216260525047, 0.0008599567771338447, -0.06596410430133211, 0.002571105949996877]]]
[[[707.0493, 0, 604.0814], [0, 707.0493, 180.5066], [0, 0, 1]], [[-0.0657893183544661, 0.027106520180917682, 0.9974652886963717, 0.0010185182326504863], [0.002657885710665658, 0.9996321673914741, -0.02699010114417892, 0.002717574626584973], [-0.9978299961586662, 0.0008754883811174549, -0.06583716493053736, 0.0021820068400018044]]]
[[[707.0493, 0, 604.0814], [0, 707.0493, 180.5066], [0, 0, 1]], [[-0.06572531247924975, 0.027570444632371096, 0.9974567929901919, 0.001507125228589682], [0.002660171501956049, 0.9996195025681167, -0.027454937134352066, 0.0014848722918644928], [-0.9978342080661923, 0.0008489218128915356, -0.06577364627774895, 0.0051422119099981956]]]
[[[707.0493, 0, 604.0814], [0, 707.0493, 180.5066], [0, 0, 1]], [[-0.06574435421737293, 0.027365901720855148, 0.9974611708289929, 0.0013812114575843606], [0.0026585056764445105, 0.999625113452631, -0.027250044080384832, 0.0008589544846003146], [-0.9978329580827189, 0.0008602196342220185, -0.0657924599484773, 0.004966735840000069]]]
[[[707.0493, 0, 604.0814], [0, 707.0493, 180.5066], [0, 0, 1]], [[-0.06560981717116833, 0.027246039637067745, 0.9974733105275855, 0.0006612843072273354], [0.002651553907523722, 0.9996283836495532, -0.027130496937154042, 0.0012690767482745975], [-0.9978418317311825, 0.0008648273103704237, -0.06565767983322192, 0.002685546880002221]]]
[[[707.0493, 0, 604.0814], [0, 707.0493, 180.5066], [0, 0, 1]], [[-0.0655768781036627, 0.027487429534057597, 0.9974688537873189, 0.0008999523249423788], [0.0026511422849724163, 0.9996217883201274, -0.027372463540122374, 0.0014120128129397884], [-0.99784399807924, 0.0008494311512509729, -0.06562494924917725, -0.0007934570299994448]]]
[[[707.0493, 0, 604.0814], [0, 707.0493, 180.5066], [0, 0, 1]], [[-0.06553787725695623, 0.027396721047079048, 0.997473912601488, 0.0011074586116175968], [0.0026524539434605024, 0.9996242713573056, -0.02728150658328197, 5.250349654483614e-05], [-0.9978465569077893, 0.0008577815831388164, -0.0655859213400686, -0.00024414063000222086]]]
[[[707.0493, 0, 604.0814], [0, 707.0493, 180.5066], [0, 0, 1]], [[-0.06553696241992547, 0.02736872424878032, 0.997474741279078, 0.0007581048128787176], [0.002650381947010837, 0.9996250384537384, -0.027253586404300964, -0.0026949945426940607], [-0.9978466224988208, 0.0008575717788985097, -0.0655849261518209, -0.00048065184999757093]]]
[[[707.0493, 0, 604.0814], [0, 707.0493, 180.5066], [0, 0, 1]], [[-0.06547326605542136, 0.027269826605017634, 0.9974816329080792, -4.136015880499139e-05], [0.002644986050752612, 0.9996277388400541, -0.02715488520159691, -0.004138042819043295], [-0.9978508182493149, 0.0008604059814152283, -0.06552102121243084, -0.001045227049999653]]]
[[[707.0493, 0, 604.0814], [0, 707.0493, 180.5066], [0, 0, 1]], [[-0.06531067416109186, 0.02739443276306394, 0.9974888775792007, -1.3021003791838659e-05], [0.002640249356110558, 0.9996243390734313, -0.027280209224696608, -0.0024666289527531878], [-0.9978614858405755, 0.000851930511035355, -0.06535846762618538, -0.0003738403400035395]]]
[[[707.0493, 0, 604.0814], [0, 707.0493, 180.5066], [0, 0, 1]], [[-0.06529166160575314, 0.02732265272195451, 0.997492090982678, -0.0004423758520143175], [0.002641181113820327, 0.9996262983412869, -0.02720823086532133, -0.0043671861331799275], [-0.9978627275768365, 0.0008580866693388289, -0.06533942607785963, -0.0033569335899983344]]]
[[[707.0493, 0, 604.0814], [0, 707.0493, 180.5066], [0, 0, 1]], [[-0.06516206072076958, 0.027310558609281617, 0.9975008968572769, -0.00014489865680623258], [0.0026355468811824273, 0.9996266299603954, -0.02719659108528058, -0.0031847608223828858], [-0.9978712140027188, 0.0008567744579918768, -0.06520970941714359, -0.002304077150000694]]]
[[[707.0493, 0, 604.0814], [0, 707.0493, 180.5066], [0, 0, 1]], [[-0.06515705171913667, 0.02732952597604975, 0.9975007045717783, 0.00020064963661728854], [0.0026359316599176303, 0.99962611219224, -0.027215578033758264, -0.004388431281942142], [-0.9978715400669337, 0.0008560568624591064, -0.06520472905468011, -0.002265930169997432]]]
[[[707.0493, 0, 604.0814], [0, 707.0493, 180.5066], [0, 0, 1]], [[-0.06507745276379241, 0.027232565814880795, 0.9975085525953722, 0.0005898757858887739], [0.002628604901381396, 0.9996287573532691, -0.027118958472468518, -0.0037274755769927796], [-0.9978767537016026, 0.0008572231315267393, -0.06512487689396407, -0.0019989013700012492]]]
[[[707.0493, 0, 604.0814], [0, 707.0493, 180.5066], [0, 0, 1]], [[-0.06500370137278072, 0.027242452215506887, 0.997513091445483, 0.00028874557232984934], [0.002624844622554754, 0.9996284900301002, -0.027129174533133252, -0.0015579530744221366], [-0.9978815706277704, 0.000854820114166803, -0.06505105905384344, -0.00036621094000111043]]]
[[[707.0493, 0, 604.0814], [0, 707.0493, 180.5066], [0, 0, 1]], [[-0.06497166124493384, 0.02736223429404814, 0.9975119003648586, -0.00020024132220001592], [0.0026268698090169094, 0.9996252226611059, -0.027249105943884147, -0.0014550611117672742], [-0.9978836519304644, 0.0008499142145901764, -0.06501918836580321, -4.5776370001249234e-05]]]
[[[707.0493, 0, 604.0814], [0, 707.0493, 180.5066], [0, 0, 1]], [[-0.06492089984520945, 0.027316233531691204, 0.9975164661041592, 0.0004079687823866453], [0.00262260655864383, 0.9996264806601265, -0.027203328801605996, -0.0009391549211776771], [-0.9978869668946112, 0.0008500286417746191, -0.06496829036677293, 0.0003585815500031231]]]
[[[707.0493, 0, 604.0814], [0, 707.0493, 180.5066], [0, 0, 1]], [[-0.06486011228343573, 0.027217399712147525, 0.9975231220315092, 0.0011934019481377176], [0.0026193063693345014, 0.9996291724661623, -0.02710455291567768, -0.0034908782822766662], [-0.9978909284429455, 0.0008548143215923897, -0.06490735107637599, 0.0021057128899997224]]]
[[[707.0493, 0, 604.0814], [0, 707.0493, 180.5066], [0, 0, 1]], [[-0.06470952659918207, 0.027260185742460464, 0.9975317335506657, 0.0006378152618092157], [0.0026138732781397877, 0.9996280101090514, -0.02714791100442194, -0.0022807568218172164], [-0.9979007189263848, 0.0008506930731716751, -0.06475670998050845, 0.0009307861299987508]]]
[[[707.0493, 0, 604.0814], [0, 707.0493, 180.5066], [0, 0, 1]], [[-0.06469052441924253, 0.02734500588929221, 0.9975306444933298, 0.0015080439932899246], [0.002614531220048625, 0.9996256971078159, -0.027232882847988818, -0.0026098993439781417], [-0.9979019492299145, 0.0008463655400988453, -0.06473780494046548, 0.0028533935600023597]]]
[[[707.0493, 0, 604.0814], [0, 707.0493, 180.5066], [0, 0, 1]], [[-0.06461781775598294, 0.027255101096162453, 0.9975378173747061, 0.0012423239501924586], [0.002609586286796935, 0.9996281500014114, -0.02714317196216015, -0.0017959959560834172], [-0.9979066728346225, 0.0008492284696122076, -0.0646649141586074, 0.0017471313399965993]]]
[[[707.0493, 0, 604.0814], [0, 707.0493, 180.5066], [0, 0, 1]], [[-0.06454011458560063, 0.027197121115806674, 0.9975444301946101, 0.002222144576717199], [0.0026047028261671915, 0.9996297283236649, -0.027085453194346704, -0.004733148047271202], [-0.9979117140972266, 0.0008502085437891827, -0.06458705762741612, 0.0038528442400007634]]]
