[[[721.5377, 0, 609.5593], [0, 721.5377, 172.854], [0, 0, 1]], [[-0.3639481829921006, 0.03630038805136752, 0.9307115567801167, 0.0], [0.01323680407051578, 0.999340923563559, -0.033800969056103386, 0.0], [-0.9313251350171685, 1.7845251922083454e-05, -0.3641888144449246, 0.0]]]
[[[721.5377, 0, 609.5593], [0, 721.5377, 172.854], [0, 0, 1]], [[-0.36784339935029225, 0.03523682369950117, 0.9292198877606913, -0.562987973850941], [0.013336115411977795, 0.9993789126937791, -0.03261804544601602, -1.3844548389428264], [-0.9297921174005186, 0.00039385094925678077, -0.3680848588318867, 0.012115478520001943]]]
[[[721.5377, 0, 609.5593], [0, 721.5377, 172.854], [0, 0, 1]], [[-0.37179799969345667, 0.035167338715777166, 0.9276472959652253, -0.5715117063828276], [0.013591548463802018, 0.9993812879838594, -0.03243934398347864, -1.387807786574393], [-0.9282141548340558, 0.000547279976000925, -0.37204594239196775, 0.010200500479996322]]]
[[[721.5377, 0, 609.5593], [0, 721.5377, 172.854], [0, 0, 1]], [[-0.3761113893806386, 0.035702834048806635, 0.9258863485434102, -0.6377017990207661], [0.014088947037342618, 0.999362203010648, -0.03281293594122951, -1.529398665010461], [-0.9264673358243909, 0.0007034448007129321, -0.3763745220068273, 0.009773254400002429]]]
[[[721.5377, 0, 609.5593], [0, 721.5377, 172.854], [0, 0, 1]], [[-0.38006744916933755, 0.03568619635655069, 0.9242701063387881, -0.5874293022881195], [0.01411877362183329, 0.9993628700681354, -0.032779782802736905, -1.3909705229430775], [-0.9248510119545356, 0.0005910319626640006, -0.3803291421491267, 0.009552001949998612]]]
[[[721.5377, 0, 609.5593], [0, 721.5377, 172.854], [0, 0, 1]], [[-0.38453022398285636, 0.03569943186504681, 0.9224218435229118, -0.6554233805373265], [0.014221022455293282, 0.9993624342994808, -0.03274885389356258, -1.5322090101199743], [-0.9230028544723036, 0.0005248576271188987, -0.38479274312342604, 0.010948181149998959]]]
[[[721.5377, 0, 609.5593], [0, 721.5377, 172.854], [0, 0, 1]], [[-0.3884929960513712, 0.03316302563689294, 0.9208547147892746, -0.603409479433263], [0.013984790894668217, 0.9994492509137829, -0.030093528731453698, -1.395643603651778], [-0.9213455473613913, 0.0011868354920568764, -0.3887428118677606, 0.009826660160001666]]]
[[[721.5377, 0, 609.5593], [0, 721.5377, 172.854], [0, 0, 1]], [[-0.3924894513714296, 0.0314697440741638, 0.919217975112574, -0.6104598830146425], [0.01396320376120338, 0.9995031818027843, -0.02825630030335613, -1.3953121247955496], [-0.9196505094343597, 0.0017449280836070403, -0.39273387391859355, 0.009346008299999653]]]
[[[721.5377, 0, 609.5593], [0, 721.5377, 172.854], [0, 0, 1]], [[-0.396971019546224, 0.0312656265497473, 0.917298463008024, -0.6819818203150181], [0.013932650928523737, 0.9995097488285737, -0.028038245928471824, -1.5349860956645671], [-0.9177253896882963, 0.0016500282098489178, -0.3972120170996484, 0.007461547849999306]]]
[[[721.5377, 0, 609.5593], [0, 721.5377, 172.854], [0, 0, 1]], [[-0.40089400177009843, 0.03157420341105583, 0.9155801816464322, -0.6271950855758107], [0.013931458897846843, 0.9995004541187659, -0.028368233455019473, -1.3950230255850289], [-0.9160185117112721, 0.001382713035359273, -0.4011336115397561, 0.00517272950000347]]]
[[[721.5377, 0, 609.5593], [0, 721.5377, 172.854], [0, 0, 1]], [[-0.40468233030834627, 0.031697537793491735, 0.9139078058721442, -0.634232976991054], [0.013879972577371943, 0.9994968526817457, -0.028519955128575955, -1.3949254725725186], [-0.9143519879660447, 0.0011434933820299307, -0.4049186764344506, 0.008934020989997293]]]
[[[721.5377, 0, 609.5593], [0, 721.5377, 172.854], [0, 0, 1]], [[-0.408669936676669, 0.032119555753057624, 0.912116887791753, -0.7045605731871575], [0.014282286000077415, 0.9994832414469579, -0.028796985489703466, -1.5347739713901738], [-0.912570489969569, 0.0012586520203862678, -0.40891749367298075, 0.012596130369999514]]]
[[[721.5377, 0, 609.5593], [0, 721.5377, 172.854], [0, 0, 1]], [[-0.41175494304398946, 0.031299843783445566, 0.9107569306120997, -0.6469312787133251], [0.014200878143128058, 0.9995090121171373, -0.027929728902878946, -1.3927737484146272], [-0.91118395614651, 0.0014333442559927776, -0.41199726162371364, 0.01375579834000007]]]
[[[721.5377, 0, 609.5593], [0, 721.5377, 172.854], [0, 0, 1]], [[-0.4142762491115521, 0.03137883104512929, 0.9096101133916139, -0.6524953112556441], [0.014302351555678633, 0.9995065490114824, -0.027966072715616703, -1.391042936653256], [-0.9100388080527341, 0.0014238839133209604, -0.4145206151599223, 0.011550903319999861]]]
[[[721.5377, 0, 609.5593], [0, 721.5377, 172.854], [0, 0, 1]], [[-0.41676616549973017, 0.031203597755899416, 0.9084780122720305, -0.7210051790423101], [0.014404168708939057, 0.999511874930448, -0.027722406043215807, -1.528780533929596], [-0.9088996001861019, 0.0015321096920703366, -0.41701219337261053, 0.011917114260000972]]]
[[[721.5377, 0, 609.5593], [0, 721.5377, 172.854], [0, 0, 1]], [[-0.41857548999624683, 0.03158098189530089, 0.9076327455292315, -0.659328189410998], [0.014472569192468586, 0.9995002540551153, -0.028103147238862612, -1.388687875555939], [-0.9080666847293601, 0.0013724890850784451, -0.4188233665381389, 0.009819030759999237]]]
[[[721.5377, 0, 609.5593], [0, 721.5377, 172.854], [0, 0, 1]], [[-0.41979232262391797, 0.03191965877111193, 0.9070587308713545, -0.6628909487295721], [0.014742866161215508, 0.9994893541321413, -0.02834923056923178, -1.386717685977778], [-0.9075004428447233, 0.0014718561243395926, -0.42004854466618546, 0.010025024420002637]]]
[[[721.5377, 0, 609.5593], [0, 721.5377, 172.854], [0, 0, 1]], [[-0.4199384395976595, 0.03219723572252405, 0.906981281482761, -0.7324755637000652], [0.015328256001736634, 0.9994795674327435, -0.028383777979705736, -1.5228941046792457], [-0.9074231380762936, 0.0019830018366668806, -0.4202134174291531, 0.009826660149997224]]]
[[[721.5377, 0, 609.5593], [0, 721.5377, 172.854], [0, 0, 1]], [[-0.4189795859054692, 0.032271993291215044, 0.9074219663659753, -0.6678542678443427], [0.01571364909347661, 0.9994762281628428, -0.028290467821227388, -1.384093437464314], [-0.9078596740833071, 0.00240578186637762, -0.41926724697615336, 0.007659912110000278]]]
[[[721.5377, 0, 609.5593], [0, 721.5377, 172.854], [0, 0, 1]], [[-0.4170599964425846, 0.03290053911438439, 0.9082832784397685, -0.7328819294526091], [0.0158312705282577, 0.9994559562186862, -0.028933759735865604, -1.5238119014287341], [-0.9087410688643781, 0.0023121645647620833, -0.4173539548803306, 0.003425598150002429]]]
[[[721.5377, 0, 609.5593], [0, 721.5377, 172.854], [0, 0, 1]], [[-0.4147392033582862, 0.03256506125277467, 0.9093574159720352, -0.6635637807067082], [0.015334914068071148, 0.9994676142121947, -0.028798065065354244, -1.3901808681103922], [-0.909811097760551, 0.002001231267629278, -0.4150177845167053, 0.00451660155999889]]]
[[[721.5377, 0, 609.5593], [0, 721.5377, 172.854], [0, 0, 1]], [[-0.4119971101730752, 0.031108102871728174, 0.910653977724117, -0.6601469416701259], [0.014653082998895027, 0.9995140086435748, -0.027514245108296736, -1.3949393767636282], [-0.9110673237295158, 0.0020080988456534672, -0.41225271275197656, 0.005638122560000625]]]
[[[721.5377, 0, 609.5593], [0, 721.5377, 172.854], [0, 0, 1]], [[-0.40859152025424933, 0.028993813296288536, 0.9122567228400466, -0.7211515863276129], [0.013389021672269494, 0.9995781726883222, -0.025772287126573635, -1.5392573972565553], [-0.9126191449202569, 0.0016838870553031867, -0.4088073639862718, 0.0048828125]]]
[[[721.5377, 0, 609.5593], [0, 721.5377, 172.854], [0, 0, 1]], [[-0.40563724508045895, 0.029046888389091287, 0.913572495031701, -0.6528713185015047], [0.012649839425544247, 0.9995776051548785, -0.02616472501949779, -1.4041486097196283], [-0.9139466105665274, 0.0009431583905479963, -0.40583334447308134, 0.007331848139997987]]]
[[[721.5377, 0, 609.5593], [0, 721.5377, 172.854], [0, 0, 1]], [[-0.40235210356458645, 0.028828261005684138, 0.9150309918929196, -0.6490089593001879], [0.011801150704470291, 0.9995843561157621, -0.026303000792451976, -1.4102363739018962], [-0.9154089346293287, 0.00021535093568524066, -0.40252507502610546, 0.010192871100002776]]]
[[[721.5377, 0, 609.5593], [0, 721.5377, 172.854], [0, 0, 1]], [[-0.39830735400823253, 0.02956093345510781, 0.9167755466613533, -0.7108036300051862], [0.011369982073533572, 0.9995628804843604, -0.027290501377875104, -1.556697441079193], [-0.9171815388736344, -0.0004462858623859292, -0.3984693533740343, 0.015411376949998612]]]
[[[721.5377, 0, 609.5593], [0, 721.5377, 172.854], [0, 0, 1]], [[-0.39440957086213857, 0.030676585513018564, 0.9184225811213518, -0.642766412579147], [0.011404768935271571, 0.9995290727017934, -0.02848796358861013, -1.4186719688756446], [-0.9188639843077302, -0.0007615281710952228, -0.3945736919980447, 0.011848449710001319]]]
[[[721.5377, 0, 609.5593], [0, 721.5377, 172.854], [0, 0, 1]], [[-0.39024643320431557, 0.029257049890134383, 0.9202454815988155, -0.6382779933783691], [0.011228535746539333, 0.999571898740154, -0.027017387623384022, -1.423801223553294], [-0.9206419724063738, -0.0002104298688004295, -0.39040788204514, 0.013374328609998543]]]
[[[721.5377, 0, 609.5593], [0, 721.5377, 172.854], [0, 0, 1]], [[-0.38582605455381913, 0.028356835182125267, 0.9221356437780113, -0.6953090371844408], [0.011150389127933568, 0.9995978393676405, -0.026073518248226752, -1.5748581759899014], [-0.9225041595839713, 0.00022232858281202603, -0.3859870802504563, 0.015396118159998196]]]
[[[721.5377, 0, 609.5593], [0, 721.5377, 172.854], [0, 0, 1]], [[-0.3820392605729445, 0.027558894882143897, 0.9237350868586474, -0.6261077093455136], [0.010883420852192315, 0.9996201094807634, -0.02532168778380625, -1.4388536153668139], [-0.9240820063887359, 0.0003795188288347781, -0.38219406253110044, 0.011550903319999861]]]
[[[721.5377, 0, 609.5593], [0, 721.5377, 172.854], [0, 0, 1]], [[-0.37828972469207006, 0.025458787123849816, 0.9253370922807429, -0.6211066609757548], [0.010541122168007391, 0.9996753924182842, -0.023194709241305737, -1.444085539122745], [-0.9256272300099198, 0.0009797711631138813, -0.3784352931646716, 0.010848999030002915]]]
[[[721.5377, 0, 609.5593], [0, 721.5377, 172.854], [0, 0, 1]], [[-0.37431665810368187, 0.024136927341984485, 0.9269867572973085, -0.67672711125093], [0.010404189377764923, 0.9997075760105875, -0.02182923064212251, -1.5935685208441261], [-0.9272425746855474, 0.0014735011106676206, -0.374458324096279, 0.00947570799999653]]]
[[[721.5377, 0, 609.5593], [0, 721.5377, 172.854], [0, 0, 1]], [[-0.37109004773411436, 0.02200138922772939, 0.9283362081405329, -0.6092856164554916], [0.009894862528152228, 0.9997562081926419, -0.019738689820247457, -1.4531202449204776], [-0.9285441659760949, 0.0018609278118521786, -0.37121727974252133, 0.0066452026400014574]]]
[[[721.5377, 0, 609.5593], [0, 721.5377, 172.854], [0, 0, 1]], [[-0.3678039047586528, 0.020769530935631216, 0.9296714012106653, -0.6648439093588473], [0.01004133337238425, 0.9997809583039299, -0.018363197896343275, -1.6026085648016333], [-0.9298491594169414, 0.002581084576196943, -0.36793189415164596, 0.005378723150002429]]]
[[[721.5377, 0, 609.5593], [0, 721.5377, 172.854], [0, 0, 1]], [[-0.3647195335417449, 0.01696644047650508, 0.9309628358590097, -0.6013208095828385], [0.00906916085707256, 0.9998512755308879, -0.014668917499424346, -1.4583111231754593], [-0.9310732582210922, 0.0030930109624094115, -0.3648191622005975, 0.0010833740199984732]]]
[[[721.5377, 0, 609.5593], [0, 721.5377, 172.854], [0, 0, 1]], [[-0.36166601509362334, 0.016707402689081614, 0.9321580103296242, -0.595843257435822], [0.00952088629292387, 0.9998534655020943, -0.014226744098681838, -1.463371078991564], [-0.9322591089662231, 0.0037296405774595236, -0.3617720878269449, -0.0015869140599988896]]]
[[[721.5377, 0, 609.5593], [0, 721.5377, 172.854], [0, 0, 1]], [[-0.35879143514792133, 0.011938993717214033, 0.933341398681916, -0.6467580497191914], [0.007267955585854161, 0.999923617764032, -0.00999677244373316, -1.6137555062854398], [-0.9333894593823615, 0.003196727500124954, -0.35885080193193514, -0.0046234130900018044]]]
[[[721.5377, 0, 609.5593], [0, 721.5377, 172.854], [0, 0, 1]], [[-0.3567385765294438, 0.011895733842211579, 0.9341285133920822, -0.5818539294167308], [0.005429266780913009, 0.9999284383894145, -0.010660260894035605, -1.4704937711940147], [-0.9341884772774538, 0.0012687066100925276, -0.3567776328549334, -0.0056304931599981956]]]
[[[721.5377, 0, 609.5593], [0, 721.5377, 172.854], [0, 0, 1]], [[-0.3549082077467291, 0.007057211431406782, 0.9348745155585413, -0.5783164844217239], [0.003622318938991377, 0.9999743830756619, -0.0061734915529095295, -1.4752337037783756], [-0.9348941345839693, 0.0011953908407054002, -0.3549246795606487, 0.005317687990000763]]]
[[[721.5377, 0, 609.5593], [0, 721.5377, 172.854], [0, 0, 1]], [[-0.35299284885083737, 0.0035391664620149856, 0.9356193258804159, -0.6356746581621994], [0.002897077354880153, 0.9999921863245518, -0.0026896528851715275, -1.6259348165709886], [-0.9356215343839461, 0.001761133327439816, -0.35300034391829316, 0.010879516599999306]]]
[[[721.5377, 0, 609.5593], [0, 721.5377, 172.854], [0, 0, 1]], [[-0.351135163541791, 0.0053936337417445765, 0.9363092467980544, -0.5786533229020238], [0.0028628684216032443, 0.9999849188090841, -0.004686804752717115, -1.4800797554065819], [-0.9363204050478022, 0.0010348282221795005, -0.35114530926906923, 0.003585815430000139]]]
[[[721.5377, 0, 609.5593], [0, 721.5377, 172.854], [0, 0, 1]], [[-0.3494209904796679, 0.007759208326648665, 0.9369337042173003, -0.5759962836706838], [0.002505041996073672, 0.999969872658243, -0.007347008946184638, -1.4824947716099128], [-0.9369624838683808, -0.00022014086643761208, -0.34942990049678513, 0.004219055169997432]]]
[[[721.5377, 0, 609.5593], [0, 721.5377, 172.854], [0, 0, 1]], [[-0.34783226932805206, 0.007510199158072749, 0.9375266979252931, -0.6304958444815558], [0.0017416107266386336, 0.9999713667814484, -0.007364265701280602, -1.6369281425091002], [-0.9375551606205228, -0.0009287226971943823, -0.34783538961407795, 0.010467529300001388]]]
[[[721.5377, 0, 609.5593], [0, 721.5377, 172.854], [0, 0, 1]], [[-0.34644394130533757, 0.002206835898894356, 0.9380680814355317, -0.571492523124328], [0.000821420124078548, 0.9999975630968199, -0.002049163097900107, -1.4929303673419199], [-0.9380703176211278, 6.062785983293169e-05, -0.34644490979441306, 0.011329650880000486]]]
[[[721.5377, 0, 609.5593], [0, 721.5377, 172.854], [0, 0, 1]], [[-0.34485719096153333, -0.0023002903362755013, 0.9386523459228605, -0.624900119285545], [-9.82843020850845e-05, 0.9999970802260296, 0.0024145143635546087, -1.6455836484836415], [-0.9386551593542308, 0.0007404078502321612, -0.34485641013891394, 0.009307861330000833]]]
[[[721.5377, 0, 609.5593], [0, 721.5377, 172.854], [0, 0, 1]], [[-0.3430995527982508, -0.004334647374218444, 0.9392890437462695, -0.5101666772406576], [-0.0007527616266799051, 0.9999902996656024, 0.0043398069809840135, -1.3485393767182514], [-0.9392987438613839, 0.0007819250859132875, -0.34309948757406544, 0.005393981929998404]]]
[[[721.5377, 0, 609.5593], [0, 721.5377, 172.854], [0, 0, 1]], [[-0.3402664405803626, -0.006408473644330338, 0.9403072268574354, -0.6209751277097646], [-0.001245040462405695, 0.9999789705545613, 0.006364614904815088, -1.6536146830282334], [-0.9403282401847866, 0.0009949443147961548, -0.34026726377480526, 0.005989074710001319]]]
[[[721.5377, 0, 609.5593], [0, 721.5377, 172.854], [0, 0, 1]], [[-0.33723615365986104, -0.008505828284754378, 0.9413816588132005, -0.6173463271436456], [-0.0014103298164261386, 0.9999626251462703, 0.00852990506327296, -1.6589697440773827], [-0.941419028719152, 0.001548933752560992, -0.33723554553118906, 0.007499694819998126]]]
[[[721.5377, 0, 609.5593], [0, 721.5377, 172.854], [0, 0, 1]], [[-0.3343841950032192, -0.010420007551132466, 0.9423792408445144, -0.557024968175017], [-0.0013559353426391128, 0.9999431598478007, 0.010575372945780823, -1.512370634016819], [-0.9424358713309865, 0.0022584322505032495, -0.33437931741119126, 0.004959106450002082]]]
[[[721.5377, 0, 609.5593], [0, 721.5377, 172.854], [0, 0, 1]], [[-0.3318126201205716, -0.011623666874615541, 0.9432737012644364, -0.5531719783539344], [-0.001630208519097013, 0.9999296566743692, 0.011748366833838404, -1.516024026621945], [-0.9433439073577067, 0.00236052355763209, -0.3318082283181482, 0.0016250610299977097]]]
[[[721.5377, 0, 609.5593], [0, 721.5377, 172.854], [0, 0, 1]], [[-0.32955760621682884, -0.011781987604875772, 0.9440619518615884, -0.602980755178887], [-0.0023250674872017842, 0.9999292284166984, 0.011667571262525222, -1.6717897671084276], [-0.9441326062825145, 0.0016501291054644403, -0.32956167681956255, -0.0014343261699991672]]]
[[[721.5377, 0, 609.5593], [0, 721.5377, 172.854], [0, 0, 1]], [[-0.3280744461628525, -0.012768020809672709, 0.9445655802640393, -0.5462914872324376], [-0.002511458941916722, 0.9999169084414343, 0.012643922923970265, -1.52423392587601], [-0.9446485327088169, 0.0017759103378264605, -0.32807925230582824, 0.001953125]]]
[[[721.5377, 0, 609.5593], [0, 721.5377, 172.854], [0, 0, 1]], [[-0.3273493264241431, -0.01698926999698982, 0.9447506460408636, -0.545599360678694], [-0.0024469817907358817, 0.9998502378662829, 0.017132253758729003, -1.529500556364547], [-0.9449002226530459, 0.003296444100399479, -0.3273418743248675, 0.006393432620001249]]]
[[[721.5377, 0, 609.5593], [0, 721.5377, 172.854], [0, 0, 1]], [[-0.32689829149657706, -0.020615536825029323, 0.9448346451406378, -0.6009649925284527], [-0.0022196735113831174, 0.9997760372080458, 0.021046341109065805, -1.6862756398001346], [-0.9450569189557431, 0.004782788516352044, -0.32687083820354185, -0.002197265630002221]]]
[[[721.5377, 0, 609.5593], [0, 721.5377, 172.854], [0, 0, 1]], [[-0.3268549232059272, -0.021146357566827097, 0.9448379177074252, -0.5456582329587271], [-0.0017333279058969287, 0.9997613728219811, 0.021775972710267558, -1.5364809787843416], [-0.9450729362067343, 0.005479869958637042, -0.3268135803096596, -0.008491516109998543]]]
[[[721.5377, 0, 609.5593], [0, 721.5377, 172.854], [0, 0, 1]], [[-0.3273134119515096, -0.020590567955287607, 0.9446914622605309, -0.5473660286578933], [-0.0012892941977935802, 0.9997713513709875, 0.021344383296336037, -1.5373476085531546], [-0.9449149528275722, 0.005768317701726922, -0.3272651194884035, -0.012977600100001041]]]
[[[721.5377, 0, 609.5593], [0, 721.5377, 172.854], [0, 0, 1]], [[-0.32768017590538623, -0.01697303195267458, 0.9446362360744736, -0.6047309190847951], [-0.0005655765452446456, 0.9998419630298999, 0.017768767196618886, -1.69361913216976], [-0.9447885384792656, 0.005288208661698028, -0.3276379898719984, -0.017112731929998404]]]
[[[721.5377, 0, 609.5593], [0, 721.5377, 172.854], [0, 0, 1]], [[-0.3275342154412099, -0.011075213419324893, 0.944774405539771, -0.5512270554783463], [-3.963164026180202e-05, 0.9999314575540479, 0.011708058044383856, -1.5422691879498025], [-0.9448393176327096, 0.003797346646538503, -0.3275122043738246, -0.013481140140001457]]]
[[[721.5377, 0, 609.5593], [0, 721.5377, 172.854], [0, 0, 1]], [[-0.32751753138061895, -0.011433964898743198, 0.9447759158049275, -0.6046420679566173], [-0.0012832202540759687, 0.9999312358188917, 0.011656628135249194, -1.7025115681848368], [-0.9448442305396826, 0.002605394480354629, -0.3275096822011174, -0.006721496579999098]]]
[[[721.5377, 0, 609.5593], [0, 721.5377, 172.854], [0, 0, 1]], [[-0.3272596001984738, -0.015717019677119737, 0.944803751776211, -0.5485532830645958], [-0.002682607025274775, 0.9998730873118545, 0.015703913175014784, -1.5508472748002102], [-0.9449306629046826, 0.0026047191651860555, -0.3272602293902934, -0.0003051757799994448]]]
[[[721.5377, 0, 609.5593], [0, 721.5377, 172.854], [0, 0, 1]], [[-0.3266454980047783, -0.019211354230777997, 0.9449516614630772, -0.5499639928017778], [-0.0033753480613762056, 0.9998107347869484, 0.019159896404908585, -1.554737597445872], [-0.9451409025424066, 0.0030689531442877047, -0.3266485203822654, 0.0003662109299966687]]]
[[[721.5377, 0, 609.5593], [0, 721.5377, 172.854], [0, 0, 1]], [[-0.3258388847044683, -0.019253836522122245, 0.9452292372719581, -0.6067357479834882], [-0.0029107961831893172, 0.9998082983263487, 0.019362176100609352, -1.7133966632101492], [-0.9454208314185425, 0.0035575802099838977, -0.32583246483879014, -0.0013351440399986814]]]
[[[721.5377, 0, 609.5593], [0, 721.5377, 172.854], [0, 0, 1]], [[-0.3250399067721524, -0.015748730685756503, 0.9455691600762676, -0.5548426289359024], [-0.0012949658399306122, 0.9998678040489841, 0.016207945265691512, -1.560967519178239], [-0.9456994142268589, 0.004043749256537869, -0.3250173318808188, -0.0014266967800011798]]]
[[[721.5377, 0, 609.5593], [0, 721.5377, 172.854], [0, 0, 1]], [[-0.32393288871875553, -0.01149633112656149, 0.9460102102921252, -0.5569152463863308], [0.0002112042733725566, 0.999925263635845, 0.012223851092880269, -1.5652505008598256], [-0.9460800383683599, 0.00415950879485239, -0.3239062510781604, -0.0023574829099999306]]]
[[[721.5377, 0, 609.5593], [0, 721.5377, 172.854], [0, 0, 1]], [[-0.32294336180223765, -0.009726794228837828, 0.9463683080819534, -0.6111615063032285], [0.0010515073018948838, 0.9999428805601243, 0.01063625636749614, -1.72517597350212], [-0.9464177087313314, 0.004430021574539741, -0.32291468766314424, -0.0064620971599964605]]]
[[[721.5377, 0, 609.5593], [0, 721.5377, 172.854], [0, 0, 1]], [[-0.32231593973881223, -0.012432263092569616, 0.9465505130866938, -0.5519263163636089], [0.0006430211528592447, 0.9999106503901728, 0.013352069506206318, -1.572896106674329], [-0.9466319356085993, 0.0049122368325153435, -0.3222791467272091, -0.007568359380002221]]]
[[[721.5377, 0, 609.5593], [0, 721.5377, 172.854], [0, 0, 1]], [[-0.3219681932140776, -0.012626873766313966, 0.9466662794339682, -0.5502260143239721], [-5.9886084628424754e-05, 0.9999113269999692, 0.013316701949716953, -1.5758862064500678], [-0.9467504840094455, 0.004230862329395692, -0.32194039950250175, -0.01187896727999771]]]
[[[721.5377, 0, 609.5593], [0, 721.5377, 172.854], [0, 0, 1]], [[-0.32195156606388187, -0.013771789864271316, 0.946655970726931, -0.604967479818016], [-0.0005885281183036367, 0.9998969151289864, 0.014346175455166005, -1.7413968856449573], [-0.946755957332019, 0.004061639997685096, -0.32192648281379604, -0.00789642334000007]]]
[[[721.5377, 0, 609.5593], [0, 721.5377, 172.854], [0, 0, 1]], [[-0.32210526071868095, -0.01836215822081797, 0.946525769412975, -0.5527148740944037], [-0.0008645325957593791, 0.9998171705067953, 0.019101783769492793, -1.5871252505540532], [-0.9467034665621233, 0.005334482660880602, -0.3220622450614156, -0.004959106450002082]]]
[[[721.5377, 0, 609.5593], [0, 721.5377, 172.854], [0, 0, 1]], [[-0.32237485524440973, -0.021143670535825904, 0.9463759284250727, -0.6092925114228044], [-0.0009374687216090651, 0.9997571578574671, 0.022016958580954402, -1.7478863182921212], [-0.9466116277854091, 0.006210516003675096, -0.3223163905736508, -0.012725830080000833]]]
[[[721.5377, 0, 609.5593], [0, 721.5377, 172.854], [0, 0, 1]], [[-0.32300653272112717, -0.02216191265483317, 0.9461372149149164, -0.5543011864479189], [-0.0015756383640108493, 0.9997369884328192, 0.022879495689871195, -1.5892491655393555], [-0.9463954232683193, 0.0058994564797549475, -0.32295649742654536, -0.018524169919999167]]]
[[[721.5377, 0, 609.5593], [0, 721.5377, 172.854], [0, 0, 1]], [[-0.32374594190628414, -0.02362549335522694, 0.9458490371951199, -0.5545390952126782], [-0.002433644083402963, 0.9997056801461148, 0.024137739332200606, -1.5919853170251854], [-0.9461409210448982, 0.005512635242429354, -0.32370815309008777, -0.01802062987999875]]]
[[[721.5377, 0, 609.5593], [0, 721.5377, 172.854], [0, 0, 1]], [[-0.32435608084363365, -0.026546496338358705, 0.9455624867516242, -0.6117372803679945], [-0.0035664388256602827, 0.9996333498738112, 0.026841131387579382, -1.7562052277639217], [-0.9459283341426352, 0.005333793417445412, -0.3243318321008886, -0.012153625490000763]]]
[[[721.5377, 0, 609.5593], [0, 721.5377, 172.854], [0, 0, 1]], [[-0.3248093077726997, -0.02764883536565223, 0.9453752987502596, -0.5593295071691023], [-0.00372280248012252, 0.9996022304319395, 0.027955708847846726, -1.5971086763321274], [-0.945772200017485, 0.005560828932330196, -0.3247830396675167, -0.010597228999998265]]]
[[[721.5377, 0, 609.5593], [0, 721.5377, 172.854], [0, 0, 1]], [[-0.3251173741682156, -0.028900124456777483, 0.9452319693177688, -0.561136134698327], [-0.003662276991029823, 0.9995639055811869, 0.029301644775080012, -1.5975926586832954], [-0.9456665801122537, 0.006064772515665558, -0.32508143255671773, -0.009231567390003192]]]
[[[721.5377, 0, 609.5593], [0, 721.5377, 172.854], [0, 0, 1]], [[-0.32529892644991715, -0.028901388348639322, 0.945169465335213, -0.619252846013849], [-0.003492218124471293, 0.9995627222715904, 0.029362708621286374, -1.7571843161352934], [-0.9456047868232809, 0.006250919654625712, -0.3252576104265186, -0.014579772950000347]]]
[[[721.5377, 0, 609.5593], [0, 721.5377, 172.854], [0, 0, 1]], [[-0.3251710641591453, -0.029094535059142883, 0.9452075365036513, -0.5638247036863974], [-0.0035103579950325234, 0.9995568487007667, 0.029559830888206858, -1.6000057835309347], [-0.9456486960919238, 0.006293984833552009, -0.32512909641334675, -0.013473510739999028]]]
[[[721.5377, 0, 609.5593], [0, 721.5377, 172.854], [0, 0, 1]], [[-0.32506897772930576, -0.028508732033253246, 0.9452604995004712, -0.5634482852153658], [-0.0033255716532194154, 0.9995737878261294, 0.02900315955380488, -1.600511791126171], [-0.9456844612719422, 0.006284495905028508, -0.32502523720476884, -0.01407623290999993]]]
[[[721.5377, 0, 609.5593], [0, 721.5377, 172.854], [0, 0, 1]], [[-0.32477398867089974, -0.027220685701399166, 0.9453998574956207, -0.620938199758904], [-0.0028152114403948466, 0.9996091402185522, 0.027814409504295787, -1.7615298113509645], [-0.9457874660130257, 0.006371896222666595, -0.32472367956646986, -0.014457702640001457]]]
[[[721.5377, 0, 609.5593], [0, 721.5377, 172.854], [0, 0, 1]], [[-0.3242217035200714, -0.02595486770651838, 0.9456249953384693, -0.5651475941576675], [-0.002449541575269906, 0.9996432184443413, 0.02659766088042268, -1.6015119017619315], [-0.9459779525510169, 0.006307191179603813, -0.32416960472383893, -0.015487670889996252]]]
[[[721.5377, 0, 609.5593], [0, 721.5377, 172.854], [0, 0, 1]], [[-0.3237841433272763, -0.025187136227975134, 0.9457956632901502, -0.5646991938550789], [-0.002253897826416591, 0.9996632903628182, 0.025850064711176686, -1.6026674086472619], [-0.946128293876898, 0.006238114267739091, -0.3237318913174492, -0.015960693360000278]]]
[[[721.5377, 0, 609.5593], [0, 721.5377, 172.854], [0, 0, 1]], [[-0.3235568624147899, -0.025960622557821292, 0.9458525270150242, -0.6197717462398991], [-0.0022817608183984548, 0.9996420501203224, 0.026656428845717787, -1.7672998886355566], [-0.9462059767047893, 0.0064666612443774986, -0.3235002812061933, -0.01359558106000236]]]
[[[721.5377, 0, 609.5593], [0, 721.5377, 172.854], [0, 0, 1]], [[-0.3233625704420739, -0.026831082676148466, 0.9458946775616831, -0.5638785751901635], [-0.0023250169463861123, 0.9996174431671843, 0.027560145357022663, -1.6099399328936543], [-0.9462722876282987, 0.0067126982895766955, -0.3233012486031863, -0.01432037352999771]]]
[[[721.5377, 0, 609.5593], [0, 721.5377, 172.854], [0, 0, 1]], [[-0.32354204195566594, -0.028887515405297326, 0.9457727309141806, -0.6202245100230487], [-0.0024948821338816964, 0.9995564333516638, 0.029676794106492686, -1.772166184803956], [-0.9462105065207721, 0.007242099074842226, -0.3234706004425967, -0.01835632325000347]]]
[[[721.5377, 0, 609.5593], [0, 721.5377, 172.854], [0, 0, 1]], [[-0.3239635046384825, -0.026914802142359334, 0.945686650581465, -0.5648971237282943], [-0.002028362006622834, 0.9996127057887251, 0.027754714434017357, -1.610359733239419], [-0.946067404263524, 0.0070733196860746925, -0.323892628410553, -0.020324707029999445]]]
[[[721.5377, 0, 609.5593], [0, 721.5377, 172.854], [0, 0, 1]], [[-0.32425231735025456, -0.02576130308451439, 0.9456197914364831, -0.5659923974044202], [-0.0016465674203708601, 0.9996429778927035, 0.02666843762836543, -1.6107790878164376], [-0.9459691979703779, 0.007090275960471016, -0.3241789698269837, -0.01996612547999632]]]
[[[721.5377, 0, 609.5593], [0, 721.5377, 172.854], [0, 0, 1]], [[-0.32466048452989976, -0.022188990050379668, 0.9455703138875263, -0.624064542967198], [-0.0010824220660000212, 0.9997328429307524, 0.02308833315912628, -1.7725941046219396], [-0.9458300048884482, 0.006472363257723264, -0.324597767038805, -0.02136993409000354]]]
[[[721.5377, 0, 609.5593], [0, 721.5377, 172.854], [0, 0, 1]], [[-0.324785276019958, -0.021429689134229185, 0.9455449713811871, -0.5686301950066701], [-0.001099077569400883, 0.9997511505303918, 0.02228068763872252, -1.613953392042164], [-0.9457871412263629, 0.006197212015752096, -0.32472800626693055, -0.014945983879997016]]]
[[[721.5377, 0, 609.5593], [0, 721.5377, 172.854], [0, 0, 1]], [[-0.3251228818448517, -0.024391539719439526, 0.9453571623947287, -0.5683050652303677], [-0.0015658039046602876, 0.9996798245413268, 0.02525463646846133, -1.6133421585213155], [-0.9456704817001695, 0.006730616252394001, -0.3250569778451653, -0.013397216800001388]]]
[[[721.5377, 0, 609.5593], [0, 721.5377, 172.854], [0, 0, 1]], [[-0.3255150926683342, -0.028525268821546608, 0.9451064667452996, -0.6245045809262348], [-0.002248694029840816, 0.9995653603247412, 0.02939445209610417, -1.7754436038767107], [-0.9455341706254121, 0.0074430825286641595, -0.3254377554958637, -0.017059326169999167]]]
[[[721.5377, 0, 609.5593], [0, 721.5377, 172.854], [0, 0, 1]], [[-0.32581761947756505, -0.03039799940944515, 0.94494382926705, -0.5668030939962262], [-0.0028565162545564327, 0.999510065039121, 0.031168416712747917, -1.6108307005658598], [-0.9454283257618528, 0.007455971928288153, -0.3257448224143317, -0.019927978520001943]]]
[[[721.5377, 0, 609.5593], [0, 721.5377, 172.854], [0, 0, 1]], [[-0.32635558429808237, -0.03155665291712381, 0.9447201756362174, -0.5667648029566007], [-0.003255178540958878, 0.9994741743096996, 0.032261101974524684, -1.6104266965572662], [-0.9452414698954568, 0.007453357942054106, -0.32628670068708576, -0.018577575679998404]]]
[[[721.5377, 0, 609.5593], [0, 721.5377, 172.854], [0, 0, 1]], [[-0.3264596347571248, -0.029577376948996252, 0.9447482657549903, -0.626009622017713], [-0.0030521600493257045, 0.9995380668563132, 0.03023800959351604, -1.7715545047239911], [-0.9452062162265322, 0.00698796665427456, -0.3263991071200422, -0.019142150880000486]]]
[[[721.5377, 0, 609.5593], [0, 721.5377, 172.854], [0, 0, 1]], [[-0.3261236376327785, -0.02907296107606645, 0.9448799584663831, -0.5701972120561231], [-0.002426078492542283, 0.999549420391353, 0.029917726157886113, -1.6078051171236896], [-0.9453240117125515, 0.007464524739041613, -0.3260472262573446, -0.01582336426000097]]]
[[[721.5377, 0, 609.5593], [0, 721.5377, 172.854], [0, 0, 1]], [[-0.32532181622459727, -0.029488309823627462, 0.9451434576148084, -0.6282335474227025], [-0.001858909088952231, 0.9995316527798366, 0.03054536868671392, -1.767594326796222], [-0.9456015335992896, 0.008180139054687811, -0.325224268743459, -0.018051147459999584]]]
[[[721.5377, 0, 609.5593], [0, 721.5377, 172.854], [0, 0, 1]], [[-0.3243832384575509, -0.026774456218382075, 0.9455467429492851, -0.5683740984433472], [-0.0013607956677775183, 0.9996115066645557, 0.02783853406642239, -1.603201000949974], [-0.9459247659528437, 0.00774365792289042, -0.32429365229530943, -0.02314758301000097]]]
[[[721.5377, 0, 609.5593], [0, 721.5377, 172.854], [0, 0, 1]], [[-0.3234948067698069, -0.025530436304527324, 0.9458854617843884, -0.5665955544140158], [-0.0011299719556650736, 0.9996456510648424, 0.026595027176651676, -1.607936930309689], [-0.9462292709255747, 0.007534529132461032, -0.32340902540653904, -0.01774597168000014]]]
[[[721.5377, 0, 609.5593], [0, 721.5377, 172.854], [0, 0, 1]], [[-0.32233682766477023, -0.025883651187061502, 0.9462711060432093, -0.6199060069404385], [-0.0009918335489296807, 0.9996347938011105, 0.027005467750483892, -1.765865962020735], [-0.9466245220768493, 0.007766313374937786, -0.3222447805307928, -0.02037811278999868]]]
[[[721.5377, 0, 609.5593], [0, 721.5377, 172.854], [0, 0, 1]], [[-0.3209402156129617, -0.024520725264973748, 0.9467819770331422, -0.5615054496968175], [-0.0006046520816103089, 0.9996698901184302, 0.02568550537687983, -1.6041409343857176], [-0.9470992621674699, 0.007671037940539487, -0.3208490965839688, -0.019416809079999098]]]
[[[721.5377, 0, 609.5593], [0, 721.5377, 172.854], [0, 0, 1]], [[-0.31962305320772855, -0.023142862422201118, 0.9472621135552063, -0.5591302864145328], [-6.616197295899127e-05, 0.9997022315228516, 0.024401719423512314, -1.6024265852435267], [-0.9475447743936762, 0.007736679335319224, -0.3195294107153512, -0.02033996581999986]]]
[[[721.5377, 0, 609.5593], [0, 721.5377, 172.854], [0, 0, 1]], [[-0.31820422558960343, -0.02398584685354045, 0.9477187082503117, -0.6130317977477283], [-3.850271148424808e-05, 0.9996802062815808, 0.02528801467804822, -1.7650163512916655], [-0.9480221882078826, 0.008010263387334871, -0.31810338939722654, -0.020683288580002568]]]
[[[721.5377, 0, 609.5593], [0, 721.5377, 172.854], [0, 0, 1]], [[-0.31689940957844515, -0.02330788986321152, 0.9481727197504457, -0.5541905342483568], [-0.00015718212004068116, 0.9996992787486758, 0.024521977146198123, -1.6059606232668175], [-0.9484591396062426, 0.007621964281071197, -0.31680777477499517, -0.0217666625899966]]]
[[[721.5377, 0, 609.5593], [0, 721.5377, 172.854], [0, 0, 1]], [[-0.3158193003293806, -0.02474701554958398, 0.9484965760406566, -0.5505072014627678], [-0.0006139534932450936, 0.9996649300252035, 0.025877610763229524, -1.60549632903528], [-0.9488191569527719, 0.007590316139248025, -0.315728672281023, -0.02062988282000333]]]
[[[721.5377, 0, 609.5593], [0, 721.5377, 172.854], [0, 0, 1]], [[-0.3150443077009076, -0.02675832413313119, 0.9486996765440802, -0.6025561597317264], [-0.0014079423842512989, 0.9996145456852401, 0.027726841737451477, -1.7669545047978483], [-0.9490759199787436, 0.007399469175376121, -0.3149605466918423, -0.0227432250899966]]]
[[[721.5377, 0, 609.5593], [0, 721.5377, 172.854], [0, 0, 1]], [[-0.31428330874460186, -0.02674513282478525, 0.9489524222608475, -0.5449674851486654], [-0.0018982942691442752, 0.9996187783073162, 0.027544410217982727, -1.6039628474004404], [-0.9493273399220171, 0.0068553574358578865, -0.3142142672620287, -0.021659851080002568]]]
[[[721.5377, 0, 609.5593], [0, 721.5377, 172.854], [0, 0, 1]], [[-0.314105405238838, -0.029493860099350518, 0.9489298744460442, -0.543558720089782], [-0.0026112183842864835, 0.9995403879886897, 0.03020255482519867, -1.6076501674332362], [-0.9493845248045151, 0.007008922589065076, -0.3140380535314878, -0.017845153810000625]]]
[[[721.5377, 0, 609.5593], [0, 721.5377, 172.854], [0, 0, 1]], [[-0.31403184852685206, -0.032608262204125854, 0.9488523063927469, -0.5958405910787704], [-0.003267933372498387, 0.9994412158664301, 0.03326524671342246, -1.7680066739517775], [-0.9494068246659496, 0.007345560799484922, -0.31396293414073567, -0.019386291499998265]]]
[[[721.5377, 0, 609.5593], [0, 721.5377, 172.854], [0, 0, 1]], [[-0.3144719195655285, -0.03334831950094058, 0.9486808216630264, -0.5424824907300593], [-0.0035706676115997336, 0.9994172150755672, 0.0339482038317938, -1.6087933255758486], [-0.9492600603299284, 0.007288332941128032, -0.3144077258359915, -0.017578125]]]
[[[721.5377, 0, 609.5593], [0, 721.5377, 172.854], [0, 0, 1]], [[-0.31516433843470054, -0.03309288700044105, 0.9484599625756448, -0.596606969505507], [-0.003357257511157825, 0.9994244814359957, 0.0337555140442983, -1.7654860959155343], [-0.9490311736718775, 0.0074543099189049635, -0.3150940568506674, -0.022598266599999306]]]
[[[721.5377, 0, 609.5593], [0, 721.5377, 172.854], [0, 0, 1]], [[-0.31545538017023617, -0.032846366767317184, 0.9483717727304196, -0.5454536674514973], [-0.003204821459407763, 0.9994319423997924, 0.03354879476808795, -1.6067127916351933], [-0.9489349989546518, 0.007543785599077384, -0.31538145008508356, -0.01884460448999903]]]
[[[721.5377, 0, 609.5593], [0, 721.5377, 172.854], [0, 0, 1]], [[-0.31550826743913557, -0.031401377003421174, 0.9484031245730077, -0.5457902760038983], [-0.0028349180712091337, 0.9994790544049803, 0.032149386390035506, -1.6048130145500727], [-0.9489185931454207, 0.0074547520425082, -0.31543292512814874, -0.019119262700002082]]]
[[[721.5377, 0, 609.5593], [0, 721.5377, 172.854], [0, 0, 1]], [[-0.3154290748445492, -0.03204235045948499, 0.9484080274437492, -0.5989471282738738], [-0.0028821556626676174, 0.9994575003570113, 0.03280850741577309, -1.7645154621333112], [-0.9489447781201222, 0.007615297574371408, -0.31535030572587974, -0.019027709959999584]]]
[[[721.5377, 0, 609.5593], [0, 721.5377, 172.854], [0, 0, 1]], [[-0.3155067979775751, -0.034390525774154385, 0.9482999273262204, -0.5443773711032228], [-0.0030923811452453097, 0.9993750129408359, 0.03521392747701605, -1.6043983310604495], [-0.9489182776239428, 0.008177728687186782, -0.3154159589252398, -0.019294738770000208]]]
[[[721.5377, 0, 609.5593], [0, 721.5377, 172.854], [0, 0, 1]], [[-0.31553063920443924, -0.036627397240830493, 0.9482082310835528, -0.5429323959095412], [-0.003533144221811466, 0.9992931933278938, 0.03742500047359553, -1.6012096776652371], [-0.9489088115383616, 0.008458577888933113, -0.315437029920317, -0.022369384770001943]]]
[[[721.5377, 0, 609.5593], [0, 721.5377, 172.854], [0, 0, 1]], [[-0.3153715774382968, -0.03770289269507393, 0.9482189937068884, -0.5974886878375986], [-0.004127818900807252, 0.9992554851030828, 0.038359309202913874, -1.7628929919365561], [-0.9489592874592685, 0.008183359568438596, -0.31529240931391156, -0.026718139639996252]]]
[[[721.5377, 0, 609.5593], [0, 721.5377, 172.854], [0, 0, 1]], [[-0.3151964731381151, -0.03780923838200768, 0.9482729801139891, -0.541828390224113], [-0.004574767609280438, 0.9992549945369732, 0.038321369942039586, -1.6005765295521368], [-0.9490154133746272, 0.007740632137370541, -0.315134618522782, -0.022613525389999722]]]
[[[721.5377, 0, 609.5593], [0, 721.5377, 172.854], [0, 0, 1]], [[-0.31477891360438087, -0.03662711447683554, 0.9484580591861438, -0.5402815983936363], [-0.004698109308491446, 0.9993030590395672, 0.0370313915899569, -1.5996947720992725], [-0.9491533929344462, 0.007200741577368886, -0.3147316094734762, -0.018974304200000347]]]
[[[721.5377, 0, 609.5593], [0, 721.5377, 172.854], [0, 0, 1]], [[-0.3141893933336859, -0.036470585408290984, 0.948659539306166, -0.5951190906814746], [-0.004632115601976323, 0.9993088314626026, 0.036883639542454806, -1.758183871140861], [-0.9493490236059973, 0.007194147678798462, -0.3141411714779126, -0.020408630380003956]]]
[[[721.5377, 0, 609.5593], [0, 721.5377, 172.854], [0, 0, 1]], [[-0.31357193858337934, -0.036427258471989854, 0.948865477385112, -0.538788819453193], [-0.004584121123582799, 0.9993103330233144, 0.03684893684160952, -1.5945176858028436], [-0.9495533819467896, 0.007205078281840435, -0.31352266533755874, -0.016044616689995905]]]
[[[721.5377, 0, 609.5593], [0, 721.5377, 172.854], [0, 0, 1]], [[-0.3130920681611296, -0.036874197132571424, 0.9490066651190681, -0.5382165496780923], [-0.00453639528765903, 0.9992926414235577, 0.03733146011774925, -1.5936017804090465], [-0.9497119447350237, 0.007383114692137689, -0.31303787573560815, -0.01773834229000215]]]
[[[721.5377, 0, 609.5593], [0, 721.5377, 172.854], [0, 0, 1]], [[-0.3123578836617897, -0.03665917152915453, 0.9492568976083997, -0.5899018833007977], [-0.004528569489820094, 0.9993012347455068, 0.037101675089965924, -1.7550951055114865], [-0.949953706541905, 0.0072902248868984216, -0.31230563243142884, -0.01672363280999889]]]
[[[721.5377, 0, 609.5593], [0, 721.5377, 172.854], [0, 0, 1]], [[-0.31164932225032566, -0.03522088345154451, 0.9495442008194277, -0.5358208136448033], [-0.004444108880761161, 0.9993558842826976, 0.035609920609341275, -1.5888110120090888], [-0.9501867973389068, 0.0068779298077522345, -0.31160510946451286, -0.016365051270000208]]]
