[[[721.5377, 0, 609.5593], [0, 721.5377, 172.854], [0, 0, 1]], [[0.10081882355294866, 0.06150655957890561, -0.9930017663358741, 0.0], [-0.0052364924760019025, 0.9981061986640738, 0.06129107059679327, 0.0], [0.9948910211495268, -0.0009794473537950168, 0.1009499713666773, 0.0]]]
[[[721.5377, 0, 609.5593], [0, 721.5377, 172.854], [0, 0, 1]], [[0.10081905909303095, 0.061341490740733855, -0.9930119530183412, 0.012045773661210108], [-0.005231955623641602, 0.9981163689546368, 0.06112561382238727, 0.017601001116355323], [0.9948910211495268, -0.0009672324001194109, 0.10095008914080256, -0.011657714850002776]]]
[[[721.5377, 0, 609.5593], [0, 721.5377, 172.854], [0, 0, 1]], [[0.10093577001127431, 0.06125552407776454, -0.9930054033600167, 0.016316440469400274], [-0.005229004845205578, 0.9981216471380311, 0.06103961846860451, 0.02704026734324449], [0.9948792026374659, -0.0009686508258381494, 0.10106648245099682, -0.016975402829999098]]]
[[[721.5377, 0, 609.5593], [0, 721.5377, 172.854], [0, 0, 1]], [[0.10116291377344747, 0.060982617376961895, -0.9929990862305569, 0.016840048720854366], [-0.005228802901527366, 0.9981383713238338, 0.060765543782816525, 0.045197663730575974], [0.9948561325624339, -0.0009550229628013546, 0.10129345207888568, -0.021995544429998404]]]
[[[721.5377, 0, 609.5593], [0, 721.5377, 172.854], [0, 0, 1]], [[0.10124961202785815, 0.06081247473296354, -0.9930006842802581, 0.015767700506446276], [-0.005228208078128155, 0.9981487627547193, 0.06059466355641167, 0.04694115698048467], [0.9948473158754061, -0.0009435719769044456, 0.10138011524665182, -0.019927978520001943]]]
[[[721.5377, 0, 609.5593], [0, 721.5377, 172.854], [0, 0, 1]], [[0.10151151782758554, 0.06095957358476838, -0.9929649249277152, 0.015579187494511372], [-0.005229823617328501, 0.9981397615435954, 0.060742615770365875, 0.1260494996477954], [0.9948206173442886, -0.0009730437081018872, 0.10164149001599056, -0.08295440674000076]]]
[[[721.5377, 0, 609.5593], [0, 721.5377, 172.854], [0, 0, 1]], [[0.10169622378299478, 0.06128416586084462, -0.9929260441155824, 0.011573389847263077], [-0.005240971037348357, 0.998119851524191, 0.061067947533157245, 0.09760433835526074], [0.9948016939525509, -0.0010064830188614995, 0.1018262083211784, -0.05474090575999924]]]
[[[721.5377, 0, 609.5593], [0, 721.5377, 172.854], [0, 0, 1]], [[0.10195010981753562, 0.06145513194090278, -0.992889440907858, 0.015194325796042248], [-0.005243322059896939, 0.9981093079542305, 0.06123983139185983, 0.11424961048907144], [0.9947756946578302, -0.001037368427056565, 0.10207958260483788, -0.06478118895999785]]]
[[[721.5377, 0, 609.5593], [0, 721.5377, 172.854], [0, 0, 1]], [[0.10214185146633967, 0.06169420638745733, -0.9928549073642382, 0.0175867940592101], [-0.005253080973371251, 0.9980945309214012, 0.06147936633599321, 0.11603915465388455], [0.9947559737540235, -0.0010640690813423456, 0.10227130798848091, -0.053535461430001874]]]
[[[721.5377, 0, 609.5593], [0, 721.5377, 172.854], [0, 0, 1]], [[0.10221123727259819, 0.06220161900389738, -0.9928161066222176, 0.026947731874594715], [-0.005278990670725707, 0.9980630041496331, 0.06198686962016915, 0.1479023355401413], [0.994748709590871, -0.0010946876739278113, 0.10234161629656591, -0.08689880370999958]]]
[[[721.5377, 0, 609.5593], [0, 721.5377, 172.854], [0, 0, 1]], [[0.10199299326127666, 0.0625718520301528, -0.992815286273898, 0.026314101758914556], [-0.005300137392475668, 0.998039857914781, 0.062356640039892004, 0.14650912168044963], [0.9947709977020973, -0.001097882944782838, 0.10212471191544924, -0.07936859131000062]]]
[[[721.5377, 0, 609.5593], [0, 721.5377, 172.854], [0, 0, 1]], [[0.10150594675516753, 0.062364133310547666, -0.9928782693008048, 0.03559056706631117], [-0.0052797131342831255, 0.9980528931994233, 0.062149392639673826, 0.1881542827610465], [0.9948209222782545, -0.0010664205009769743, 0.10163756856968945, -0.1173019409200009]]]
[[[721.5377, 0, 609.5593], [0, 721.5377, 172.854], [0, 0, 1]], [[0.10037805697280477, 0.06148974175744249, -0.9930474597605935, 0.03561601528534167], [-0.005206251884386729, 0.9981072335723116, 0.06127679195211989, 0.20160211337430686], [0.9949357469805177, -0.000980790105016551, 0.10050819584038517, -0.09632110594999688]]]
[[[721.5377, 0, 609.5593], [0, 721.5377, 172.854], [0, 0, 1]], [[0.09768412668102465, 0.060905164427588435, -0.9933520888087034, 0.03493179828264505], [-0.005084059985984012, 0.9981431701881341, 0.060698963260014255, 0.2634162402479055], [0.9952044833744593, -0.0008790636097921286, 0.0978123893918633, -0.10673522950000347]]]
[[[721.5377, 0, 609.5593], [0, 721.5377, 172.854], [0, 0, 1]], [[0.09375096148058196, 0.06063493075837707, -0.993747534534498, 0.0197104315930729], [-0.004892891603815197, 0.9981596858005684, 0.06044254506772594, 0.2143509453977454], [0.9955836563710856, -0.0008042477463968155, 0.09387511039856446, -0.07112121581999986]]]
[[[721.5377, 0, 609.5593], [0, 721.5377, 172.854], [0, 0, 1]], [[0.08793852230297522, 0.06048486751834343, -0.9942878844160064, 0.019136199876840405], [-0.004600825475960709, 0.9981688478420027, 0.06031404150534749, 0.21028220223061694], [0.9961152788207341, -0.0007293826550403355, 0.08805577380747753, -0.06260681151999847]]]
[[[721.5377, 0, 609.5593], [0, 721.5377, 172.854], [0, 0, 1]], [[0.07919401613447433, 0.06057353175168553, -0.9950171631985149, 0.028394507725071624], [-0.004168339459813512, 0.9981635335518176, 0.06043331228302069, 0.260616240292862], [0.9968505067233704, -0.0006383874034491955, 0.07930107002356737, -0.09384918213000049]]]
[[[721.5377, 0, 609.5593], [0, 721.5377, 172.854], [0, 0, 1]], [[0.06849922000396907, 0.06101043261854504, -0.9957839042536015, 0.024498593191664142], [-0.003644234377938011, 0.9981369807103808, 0.0609039185452258, 0.2443081202919844], [0.9976445140502936, -0.0005430009786549273, 0.0685939409517392, -0.07650756836000028]]]
[[[721.5377, 0, 609.5593], [0, 721.5377, 172.854], [0, 0, 1]], [[0.05473431275319293, 0.06121841118131077, -0.9966225269076913, 0.02984278453500189], [-0.002945574265205596, 0.9981243093678079, 0.06114888912551679, 0.2736515016565638], [0.9984966092079051, -0.0004113167545228874, 0.05481197149203474, -0.08898925780999889]]]
[[[721.5377, 0, 609.5593], [0, 721.5377, 172.854], [0, 0, 1]], [[0.035891546813524064, 0.061167237215114655, -0.9974820128497569, 0.02313134751985823], [-0.001945861072980972, 0.9981274993275424, 0.06113680324347748, 0.2558638483139664], [0.9993537964564988, -0.00025333301583943416, 0.03594336281381888, -0.061622619630000486]]]
[[[721.5377, 0, 609.5593], [0, 721.5377, 172.854], [0, 0, 1]], [[0.015560611268798987, 0.060659929844678384, -0.9980371938400793, 0.020967166032146014], [-0.0008418866196443636, 0.9981584855031942, 0.060654175824005764, 0.2640361512422756], [0.9998785719295423, -0.00010358189242536836, 0.015583024960853132, -0.0663833618200016]]]
[[[721.5377, 0, 609.5593], [0, 721.5377, 172.854], [0, 0, 1]], [[-0.008020403231878998, 0.05939183823419124, -0.9982025258849837, 0.01337162055885233], [0.00042984729842438906, 0.9982347455972981, 0.05939030151125177, 0.24274260337553644], [0.9999677436614134, 4.7259507151050196e-05, -0.008031774600975905, -0.04653930663999972]]]
[[[721.5377, 0, 609.5593], [0, 721.5377, 172.854], [0, 0, 1]], [[-0.037269583691388206, 0.05813706344775025, -0.9976126803450039, 0.011806285204807795], [0.0020022560872971205, 0.9983085963931436, 0.05810281695505301, 0.30625628445309366], [0.9993032418150316, 0.00016799173722617774, -0.037322951072292394, -0.08150482176999674]]]
[[[721.5377, 0, 609.5593], [0, 721.5377, 172.854], [0, 0, 1]], [[-0.06621633618449689, 0.0569527707710801, -0.9961785877661687, 0.0006822664711636779], [0.0035848066345675967, 0.9983768550959986, 0.05684016511249721, 0.27044427140210653], [0.9977988504622034, 0.00019263987123308612, -0.06631302214637456, -0.0718460083100041]]]
[[[721.5377, 0, 609.5593], [0, 721.5377, 172.854], [0, 0, 1]], [[-0.09760029086889625, 0.05586432763177401, -0.9936565604476008, -0.005862644378113746], [0.00534749320862412, 0.9984383626208583, 0.05560791637315039, 0.27460934408880305], [0.9952113280799664, 0.00011377710393438958, -0.09774660871907553, -0.06369018553999695]]]
[[[721.5377, 0, 609.5593], [0, 721.5377, 172.854], [0, 0, 1]], [[-0.1349518705171736, 0.05432924749277397, -0.9893615747090572, -0.015009866568494784], [0.007445142030959316, 0.9985230704416603, 0.05381679715384457, 0.31842958792574816], [0.9908241834473233, -0.0001032600025278673, -0.1351570450746724, -0.07057952881000062]]]
[[[721.5377, 0, 609.5593], [0, 721.5377, 172.854], [0, 0, 1]], [[-0.17116266027746876, 0.05254179592837209, -0.9838407916971939, -0.024941796430327588], [0.0094284289816839, 0.9986186339245361, 0.051690702313187634, 0.2833482760003716], [0.9851976697362196, -0.0004285549142647503, -0.17142160857665611, -0.04833221436000201]]]
[[[721.5377, 0, 609.5593], [0, 721.5377, 172.854], [0, 0, 1]], [[-0.2097484441890225, 0.05000042140903903, -0.9764760867626011, -0.03089730618974923], [0.01119460804245248, 0.9987489450855692, 0.048736284647461374, 0.31833392705929964], [0.9776912963257167, -0.0007089071737767752, -0.21004577248675727, -0.05935668944999861]]]
[[[721.5377, 0, 609.5593], [0, 721.5377, 172.854], [0, 0, 1]], [[-0.25423839037121493, 0.04716920173335297, -0.9659906351871596, -0.0523256980469208], [0.01289380520617776, 0.9988864923963695, 0.045381990870639655, 0.33178153478818684], [0.9670556295522812, -0.0009174507703025621, -0.25456348448928257, -0.04286193848000153]]]
[[[721.5377, 0, 609.5593], [0, 721.5377, 172.854], [0, 0, 1]], [[-0.2957533733915175, 0.04496866057771036, -0.9542053037441075, -0.06079113470650747], [0.014284445357721198, 0.9989878815537789, 0.04265169550574958, 0.3209775301562044], [0.955157524572968, -0.0010159106946871974, -0.29609638832160806, -0.04507446288999972]]]
[[[721.5377, 0, 609.5593], [0, 721.5377, 172.854], [0, 0, 1]], [[-0.3387452866027363, 0.04346986044548576, -0.9398733968132515, -0.07645096015478697], [0.015830915052722588, 0.999054066079716, 0.04050129847523052, 0.31189354873348724], [0.9407449244790128, -0.0011594319454894884, -0.33911302361386864, -0.03210449217999667]]]
[[[721.5377, 0, 609.5593], [0, 721.5377, 172.854], [0, 0, 1]], [[-0.3872045577160244, 0.04243484929685953, -0.921016782718475, -0.09870498318630098], [0.017834847993421707, 0.9990981018175366, 0.03853441502925208, 0.3539446051783693], [0.921821321450632, -0.0015054931909270343, -0.38761215771601204, -0.03990936280000312]]]
[[[721.5377, 0, 609.5593], [0, 721.5377, 172.854], [0, 0, 1]], [[-0.43121811175925573, 0.043877288964362535, -0.9011801837612275, -0.10691522623996218], [0.019994802418719104, 0.9990362435676212, 0.03907418475839253, 0.32466996625477174], [0.9020261348580862, -0.001169423547924404, -0.43167984025380096, -0.037818908689999375]]]
[[[721.5377, 0, 609.5593], [0, 721.5377, 172.854], [0, 0, 1]], [[-0.4749945551221589, 0.0475958473072277, -0.8787006361232531, -0.12393962475100245], [0.022347385675522177, 0.9988666226463815, 0.042024570390200314, 0.3227289215746987], [0.8797049317571045, 0.0003247801079200384, -0.47551984980661915, -0.03447723389000146]]]
[[[721.5377, 0, 609.5593], [0, 721.5377, 172.854], [0, 0, 1]], [[-0.5229019231882942, 0.046221178156562966, -0.8511387556772412, -0.15811809090198342], [0.022920381092917795, 0.9989301125244948, 0.040165736920360226, 0.35224471585748074], [0.8520846406646106, 0.0014943164388572198, -0.5234018839876695, -0.04179382323999903]]]
[[[721.5377, 0, 609.5593], [0, 721.5377, 172.854], [0, 0, 1]], [[-0.5660960232782014, 0.04423436505545074, -0.8231516344980111, -0.16398840813540608], [0.022879895016506946, 0.9990176673101969, 0.03795010943497343, 0.3094219135764089], [0.8240217247334197, 0.0026497830541304165, -0.5665520062775582, -0.029769897459999584]]]
[[[721.5377, 0, 609.5593], [0, 721.5377, 172.854], [0, 0, 1]], [[-0.6121699992849441, 0.04204223086172458, -0.7896077145010939, -0.2009547330469091], [0.021958766055266123, 0.9991042807214221, 0.03617248729987836, 0.3484152390649557], [0.7904212197106057, 0.004804900446338303, -0.6125448623267516, -0.04602813721000132]]]
[[[721.5377, 0, 609.5593], [0, 721.5377, 172.854], [0, 0, 1]], [[-0.6528524567191265, 0.04303984672071402, -0.7562613578321046, -0.2003280787102175], [0.02285198073037167, 0.9990491246642285, 0.03712995400397621, 0.31286618452321835], [0.7571403150886233, 0.006958311713060066, -0.6532152211680344, -0.04087829588999625]]]
[[[721.5377, 0, 609.5593], [0, 721.5377, 172.854], [0, 0, 1]], [[-0.6925070698077734, 0.045370264506239294, -0.7199829840800999, -0.23077505340867474], [0.02451528845454529, 0.9989239937737714, 0.03936820157244446, 0.2956701896047658], [0.7209944236249278, 0.009612167377447356, -0.6928741930105825, -0.023834228520001943]]]
[[[721.5377, 0, 609.5593], [0, 721.5377, 172.854], [0, 0, 1]], [[-0.7346029739293266, 0.04651525434246126, -0.6769008803419044, -0.2839430219290287], [0.02646522864997297, 0.9988524193509352, 0.03991786604126392, 0.29997241363723653], [0.6779808716820067, 0.01140944653520846, -0.7349909946135847, -0.00887298584000007]]]
[[[721.5377, 0, 609.5593], [0, 721.5377, 172.854], [0, 0, 1]], [[-0.7708389378957299, 0.04684757104607702, -0.6353051525927251, -0.28446955741309127], [0.028426770056047927, 0.9988284170670854, 0.03916263529745172, 0.26101023347354557], [0.6363955142582037, 0.012128410709709669, -0.7712675612818765, -0.009529113770000208]]]
[[[721.5377, 0, 609.5593], [0, 721.5377, 172.854], [0, 0, 1]], [[-0.8045743022989555, 0.044622192373778465, -0.5921731605095811, -0.31397357427982014], [0.029154431464584685, 0.9989385665583932, 0.03566173535092613, 0.25410144624936326], [0.5931359129290061, 0.011428044015498295, -0.8050212348775988, -0.009483337399998959]]]
[[[721.5377, 0, 609.5593], [0, 721.5377, 172.854], [0, 0, 1]], [[-0.8379829510169483, 0.04105851193356862, -0.5441495864215353, -0.37146188485521975], [0.029073744018419157, 0.9991083524095018, 0.0306140091187398, 0.2645026695753241], [0.5449213624126681, 0.00983355192043297, -0.8384294902035292, -0.011543273930001874]]]
[[[721.5377, 0, 609.5593], [0, 721.5377, 172.854], [0, 0, 1]], [[-0.8649815797166751, 0.03763968988020773, -0.5003899684211975, -0.3564605213004038], [0.028334815345852124, 0.9992554720980563, 0.02618472305385428, 0.2302111231344494], [0.5010029989832014, 0.008470845755435108, -0.8654040904583395, -0.013992309569999861]]]
[[[721.5377, 0, 609.5593], [0, 721.5377, 172.854], [0, 0, 1]], [[-0.8911551883252371, 0.03571163991176477, -0.4522909562392594, -0.4168116768596282], [0.02882108948355802, 0.9993398402986711, 0.022118507924522683, 0.23883081190636932], [0.4527822601670608, 0.006675504972575542, -0.8915961319517762, -0.01655578612999875]]]
[[[721.5377, 0, 609.5593], [0, 721.5377, 172.854], [0, 0, 1]], [[-0.9118609538896841, 0.03596965386704384, -0.40892026701067347, -0.39728777586539116], [0.0302684799749152, 0.999333454735291, 0.02040748310880552, 0.20646985592002168], [0.4093817532467753, 0.006231392100733472, -0.9123419040365751, -0.015449523930001874]]]
[[[721.5377, 0, 609.5593], [0, 721.5377, 172.854], [0, 0, 1]], [[-0.9301767846727464, 0.036974671532785955, -0.36524515454816603, -0.4093721783277997], [0.03247635636481382, 0.9993021305712404, 0.018453674784307546, 0.2020378191283191], [0.365672579684527, 0.005303348076635993, -0.9307284453405522, -0.022911071769996738]]]
[[[721.5377, 0, 609.5593], [0, 721.5377, 172.854], [0, 0, 1]], [[-0.9459073457558005, 0.03929249567072268, -0.3220487432504321, -0.4257213839222319], [0.03509601131690246, 0.9992065611043435, 0.018828654643275777, 0.18852502799508974], [0.32253304208229633, 0.006507536400062238, -0.9465358359487196, -0.02437591553000118]]]
[[[721.5377, 0, 609.5593], [0, 721.5377, 172.854], [0, 0, 1]], [[-0.9602169738884625, 0.0386340043517026, -0.27656965987656024, -0.490438905614456], [0.034350080200377185, 0.99920328222694, 0.02031927107791631, 0.18422068972255434], [0.27713432672029503, 0.010010718988305274, -0.9607790331073145, -0.01965332030999889]]]
[[[721.5377, 0, 609.5593], [0, 721.5377, 172.854], [0, 0, 1]], [[-0.9705072797381632, 0.03662710428244302, -0.23827311054148312, -0.46411138092889437], [0.032739857725451925, 0.9992586894670271, 0.02025273415509121, 0.14717041171195874], [0.2388382751808176, 0.011854398193188717, -0.9709869986524687, -0.021560668950002082]]]
[[[721.5377, 0, 609.5593], [0, 721.5377, 172.854], [0, 0, 1]], [[-0.9783891992771727, 0.03444900767141193, -0.2038819281060186, -0.4932586875318496], [0.03133971261568394, 0.9993382959864063, 0.018460568467738598, 0.1301197998440556], [0.2043829668806554, 0.011672019766978034, -0.9788214172174718, -0.002990722649997224]]]
[[[721.5377, 0, 609.5593], [0, 721.5377, 172.854], [0, 0, 1]], [[-0.9847813448691307, 0.031805626779014835, -0.17086282481259754, -0.5531609111621206], [0.029547378229870816, 0.9994393800262249, 0.015744144706407132, 0.13703926575889736], [0.17126778809071871, 0.010455991487627844, -0.9851690296616735, -0.016998291020001943]]]
[[[721.5377, 0, 609.5593], [0, 721.5377, 172.854], [0, 0, 1]], [[-0.9890520145154126, 0.030033261562788523, -0.14447877277615995, -0.51424444280563], [0.02835597417309138, 0.9995046178495564, 0.01365494877717571, 0.1104569522981066], [0.14481730321926004, 0.009408618246769673, -0.9894136781907694, -0.018493652339998334]]]
[[[721.5377, 0, 609.5593], [0, 721.5377, 172.854], [0, 0, 1]], [[-0.9924443681854218, 0.03102223515009278, -0.11870887491393009, -0.5801062010675777], [0.029847826706396175, 0.9994864585975765, 0.011658744399807026, 0.1095017797361248], [0.1190095933021523, 0.008027453292759563, -0.9928606532115616, -0.019836425790003887]]]
[[[721.5377, 0, 609.5593], [0, 721.5377, 172.854], [0, 0, 1]], [[-0.9946153300199208, 0.03354287561073323, -0.09805723219185303, -0.540197922250926], [0.03259326828100377, 0.9994051499280734, 0.011270543909121323, 0.08663982219830711], [0.09837694929263976, 0.008013850073952968, -0.9951169549630161, -0.01615142821999882]]]
[[[721.5377, 0, 609.5593], [0, 721.5377, 172.854], [0, 0, 1]], [[-0.996244897005028, 0.03400626908075185, -0.07962210029036197, -0.5517594565826768], [0.033269005930118535, 0.999390556885188, 0.010568256863620973, 0.07501212465415283], [0.07993296213617195, 0.007879623843892214, -0.9967690971795906, -0.015960693360000278]]]
[[[721.5377, 0, 609.5593], [0, 721.5377, 172.854], [0, 0, 1]], [[-0.9975181264783896, 0.032114111758762894, -0.06265996467433851, -0.6121525282603785], [0.031629923810642446, 0.9994617476839889, 0.00870418498191728, 0.08768509379221963], [0.06290576497250962, 0.006700652387056586, -0.9979969769447257, -0.04061889647999806]]]
[[[721.5377, 0, 609.5593], [0, 721.5377, 172.854], [0, 0, 1]], [[-0.9983342708286643, 0.029277279543462046, -0.04971443041545361, -0.5692537831704073], [0.02892783916082886, 0.9995515811412805, 0.007734129521240023, 0.05017085666701644], [0.04991857179932351, 0.0062831155090511456, -0.9987335273480188, -0.0650558471700009]]]
[[[721.5377, 0, 609.5593], [0, 721.5377, 172.854], [0, 0, 1]], [[-0.9988803035212077, 0.027873964416163542, -0.038225401830542155, -0.6226670545478814], [0.027608087415208156, 0.9995909431392956, 0.007465916096999696, 0.04904226978789293], [0.038417870147292026, 0.00640222630181586, -0.9992412515262398, -0.047424316410001666]]]
[[[721.5377, 0, 609.5593], [0, 721.5377, 172.854], [0, 0, 1]], [[-0.9991493401939192, 0.027408865852579123, -0.03081152483619194, -0.5888699819024757], [0.027182566324936156, 0.9996005224085959, 0.00773974731194386, 0.024335594718459905], [0.031011354018268815, 0.0068956271025641626, -0.9994952457359745, -0.024398803709999584]]]
[[[721.5377, 0, 609.5593], [0, 721.5377, 172.854], [0, 0, 1]], [[-0.9992609289139947, 0.02817666287895136, -0.02614711484937678, -0.5852723921758077], [0.02793961818680039, 0.9995655332757842, 0.009387354402214939, 0.021842380086059595], [0.02640025911835693, 0.00864987607442417, -0.9996140284941888, 0.006813049320001596]]]
[[[721.5377, 0, 609.5593], [0, 721.5377, 172.854], [0, 0, 1]], [[-0.9993194615691305, 0.029135375569544316, -0.022621751028698817, -0.6592804713698289], [0.02886137135496886, 0.9995071779850296, 0.012345946699735499, 0.02059977757524553], [0.022970306325633065, 0.011684650051401938, -0.9996678618323602, 0.025939941410001666]]]
[[[721.5377, 0, 609.5593], [0, 721.5377, 172.854], [0, 0, 1]], [[-0.9994198858703631, 0.02773079567197636, -0.01977105708527437, -0.61040386109679], [0.02746697301798586, 0.9995316439444578, 0.013492892459316208, 0.001771746610504045], [0.02013596583477726, 0.0129420139502526, -0.9997134825312761, 0.05211639403999868]]]
[[[721.5377, 0, 609.5593], [0, 721.5377, 172.854], [0, 0, 1]], [[-0.999480701746052, 0.02696533889685595, -0.017640786133198527, -0.6251911686397789], [0.026745488305413668, 0.9995630894332683, 0.012582094337792754, 0.006853392553747106], [0.01797235912518227, 0.012103749038948364, -0.9997652192223321, 0.02738189696999882]]]
[[[721.5377, 0, 609.5593], [0, 721.5377, 172.854], [0, 0, 1]], [[-0.999523006342563, 0.027157502849011382, -0.014704755384934553, -0.6972038949341556], [0.026990680198737713, 0.9995703725472646, 0.011426876569388896, 0.0053824252433622875], [0.015008763251323907, 0.011024534671745547, -0.9998265832937916, 0.047340393070001596]]]
[[[721.5377, 0, 609.5593], [0, 721.5377, 172.854], [0, 0, 1]], [[-0.9995478540762684, 0.027402710462616737, -0.01237654518953836, -0.6442177367674855], [0.027285434873941177, 0.999582091147413, 0.009547151465477417, 0.0152884311069329], [0.012632990749090434, 0.009205135342125517, -0.999877829051163, 0.05039978026999847]]]
[[[721.5377, 0, 609.5593], [0, 721.5377, 172.854], [0, 0, 1]], [[-0.999580194326628, 0.026563698618698506, -0.011567412227259035, -0.6538082861244], [0.02646206820317, 0.9996106236933999, 0.008852115323621366, 0.021765295288485975], [0.011798053074603706, 0.008542301504095256, -0.9998939118869871, 0.08553314209000007]]]
[[[721.5377, 0, 609.5593], [0, 721.5377, 172.854], [0, 0, 1]], [[-0.9996183939124222, 0.02498987353270513, -0.01177169370858785, -0.7306292622665602], [0.02486363579966855, 0.9996330421773528, 0.010750841923871664, 0.025857397054071217], [0.012036036173543336, 0.01045405223203135, -0.999872915237311, 0.11711883545000035]]]
[[[721.5377, 0, 609.5593], [0, 721.5377, 172.854], [0, 0, 1]], [[-0.9996299336885152, 0.024423817510254936, -0.011978013696799185, -0.6742377029753498], [0.024265783125927018, 0.9996188388331875, 0.013166199872232739, 0.025924916792481132], [0.01229501700610537, 0.012870671622563836, -0.9998415766354206, 0.07930755614999896]]]
[[[721.5377, 0, 609.5593], [0, 721.5377, 172.854], [0, 0, 1]], [[-0.9996568490357399, 0.02303903678603336, -0.012465430594561662, -0.7510032339594673], [0.02286213816874099, 0.9996384526559224, 0.014152265190653955, 0.030196662572475323], [0.01278697830957059, 0.013862422430621597, -0.999822147399259, 0.1331634521500007]]]
[[[721.5377, 0, 609.5593], [0, 721.5377, 172.854], [0, 0, 1]], [[-0.9996610575872804, 0.02251047754002726, -0.013078545194318062, -0.6922931243270234], [0.022360147814284585, 0.9996835016098801, 0.011529110925492586, 0.02839377063711548], [0.013333931648363733, 0.011232765017078237, -0.9998480040770537, 0.08961486817000264]]]
[[[721.5377, 0, 609.5593], [0, 721.5377, 172.854], [0, 0, 1]], [[-0.9996531797267402, 0.022691759768644144, -0.013364292005938758, -0.7021296372331213], [0.02258800772863882, 0.9997139300838105, 0.007863835147889294, 0.03688431609329315], [0.013538913142080809, 0.0075592350793165005, -0.9998797706704277, 0.1165847778299991]]]
[[[721.5377, 0, 609.5593], [0, 721.5377, 172.854], [0, 0, 1]], [[-0.999586209849, 0.025007142066307015, -0.014214497014894916, -0.7833827726158636], [0.024953854108617914, 0.999680942164367, 0.0039139543289781805, 0.0345902115009292], [0.014307838580188527, 0.003557628288488313, -0.999891308611153, 0.06882476805999715]]]
[[[721.5377, 0, 609.5593], [0, 721.5377, 172.854], [0, 0, 1]], [[-0.9995767127390931, 0.024960391978704453, -0.01494570781120487, -0.727525544426614], [0.024899606312166776, 0.9996809672763364, 0.004239489467807687, 0.026287875300125368], [0.015046758960240847, 0.003865552705367537, -0.9998793189915843, 0.09636688233000257]]]
[[[721.5377, 0, 609.5593], [0, 721.5377, 172.854], [0, 0, 1]], [[-0.9995671329332039, 0.02515448274657232, -0.01525774417949956, -0.7370781653888743], [0.025028392265095976, 0.9996514535124449, 0.008399468499895436, 0.025290990164814887], [0.015463710431818777, 0.00801395584019824, -0.9998483135813513, 0.06341552733999833]]]
[[[721.5377, 0, 609.5593], [0, 721.5377, 172.854], [0, 0, 1]], [[-0.9995352219900733, 0.02651295854152631, -0.015046695006887052, -0.8148464680020184], [0.02632584630113613, 0.9995752571807868, 0.012500201938097122, 0.04399388182883013], [0.015371721366975458, 0.012098275139025269, -0.9998086526535348, 0.1225357055700016]]]
[[[721.5377, 0, 609.5593], [0, 721.5377, 172.854], [0, 0, 1]], [[-0.9994861574558952, 0.028672518590391376, -0.014328563491613357, -0.7522806327835146], [0.0284710638524179, 0.999495571653917, 0.014071274545016142, 0.03312847650388855], [0.014724794639012015, 0.013656094679421985, -0.9997983254141534, 0.06833648680999715]]]
[[[721.5377, 0, 609.5593], [0, 721.5377, 172.854], [0, 0, 1]], [[-0.9993521115937214, 0.03320083048869983, -0.013894671929590976, -0.7598905038602138], [0.033013606303506506, 0.9993638079015927, 0.013493748747679828, 0.03420856469185332], [0.014333835913928233, 0.013026293075509069, -0.9998124108235021, 0.05107879639000146]]]
[[[721.5377, 0, 609.5593], [0, 721.5377, 172.854], [0, 0, 1]], [[-0.9992585012711811, 0.036208936635999216, -0.01309047535283508, -0.848315463479173], [0.03606389637672428, 0.9992872691858892, 0.011151189225245304, 0.030201223798424236], [0.0134849180717527, 0.010670827085963258, -0.9998521342848149, 0.046936035160001666]]]
[[[721.5377, 0, 609.5593], [0, 721.5377, 172.854], [0, 0, 1]], [[-0.9992336812892147, 0.03708120565121017, -0.012531335310204983, -0.7768120244763388], [0.03698552503783999, 0.9992854944032624, 0.007782776683335585, 0.018335261278605623], [0.012810976343723456, 0.007313334580068127, -0.9998911910915309, 0.029754638669999167]]]
[[[721.5377, 0, 609.5593], [0, 721.5377, 172.854], [0, 0, 1]], [[-0.999235286811832, 0.03715985263887922, -0.012164988365489592, -0.8546508494923296], [0.03712166733067377, 0.9993051384958588, 0.0033499239339420768, 0.04293993355176613], [0.01228101806311283, 0.0028957775517452103, -0.9999203923651644, -0.009574890140001457]]]
[[[721.5377, 0, 609.5593], [0, 721.5377, 172.854], [0, 0, 1]], [[-0.9991479389056437, 0.03959292048853738, -0.011653189597383515, -0.7833039515561063], [0.039592957736445465, 0.9992158655158679, 0.00022759405782447466, 0.03515072301947804], [0.011653063043005184, -0.00023398410944149578, -0.9999320733795632, -0.007385253899997224]]]
[[[721.5377, 0, 609.5593], [0, 721.5377, 172.854], [0, 0, 1]], [[-0.9990515747970697, 0.04207063534639464, -0.011225530590821445, -0.7888395939102056], [0.042081935686322576, 0.9991138645319092, -0.0007722622650542233, 0.03627619584033803], [0.011183093685871903, -0.0012439218884265685, -0.9999366935331199, -0.002304077150000694]]]
[[[721.5377, 0, 609.5593], [0, 721.5377, 172.854], [0, 0, 1]], [[-0.9990737175743117, 0.041633961226282455, -0.010877505451748159, -0.873415321032192], [0.041632496040886334, 0.9991329264965753, 0.0003611977223859608, 0.03327541658356972], [0.010883111946956429, -9.199455137110872e-05, -0.9999407729517547, -0.01664733887000125]]]
[[[721.5377, 0, 609.5593], [0, 721.5377, 172.854], [0, 0, 1]], [[-0.9990717912058492, 0.04179118078131985, -0.010442855243610417, -0.7999599635335868], [0.04176952706298153, 0.9991246636757317, 0.0022832090991912126, 0.03526006677340321], [0.010529132237312467, 0.0018448966797136742, -0.9999428652330944, -0.011253356929998404]]]
[[[721.5377, 0, 609.5593], [0, 721.5377, 172.854], [0, 0, 1]], [[-0.999026370741775, 0.043034078793372725, -0.009714866181437496, -0.8050243526074707], [0.042999643215928945, 0.9990681388876504, 0.0037261968371613344, 0.03624304771760413], [0.009866166723721353, 0.0033048331232064625, -0.9999458669509103, 0.005126953119997779]]]
[[[721.5377, 0, 609.5593], [0, 721.5377, 172.854], [0, 0, 1]], [[-0.99900853607159, 0.04344424481753424, -0.009723294109134936, -0.8895011096315202], [0.04339422173944326, 0.9990439797551997, 0.0052979273796768395, 0.038240378605605065], [0.009944162897228654, 0.0048707398951749305, -0.9999386928792919, 0.004074096680000139]]]
[[[721.5377, 0, 609.5593], [0, 721.5377, 172.854], [0, 0, 1]], [[-0.9989219781717988, 0.04534818595873024, -0.009920864659519546, -0.8132438482031629], [0.04529315492137087, 0.998957458367063, 0.005703199986531117, 0.029255728528162835], [0.010169151518626305, 0.005247704552477469, -0.9999345228335309, -0.0009460449199991672]]]
[[[721.5377, 0, 609.5593], [0, 721.5377, 172.854], [0, 0, 1]], [[-0.9989374707471952, 0.04511365581110195, -0.009417409227271491, -0.8171590580638887], [0.045070638605020426, 0.9989725985644834, 0.004731263368188666, 0.02812825369979485], [0.009621178354656685, 0.004301787614579304, -0.9999444622329717, -0.0029220581100020127]]]
[[[721.5377, 0, 609.5593], [0, 721.5377, 172.854], [0, 0, 1]], [[-0.9989530847025354, 0.044774574400774064, -0.009379341688973725, -0.9024193889328093], [0.044738019529186754, 0.9989904558385561, 0.004071701374110246, 0.04013537237077373], [0.009552181525446268, 0.0036478254760027606, -0.9999477232322704, -0.008819580069996391]]]
[[[721.5377, 0, 609.5593], [0, 721.5377, 172.854], [0, 0, 1]], [[-0.9989158317240708, 0.04563611649251128, -0.009192714642025765, -0.8260870861796811], [0.04560718513810264, 0.9989538915952738, 0.003332736178695803, 0.034149833078781465], [0.009335191202466262, 0.0029098690932582035, -0.9999521922907483, 0.006561279289996946]]]
[[[721.5377, 0, 609.5593], [0, 721.5377, 172.854], [0, 0, 1]], [[-0.9988870346353833, 0.04632793655814622, -0.008855186705826659, -0.9135522926347515], [0.046300565139702, 0.9989221965767467, 0.003271521669125311, 0.03988620740081699], [0.00899720540361741, 0.002857880429920631, -0.9999554404144084, 0.020477294919999167]]]
[[[721.5377, 0, 609.5593], [0, 721.5377, 172.854], [0, 0, 1]], [[-0.9987962855628253, 0.04833317517222885, -0.008359672462120337, -0.8352415770804681], [0.04831444955969371, 0.9988292246601321, 0.002427741457227947, 0.03141501652808013], [0.008467225616877395, 0.0020209261762794807, -0.9999621102560551, 0.033714294440002845]]]
[[[721.5377, 0, 609.5593], [0, 721.5377, 172.854], [0, 0, 1]], [[-0.9986501108322442, 0.05131647023992522, -0.00803592041158275, -0.670585025547518], [0.05132079702915313, 0.9986821641006774, -0.00033301573550954865, 0.02639677407567431], [0.008008241195099566, -0.0007449760415607591, -0.9999676560187627, 0.03202056885000104]]]
[[[721.5377, 0, 609.5593], [0, 721.5377, 172.854], [0, 0, 1]], [[-0.998461256676065, 0.054960139102511185, -0.007382548793314331, -1.0909560693668223], [0.05498182556925095, 0.9984835206981859, -0.002767264213629919, 0.048437930665580615], [0.007219264084760135, -0.0031689121143061243, -0.9999689196280483, 0.02116394043000014]]]
[[[721.5377, 0, 609.5593], [0, 721.5377, 172.854], [0, 0, 1]], [[-0.9984308225396815, 0.055627313974906875, -0.006441625778633587, -0.8468566792507999], [0.05563713019683527, 0.9984501362311853, -0.0013546967881697205, 0.04646640773303104], [0.006356283992650705, -0.001710964600629286, -0.9999783348922817, 0.007293701169999167]]]
[[[721.5377, 0, 609.5593], [0, 721.5377, 172.854], [0, 0, 1]], [[-0.998385186974051, 0.05661810096721803, -0.004626994019372981, -0.8546815831280622], [0.056603076046324724, 0.9983912532096396, 0.0033162172093034992, 0.033144826890512215], [0.004807308278380869, 0.0030489600442125805, -0.9999837966836089, 0.019515991209999584]]]
[[[721.5377, 0, 609.5593], [0, 721.5377, 172.854], [0, 0, 1]], [[-0.9983586248431512, 0.05717756517325846, -0.003283632462658963, -0.9439478756656305], [0.05715545443738681, 0.998344305065522, 0.006473219546387345, 0.033806229154578045], [0.0036483187015182244, 0.006274917059030449, -0.9999736572463069, 0.018173217769998473]]]
[[[721.5377, 0, 609.5593], [0, 721.5377, 172.854], [0, 0, 1]], [[-0.998428772628669, 0.05598827629729909, -0.0023019349397833248, -0.8615607560128734], [0.05597253449805433, 0.9984117139916239, 0.006412857878672701, 0.023963738224031257], [0.002657323667492713, 0.006273936688015976, -0.9999767879052799, 0.005653381350001041]]]
[[[721.5377, 0, 609.5593], [0, 721.5377, 172.854], [0, 0, 1]], [[-0.9984847400333784, 0.05501063288138354, -0.0014332447336218401, -0.8629530950196652], [0.05500314898841507, 0.998474536884255, 0.004822115213319454, 0.026903114416730087], [0.0016963259813565154, 0.004735975481562011, -0.9999873464271449, -0.005058288569998126]]]
[[[721.5377, 0, 609.5593], [0, 721.5377, 172.854], [0, 0, 1]], [[-0.9986254321109319, 0.05241390118274938, -0.0001711842850174957, -0.9533810753843419], [0.052412969506364246, 0.9986192324838981, 0.0035368263733860186, 0.03162580586734488], [0.000356326787352673, 0.0035229924887133623, -0.9999937307579209, -0.007682800300003123]]]
[[[721.5377, 0, 609.5593], [0, 721.5377, 172.854], [0, 0, 1]], [[-0.9986866241517793, 0.05122343839458089, 0.0010890818881475616, -0.8708938095266395], [0.05122754812893067, 0.9986783527307974, 0.004157655541180979, 0.0221218020048599], [-0.0008746730935645815, 0.004207985971649396, -0.9999907638578677, -0.005264282219997085]]]
[[[721.5377, 0, 609.5593], [0, 721.5377, 172.854], [0, 0, 1]], [[-0.9987004813534514, 0.050900401401718184, 0.002549055026584029, -0.9613451308333238], [0.050913846922293365, 0.9986877864992426, 0.005521348459982644, 0.023408342771253914], [-0.0022646712692720966, 0.005643955562124805, -0.9999815083438568, -0.003913879400002429]]]
[[[721.5377, 0, 609.5593], [0, 721.5377, 172.854], [0, 0, 1]], [[-0.9988454770220685, 0.04788353709672547, 0.003857448335746431, -0.8758659109846407], [0.0479103568700413, 0.9988257658712811, 0.007189376623457728, 0.014870856443419372], [-0.003508666006009159, 0.007365888049322302, -0.9999667159241368, -0.0032196044899990284]]]
[[[721.5377, 0, 609.5593], [0, 721.5377, 172.854], [0, 0, 1]], [[-0.9989220396582165, 0.04614089791688507, 0.005077029100982708, -0.8732247386715685], [0.046176053834927185, 0.9989085095091719, 0.007040005852169882, 0.026032258538898317], [-0.004746655380638083, 0.007266854174143788, -0.9999623303370527, -0.016716003420000902]]]
[[[721.5377, 0, 609.5593], [0, 721.5377, 172.854], [0, 0, 1]], [[-0.9989244306308567, 0.04589216461717413, 0.0066250370239632345, -0.9615727423263438], [0.04593190872252159, 0.9989266918563545, 0.005976960600996648, 0.021766629433244557], [-0.006343630657962159, 0.006274832561121645, -0.999960191620849, -0.018043518070001596]]]
[[[721.5377, 0, 609.5593], [0, 721.5377, 172.854], [0, 0, 1]], [[-0.9988831493125875, 0.04663514804460759, 0.0075905853676985985, -0.8742000707335426], [0.046675777566264294, 0.9988962092080506, 0.005266404691166414, 0.019955505793109472], [-0.007336607387028866, 0.005614819377687333, -0.9999573230870428, 0.005630493170002637]]]
[[[721.5377, 0, 609.5593], [0, 721.5377, 172.854], [0, 0, 1]], [[-0.9988406476783146, 0.047337659418910744, 0.008746802061567025, -0.8763140946993323], [0.047385541689296075, 0.9988623442063324, 0.0053504920747824685, 0.013073637784763963], [-0.008483571439965988, 0.005758760923109816, -0.9999474314624012, 0.0034332275400004164]]]
[[[721.5377, 0, 609.5593], [0, 721.5377, 172.854], [0, 0, 1]], [[-0.9988251269326403, 0.04739388373040358, 0.01010868898246217, -0.9624071712366593], [0.04745588180546631, 0.9988554107229708, 0.005983957846680678, 0.01809310293974178], [-0.009813515683014801, 0.0064566442053303405, -0.9999310009473379, -0.004737854010002707]]]
[[[721.5377, 0, 609.5593], [0, 721.5377, 172.854], [0, 0, 1]], [[-0.9988354760860263, 0.04697029237486577, 0.01102194838586919, -0.8705164179843524], [0.04704092924216809, 0.998873476251921, 0.006239344231274909, 0.02053670762059794], [-0.010716468076491991, 0.006750561059840577, -0.9999197904018817, -0.02668762206999986]]]
[[[721.5377, 0, 609.5593], [0, 721.5377, 172.854], [0, 0, 1]], [[-0.998881027284296, 0.04580437358844238, 0.011775087755089507, -0.9573360454804785], [0.04588286641051917, 0.9989257801854773, 0.006484462259113354, 0.024942602920659498], [-0.011465421990668663, 0.0070174811012083055, -0.9999096454468124, -0.03482055663999972]]]
[[[721.5377, 0, 609.5593], [0, 721.5377, 172.854], [0, 0, 1]], [[-0.9989820123606291, 0.04344676291960524, 0.012137453263155656, -0.8710356450594924], [0.043532190959904474, 0.9990284378577761, 0.006865034718208359, 0.013337264156763196], [-0.011827397437225304, 0.007386416130939979, -0.9999027720366629, -0.024444580080000833]]]
[[[721.5377, 0, 609.5593], [0, 721.5377, 172.854], [0, 0, 1]], [[-0.999146613202069, 0.03947085015861816, 0.01216952400840702, -0.8710835015437693], [0.03957889519322621, 0.9991779695383021, 0.008769050381857962, 0.008730144576600587], [-0.011813398415312055, 0.009243223305311883, -0.99988749689193, -0.021759033199998612]]]
[[[721.5377, 0, 609.5593], [0, 721.5377, 172.854], [0, 0, 1]], [[-0.9993158577780641, 0.035242682669293576, 0.011214709606739308, -0.8679270726301346], [0.03536755287472923, 0.9993123035182128, 0.011138053724802128, 0.01599454935077444], [-0.010814462397421743, 0.011527070546969885, -0.9998750792212294, -0.027244567869999514]]]
[[[721.5377, 0, 609.5593], [0, 721.5377, 172.854], [0, 0, 1]], [[-0.9994370795892683, 0.032153162253407454, 0.009575912446364937, -0.9571779803224927], [0.03228104302876073, 0.9993874725929549, 0.013513470510602879, 0.013648609124615059], [-0.009135546127610023, 0.013814983943953392, -0.9998628346006159, -0.024429321290000416]]]
[[[721.5377, 0, 609.5593], [0, 721.5377, 172.854], [0, 0, 1]], [[-0.9994487235496894, 0.03231173598551614, 0.0076289391463719766, -0.8676600258903153], [0.03242248904881128, 0.9993636318391312, 0.014869887732635277, 0.016391435286088576], [-0.007143612445846843, 0.015109039509636804, -0.9998603331097399, -0.03056335448999903]]]
[[[721.5377, 0, 609.5593], [0, 721.5377, 172.854], [0, 0, 1]], [[-0.9994363675484967, 0.033055062312456245, 0.005857480429828622, -0.955532164841256], [0.033143457170709, 0.9993273186483945, 0.015697816720279593, 0.006415239023480534], [-0.005334647902117723, 0.015883106073112583, -0.9998596243839586, -0.031349182130000486]]]
[[[721.5377, 0, 609.5593], [0, 721.5377, 172.854], [0, 0, 1]], [[-0.9994021207593873, 0.034312282515722554, 0.004250681145445378, -0.8661621611925588], [0.034369987005135716, 0.9993062810939323, 0.01434087024839973, 0.007809566514667967], [-0.0037556643760867058, 0.014478391995517825, -0.9998881293176343, -0.03417205809999757]]]
[[[721.5377, 0, 609.5593], [0, 721.5377, 172.854], [0, 0, 1]], [[-0.9993952660797851, 0.03461948730649922, 0.0032547251728215067, -0.8680454975369194], [0.0346559191879613, 0.9993284881213665, 0.011897062423197817, 0.011159287855414254], [-0.002840669384661744, 0.01200266335856792, -0.9999239304415851, -0.029701232920004372]]]
[[[721.5377, 0, 609.5593], [0, 721.5377, 172.854], [0, 0, 1]], [[-0.9993736113785887, 0.035330805285094385, 0.002029551187850218, -0.9500658097403017], [0.035347583134889116, 0.9993351743085984, 0.008930719798833042, 0.02219377073666202], [-0.0017126723678102132, 0.00899686542690909, -0.9999580607034729, -0.048645019529999445]]]
[[[721.5377, 0, 609.5593], [0, 721.5377, 172.854], [0, 0, 1]], [[-0.9993813320457604, 0.035151657552636724, 0.0011463549815075495, -0.8669188651733196], [0.03515973872516325, 0.9993495200817706, 0.008020566383557406, 0.016573859822571393], [-0.0008636730977199168, 0.008055909857797142, -0.9999671776539184, -0.03862762450999924]]]
[[[721.5377, 0, 609.5593], [0, 721.5377, 172.854], [0, 0, 1]], [[-0.9994761048769392, 0.032364416173225795, 0.0002456537972627117, -0.8693941766244975], [0.032365346798376445, 0.9994448426946956, 0.007905108322861303, 0.013736151309215197], [1.0326794892928629e-05, 0.007908917545504431, -0.9999687239692128, -0.0326232910099975]]]
