[[[718.3351, 0, 600.3891], [0, 718.3351, 181.5122], [0, 0, 1]], [[0.5535000228066752, 0.04720135048063483, -0.8315105274533896, 0.0], [-0.020821413943183653, 0.9988648950958328, 0.04284145266675342, 0.0], [0.8325888501982335, -0.006399520137897114, 0.5538545410733653, 0.0]]]
[[[718.3351, 0, 600.3891], [0, 718.3351, 181.5122], [0, 0, 1]], [[0.5546855733942219, 0.04622663072420094, -0.8307749474317409, 0.914425326862289], [-0.020584948914285663, 0.9989123184927765, 0.04183825810884303, 1.4054172414895265], [0.831805370592496, -0.006105618336768302, 0.5550338249856545, -0.0036773681599981956]]]
[[[718.3351, 0, 600.3891], [0, 718.3351, 181.5122], [0, 0, 1]], [[0.5559070312582689, 0.046310578159813744, -0.8299534342046678, 0.838425437193229], [-0.02055902470473094, 0.9989074306924232, 0.04196750422233739, 1.2850177974721086], [0.8309901919401987, -0.006266997523968392, 0.556251764618528, -0.0010604858400000694]]]
[[[718.3351, 0, 600.3891], [0, 718.3351, 181.5122], [0, 0, 1]], [[0.5571818116406396, 0.04683882701660213, -0.829068485144963, 0.8379556227386574], [-0.020360120455663624, 0.9988783573107372, 0.042749184685026295, 1.2807224694189143], [0.8301408882062644, -0.006939133945417226, 0.5575104968950826, -0.005653381350001041]]]
[[[718.3351, 0, 600.3891], [0, 718.3351, 181.5122], [0, 0, 1]], [[0.5590577247994826, 0.04616944711782632, -0.827842281171275, 0.9087505693637054], [-0.019993153284350994, 0.9989087751194891, 0.0422082078632876, 1.4065810899410787], [0.8288876486978042, -0.007045647033189102, 0.55937073993382, -0.006286621089998334]]]
[[[718.3351, 0, 600.3891], [0, 718.3351, 181.5122], [0, 0, 1]], [[0.5611826603549347, 0.045134954060996185, -0.826460439246108, 0.8290769309495023], [-0.019684253337075405, 0.998957436946846, 0.04118943237227216, 1.2722285878104702], [0.8274578852651776, -0.006846538577990356, 0.561486039917272, -0.005157470699998612]]]
[[[718.3351, 0, 600.3891], [0, 718.3351, 181.5122], [0, 0, 1]], [[0.5637510136107253, 0.04555546961514434, -0.8246875128441217, 0.9134444575832953], [-0.019415363036416815, 0.9989327909220642, 0.04190850628237154, 1.3969903224085594], [0.8257165605285168, -0.007614355442130129, 0.5640338493921769, -0.002479553230003262]]]
[[[718.3351, 0, 600.3891], [0, 718.3351, 181.5122], [0, 0, 1]], [[0.5656357233090383, 0.04723218655024617, -0.823301493421665, 0.8346657823285176], [-0.019891420652289264, 0.9988494026651425, 0.043637165122424625, 1.2643771964899169], [0.824415283641136, -0.008306103127870293, 0.5659244196442971, 0.011329650880000486]]]
[[[718.3351, 0, 600.3891], [0, 718.3351, 181.5122], [0, 0, 1]], [[0.5671195856852943, 0.048495965610959785, -0.8222064928298735, 0.8372661039970813], [-0.02031212712505659, 0.9987849347978269, 0.04490068498983478, 1.2614757509495338], [0.8233849604066106, -0.008763295063013696, 0.5674155546297994, 0.01371002196999882]]]
[[[718.3351, 0, 600.3891], [0, 718.3351, 181.5122], [0, 0, 1]], [[0.5686212769044217, 0.04993094808169936, -0.8210826656769996, 0.9194812353003354], [-0.021085604414034637, 0.9987128586112656, 0.04613050325986901, 1.3879140154796845], [0.8223291559576857, -0.00891776138818403, 0.5689422051436714, 0.018547058110002013]]]
[[[718.3351, 0, 600.3891], [0, 718.3351, 181.5122], [0, 0, 1]], [[0.5700181809496164, 0.050700921277484184, -0.8200662716930288, 0.8393563595176267], [-0.02160033882959786, 0.9986740207301039, 0.04672928076928325, 1.2561582870165104], [0.8213480984024598, -0.008922830289896252, 0.5703575057367798, 0.010314941410001666]]]
[[[718.3351, 0, 600.3891], [0, 718.3351, 181.5122], [0, 0, 1]], [[0.5714091913806807, 0.0517893432596535, -0.8190295476540578, 0.8406606384846284], [-0.022001545931166978, 0.9986148137839403, 0.04779524733595182, 1.254954171578575], [0.8203703236845634, -0.0092907274203822, 0.5717571288595227, 0.01184082030999889]]]
[[[718.3351, 0, 600.3891], [0, 718.3351, 181.5122], [0, 0, 1]], [[0.5728797262985023, 0.050054618993511865, -0.8181096224306175, 0.9283289561867362], [-0.022143653544335253, 0.9987143887177894, 0.04559855672892193, 1.3719403785318527], [0.8193402698536558, -0.008006552658081001, 0.5732516178003092, 0.00846099852999771]]]
[[[718.3351, 0, 600.3891], [0, 718.3351, 181.5122], [0, 0, 1]], [[0.5742837380081425, 0.04887246506487607, -0.8171962251612996, 0.847967512849665], [-0.02162050302396257, 0.9987737113329314, 0.0445379321391674, 1.2404018904088436], [0.8183707852241464, -0.007909216694763363, 0.5746361476472649, 0.029167175300003123]]]
[[[718.3351, 0, 600.3891], [0, 718.3351, 181.5122], [0, 0, 1]], [[0.5757419343739645, 0.0489336363226996, -0.8161658680927324, 0.9322173917192452], [-0.020963961029533344, 0.9987628072113414, 0.04509287381918893, 1.3622858731819365], [0.8173626718545922, -0.00885178894680964, 0.576055473449531, 0.017967224119999514]]]
[[[718.3351, 0, 600.3891], [0, 718.3351, 181.5122], [0, 0, 1]], [[0.5767446332604528, 0.04929755380748141, -0.815435698994019, 0.8474435557338056], [-0.021043207184736706, 0.9987428607094874, 0.045495951613410135, 1.233756952441034], [0.8166534218606116, -0.009080163568349795, 0.5770569635598604, 0.013999938959997849]]]
[[[718.3351, 0, 600.3891], [0, 718.3351, 181.5122], [0, 0, 1]], [[0.5776695816985983, 0.04813926233196582, -0.8148499652097314, 0.8444029351093748], [-0.021192643583421406, 0.9988074746979537, 0.04398295516950285, 1.2291989986244094], [0.8159955430258872, -0.00813879042798174, 0.5780008943351704, 0.00887298584000007]]]
[[[718.3351, 0, 600.3891], [0, 718.3351, 181.5122], [0, 0, 1]], [[0.5786063014053207, 0.04676148355467654, -0.8142653815739811, 0.9284451088033778], [-0.021575806042260833, 0.9988832657945574, 0.04203220086108143, 1.3463757511671286], [0.815321551639402, -0.0067516643403881344, 0.5789690686564808, 0.015594482419999167]]]
[[[718.3351, 0, 600.3891], [0, 718.3351, 181.5122], [0, 0, 1]], [[0.579349904926166, 0.04708319353636542, -0.8137179244360172, 0.8460609380953781], [-0.021886655525132918, 0.9988688564648729, 0.04221352738733613, 1.2229066740097738], [0.8147850403462048, -0.0066468391716940495, 0.5797250706645859, 0.016349792479999792]]]
[[[718.3351, 0, 600.3891], [0, 718.3351, 181.5122], [0, 0, 1]], [[0.579892029120594, 0.04796608078468052, -0.8132800806957943, 0.9206431462530048], [-0.02169053048735625, 0.9988204171552784, 0.04344301049573949, 1.3530216905338774], [0.8144045404156199, -0.007551779122389961, 0.5802484081688716, 0.022193908700003817]]]
[[[718.3351, 0, 600.3891], [0, 718.3351, 181.5122], [0, 0, 1]], [[0.5804994628721628, 0.05039776083411489, -0.8126994766259159, 0.8319387843373597], [-0.021895785203395288, 0.9986879712174725, 0.04629158385555023, 1.22935661897549], [0.8139661836928223, -0.009077546388535765, 0.5808413294145887, 0.006149291989999028]]]
[[[718.3351, 0, 600.3891], [0, 718.3351, 181.5122], [0, 0, 1]], [[0.5812865297496284, 0.05189719207579502, -0.8120422721670851, 0.8332248477309955], [-0.02196913111719139, 0.9986011911845742, 0.04809384828338226, 1.2205097881065714], [0.8134023159603063, -0.010116443021011685, 0.5816135572448536, 0.005287170409999931]]]
[[[718.3351, 0, 600.3891], [0, 718.3351, 181.5122], [0, 0, 1]], [[0.581948378246059, 0.052034639244149666, -0.8115592901171872, 0.9097860542319688], [-0.022367715846195447, 0.9985974530351476, 0.047987624233128974, 1.3439003340890374], [0.8129180588131903, -0.009773592504669349, 0.5822960643392217, 0.0019989013700012492]]]
[[[718.3351, 0, 600.3891], [0, 718.3351, 181.5122], [0, 0, 1]], [[0.5826112061999557, 0.05196577462042357, -0.8110879981101509, 0.8280888012817486], [-0.022890910219315896, 0.9986071380302272, 0.04753724965129888, 1.2083551721449786], [0.8124285744848984, -0.009129191814067536, 0.5829892530889896, -0.0049743652400024985]]]
[[[718.3351, 0, 600.3891], [0, 718.3351, 181.5122], [0, 0, 1]], [[0.5832612376969885, 0.05024487624410236, -0.8107291662518329, 0.8289244491237507], [-0.02252098312174268, 0.9987016697873585, 0.04569223219730172, 1.2067530595113436], [0.8119723726330886, -0.00839209003507435, 0.5836355360200712, 0.00038146973000152684]]]
[[[718.3351, 0, 600.3891], [0, 718.3351, 181.5122], [0, 0, 1]], [[0.5841898302249038, 0.04865059302230816, -0.810157615566487, 0.9138160299028829], [-0.022367865808223794, 0.9987877406277421, 0.04384891960944098, 1.3183258057578495], [0.8113087703463974, -0.007494596073683037, 0.5845698505642495, 0.0051422119099981956]]]
[[[718.3351, 0, 600.3891], [0, 718.3351, 181.5122], [0, 0, 1]], [[0.5858354826594726, 0.04612948613874785, -0.8091160965928919, 0.8224561612358495], [-0.021448811408415043, 0.9989115627630433, 0.04142026397140688, 1.1950607341930397], [0.8101461199970713, -0.006910881772238041, 0.5861872601539726, -0.0026321411099985426]]]
[[[718.3351, 0, 600.3891], [0, 718.3351, 181.5122], [0, 0, 1]], [[0.5881466524718182, 0.04493589682958685, -0.8075049723452574, 0.912098104755501], [-0.020867959408587676, 0.998966009138708, 0.040391098717466656, 1.3041248053772743], [0.8084850298282065, -0.006904908515203212, 0.5884762346790912, 0.0070953369099981956]]]
[[[718.3351, 0, 600.3891], [0, 718.3351, 181.5122], [0, 0, 1]], [[0.5899286804037909, 0.04471249491769525, -0.8062164379589869, 0.833852516047178], [-0.02064885119123522, 0.9989745030387384, 0.04029351341082386, 1.1675956618804455], [0.8071912889653382, -0.007122855939936922, 0.59024697198862, 0.01590728760000104]]]
[[[718.3351, 0, 600.3891], [0, 718.3351, 181.5122], [0, 0, 1]], [[0.5911792349910941, 0.045283812309858604, -0.8052679606553523, 0.8361181756680308], [-0.020574835475616504, 0.9989443962372486, 0.04107029792137077, 1.1625228032721704], [0.8062777364286428, -0.0077116515017432025, 0.5914868909541612, 0.02059173584000007]]]
[[[718.3351, 0, 600.3891], [0, 718.3351, 181.5122], [0, 0, 1]], [[0.5927860523684217, 0.04576514966360027, -0.8040586093026622, 0.919126744916404], [-0.02038505045066803, 0.9989168764508134, 0.041827307585765076, 1.2731058954795722], [0.8051019474796881, -0.008403869229036683, 0.5930769167202471, 0.022224426270000208]]]
[[[718.3351, 0, 600.3891], [0, 718.3351, 181.5122], [0, 0, 1]], [[0.5946550690100882, 0.046668174441668396, -0.8026253362527807, 0.8343794790985707], [-0.020406457524561925, 0.9988683791570251, 0.042959720803515, 1.15512002207854], [0.8037219204376009, -0.009167475906688734, 0.5949344770591085, 0.013595581049997918]]]
[[[718.3351, 0, 600.3891], [0, 718.3351, 181.5122], [0, 0, 1]], [[0.596812375316413, 0.04692174555889851, -0.8010077018748866, 0.8342755262317253], [-0.020188308592667542, 0.998850768688786, 0.04346923148605796, 1.1517516132267323], [0.802126810962798, -0.009771984625819609, 0.597073770526829, 0.010513305670002637]]]
[[[718.3351, 0, 600.3891], [0, 718.3351, 181.5122], [0, 0, 1]], [[0.5990993811996622, 0.04652011963668913, -0.7993220939741188, 0.9185423659580408], [-0.02026926960702449, 0.9988719426874785, 0.042941807383254295, 1.2515926587060437], [0.8004180708578359, -0.009524735205289953, 0.5993664916088398, 0.008995056149998959]]]
[[[718.3351, 0, 600.3891], [0, 718.3351, 181.5122], [0, 0, 1]], [[0.6008648782176478, 0.04572053472098358, -0.798041998161324, 0.8325360157928277], [-0.0201912469956008, 0.9989124684369542, 0.04202611028817212, 1.140741601785067], [0.7990955585343057, -0.00913855054252588, 0.6011345733067828, 0.00480651856000236]]]
[[[718.3351, 0, 600.3891], [0, 718.3351, 181.5122], [0, 0, 1]], [[0.6025525429693331, 0.04635571216309395, -0.7967318124130869, 0.9227287410853956], [-0.02090611021054123, 0.998885921201043, 0.04230663047571071, 1.2409893211432292], [0.7978053443773454, -0.008835404699051117, 0.602850369583323, 0.00048828125]]]
[[[718.3351, 0, 600.3891], [0, 718.3351, 181.5122], [0, 0, 1]], [[0.6038783766058463, 0.04666584553206228, -0.7957092466024668, 0.8386784186574827], [-0.02134148580426776, 0.9988734197796939, 0.042384339575901965, 1.1295301447596675], [0.7967907173477574, -0.008613368585915467, 0.6041939776512583, -0.002899169930003609]]]
[[[718.3351, 0, 600.3891], [0, 718.3351, 181.5122], [0, 0, 1]], [[0.6050844495978793, 0.04553167004005449, -0.7948582740829935, 0.8395764867838857], [-0.021078165414351337, 0.9989295626262849, 0.041175719228988994, 1.127965294915599], [0.7958822273412045, -0.008160633224382471, 0.6053964686614718, -0.0025558471599964605]]]
[[[718.3351, 0, 600.3891], [0, 718.3351, 181.5122], [0, 0, 1]], [[0.6066126079596952, 0.04421858330776281, -0.7937668806107947, 0.9232872315762233], [-0.02081740527138261, 0.998993093828185, 0.03974209508013201, 1.2399244712911328], [0.7947249709818511, -0.0075838890976649585, 0.6069223221500838, -0.002830505380003956]]]
[[[718.3351, 0, 600.3891], [0, 718.3351, 181.5122], [0, 0, 1]], [[0.6080875966018253, 0.04236087944055186, -0.7927389423713451, 0.8337431069648061], [-0.02024828237367702, 0.9990780797656503, 0.03785495466509978, 1.1230236930727606], [0.7936116694706118, -0.006967526448026507, 0.6083847233907705, -0.016647338859996808]]]
[[[718.3351, 0, 600.3891], [0, 718.3351, 181.5122], [0, 0, 1]], [[0.6095635646258166, 0.042565366348140204, -0.791593614342812, 0.9167357492370288], [-0.01988430675041775, 0.9990642210537811, 0.03840958936589958, 1.2397471636107915], [0.7924877759471897, -0.0076727959604272495, 0.609839530677068, -0.008964538580002568]]]
[[[718.3351, 0, 600.3891], [0, 718.3351, 181.5122], [0, 0, 1]], [[0.6106108232599377, 0.04484759762943909, -0.7906599240537545, 0.8348142964138991], [-0.02030662747441355, 0.9989535938655021, 0.04097997296012535, 1.123123693071155], [0.7916704259971042, -0.008967178489644418, 0.6108825798068711, -0.013549804679996669]]]
[[[718.3351, 0, 600.3891], [0, 718.3351, 181.5122], [0, 0, 1]], [[0.6116753941719734, 0.04688448047566752, -0.7897183407108435, 0.8374952121201208], [-0.02108606909409591, 0.9988538913105354, 0.04296837795356373, 1.1215303669821177], [0.7908277877355601, -0.009630644024572806, 0.6119629570823318, -0.015007019050003123]]]
[[[718.3351, 0, 600.3891], [0, 718.3351, 181.5122], [0, 0, 1]], [[0.6130958519971287, 0.046221162851833045, -0.7886552354283456, 0.9194544353981368], [-0.02121544739757429, 0.9988902453252139, 0.042049763208071855, 1.2338166854530448], [0.7897236105471557, -0.009048861738278693, 0.6133960686584207, -0.01985168456999986]]]
[[[718.3351, 0, 600.3891], [0, 718.3351, 181.5122], [0, 0, 1]], [[0.6150499537202542, 0.04469131376626354, -0.7872205795725608, 0.8349393985148488], [-0.02081569703242614, 0.9989647531900318, 0.04044908702348042, 1.1232249165624915], [0.7882133348185423, -0.008491664019744828, 0.6153435060650339, -0.019294738770000208]]]
[[[718.3351, 0, 600.3891], [0, 718.3351, 181.5122], [0, 0, 1]], [[0.6175351890187886, 0.04265069269195169, -0.7853860252999322, 0.8341447255606255], [-0.01975983776321994, 0.9990548151098487, 0.03871724702761498, 1.1253137928597385], [0.7862950077007358, -0.00839016202005854, 0.6177942748570733, -0.018966674799997918]]]
[[[718.3351, 0, 600.3891], [0, 718.3351, 181.5122], [0, 0, 1]], [[0.6202606806920079, 0.04107058305774971, -0.7833197911420237, 0.9184944560339673], [-0.019280807258739433, 0.9991248574994468, 0.037118318902687554, 1.2377658511539649], [0.7841587457007276, -0.00791999583375862, 0.6205097382048528, -0.012947082520000208]]]
[[[718.3351, 0, 600.3891], [0, 718.3351, 181.5122], [0, 0, 1]], [[0.6223320225906546, 0.04002944744864144, -0.7817291711297345, 0.8440006062142896], [-0.019154579131566554, 0.9991712657583256, 0.03591495205618403, 1.115221023327739], [0.782518981083857, -0.00737733148651296, 0.6225830219525911, -0.015884399420002637]]]
[[[718.3351, 0, 600.3891], [0, 718.3351, 181.5122], [0, 0, 1]], [[0.6242171511540248, 0.03914502483265069, -0.7802695785662828, 0.9325202268058681], [-0.019275706817760106, 0.9992115750631316, 0.03470843393948276, 1.2356309231514433], [0.7810130570815248, -0.006625352119460689, 0.624479550808082, -0.011528015129997016]]]
[[[718.3351, 0, 600.3891], [0, 718.3351, 181.5122], [0, 0, 1]], [[0.6258283367433068, 0.04017291546094963, -0.7789255611369251, 0.8536929445344742], [-0.019685034344319775, 0.9991680902088349, 0.035715919857850324, 1.1202959953857088], [0.779712377965086, -0.007018858297246791, 0.6260985092429417, -1.525879000041641e-05]]]
[[[718.3351, 0, 600.3891], [0, 718.3351, 181.5122], [0, 0, 1]], [[0.627231885948943, 0.04154204023514708, -0.7777238713978334, 0.8526217939510153], [-0.020114690997571176, 0.9991074337561447, 0.03714478455023283, 1.1148077862154313], [0.7785727714574947, -0.0076547179120075, 0.6275076452432139, -0.006561279300001388]]]
[[[718.3351, 0, 600.3891], [0, 718.3351, 181.5122], [0, 0, 1]], [[0.6288002700644667, 0.04304856689853818, -0.7763742919847588, 0.9423221686689419], [-0.02071262174253778, 0.9990393032125644, 0.03861939845601269, 1.2209038935198118], [0.7772909414546166, -0.00820314113835714, 0.629087832347805, -5.340575999923658e-05]]]
[[[718.3351, 0, 600.3891], [0, 718.3351, 181.5122], [0, 0, 1]], [[0.6299764207162577, 0.043978828811189745, -0.7753680235590895, 0.8583178996022757], [-0.02128933223382775, 0.9989980468921756, 0.03936580544909683, 1.1071422693969242], [0.7763224031770372, -0.008292461758398739, 0.6302814937814811, 0.001258850100001041]]]
[[[718.3351, 0, 600.3891], [0, 718.3351, 181.5122], [0, 0, 1]], [[0.6311709664805689, 0.043524482997991006, -0.7744216102690719, 0.8616799018113145], [-0.021545178129165805, 0.9990229142171756, 0.038587850010131285, 1.0945115676720087], [0.7753444501454608, -0.007670479044979225, 0.6314920010418609, -0.006111145020000208]]]
[[[718.3351, 0, 600.3891], [0, 718.3351, 181.5122], [0, 0, 1]], [[0.6321356102528715, 0.043383257983722195, -0.7736423354347586, 0.9479704694818122], [-0.021521148162816334, 0.9990292291145879, 0.038437475937768945, 1.2000526146405417], [0.7745588489146475, -0.007648025982582941, 0.6324556089296591, -0.006568908689999375]]]
[[[718.3351, 0, 600.3891], [0, 718.3351, 181.5122], [0, 0, 1]], [[0.6330237543233772, 0.04458463165754456, -0.7728474216055181, 0.8604070586614548], [-0.021349218710424153, 0.9989658639407779, 0.0401424157408294, 1.0892212458391954], [0.7738379270382081, -0.00891141408622607, 0.6333209686850679, -0.002754211430001874]]]
[[[718.3351, 0, 600.3891], [0, 718.3351, 181.5122], [0, 0, 1]], [[0.63399020809215, 0.04683723535995347, -0.7719214269775835, 0.9457427375027998], [-0.021306917477032485, 0.9988432618786197, 0.043106304264064366, 1.1917603999194644], [0.7730474961546019, -0.010881708667093171, 0.6342548045585349, -0.005783081049997918]]]
[[[718.3351, 0, 600.3891], [0, 718.3351, 181.5122], [0, 0, 1]], [[0.6348521996748748, 0.048529406278152346, -0.7711080218064542, 0.8612990711938435], [-0.02174138891388785, 0.9987523358854021, 0.0449564630675945, 1.0786738601577492], [0.7723276484602037, -0.011775750071351808, 0.6351152140629203, -0.004745483400000694]]]
[[[718.3351, 0, 600.3891], [0, 718.3351, 181.5122], [0, 0, 1]], [[0.6355426739408782, 0.048461255805002316, -0.77054332537884, 0.8601191847295103], [-0.02196992217491437, 0.9987591357121637, 0.04469352694876751, 1.076740822717338], [0.7717530901264386, -0.011475866733895567, 0.6358187417519233, -0.006805419919999167]]]
[[[718.3351, 0, 600.3891], [0, 718.3351, 181.5122], [0, 0, 1]], [[0.6365425718470932, 0.04752030746647271, -0.7697761847476059, 0.9454201639935981], [-0.022422567871738654, 0.9988183336522105, 0.04311803346929106, 1.1770221359669806], [0.7709155483425701, -0.010186105168980344, 0.636855918230459, -0.016174316410001666]]]
[[[718.3351, 0, 600.3891], [0, 718.3351, 181.5122], [0, 0, 1]], [[0.6373735726579505, 0.045250436049878655, -0.7692251470892876, 0.8600916447861896], [-0.021896016015645194, 0.9989347034184556, 0.04062047253448274, 1.0654681870929825], [0.7702437882643929, -0.009047449562053346, 0.6376853850422943, -0.01712799071999882]]]
[[[718.3351, 0, 600.3891], [0, 718.3351, 181.5122], [0, 0, 1]], [[0.6382438264939099, 0.0436711681850091, -0.7685945921041657, 0.8631243406704434], [-0.021608975118308248, 0.9990125722386802, 0.038819231102538876, 1.0594412679734813], [0.7695309416370133, -0.008167593183590617, 0.638557296007836, -0.01684570313000222]]]
[[[718.3351, 0, 600.3891], [0, 718.3351, 181.5122], [0, 0, 1]], [[0.6391716336192041, 0.041291561346936824, -0.7679548357410676, 0.9493197259129504], [-0.021274369599861096, 0.999124798323434, 0.036014421740266644, 1.1644428256878545], [0.7687698120859626, -0.006681641766021125, 0.6394906814712973, -0.006126403810000625]]]
[[[718.3351, 0, 600.3891], [0, 718.3351, 181.5122], [0, 0, 1]], [[0.639854696458333, 0.04078909712234622, -0.7674126771015438, 0.8670111096785638], [-0.021655827171547692, 0.9991508978250313, 0.03505008594782536, 1.05167541683002], [0.7681907266881908, -0.005808005800418512, 0.6401947160816713, -0.0003204345699998612]]]
[[[718.3351, 0, 600.3891], [0, 718.3351, 181.5122], [0, 0, 1]], [[0.6404198964529083, 0.040547586154422596, -0.7669538770254022, 0.9484090642401012], [-0.02186922782045196, 0.9991632204982404, 0.03456292346029284, 1.1566476083426722], [0.7677135488590672, -0.00536209479910312, 0.6407707506102179, 0.00765228272000229]]]
[[[718.3351, 0, 600.3891], [0, 718.3351, 181.5122], [0, 0, 1]], [[0.6410644010877691, 0.0416466889662573, -0.7663563054846798, 0.8642641709974429], [-0.022041421733846926, 0.9991138061566452, 0.03585774776993353, 1.0444640711825837], [0.7671705217133481, -0.006095543070908073, 0.6414142459976548, 0.016990661619999514]]]
[[[718.3351, 0, 600.3891], [0, 718.3351, 181.5122], [0, 0, 1]], [[0.6424002779906346, 0.04165273361422631, -0.7652365207045583, 0.8550569272628793], [-0.02141720393555429, 0.9991076528250652, 0.03640331635953142, 1.0448874305649882], [0.7660699616961484, -0.006996273926280462, 0.6427191190076814, -0.0006408691399997224]]]
[[[718.3351, 0, 600.3891], [0, 718.3351, 181.5122], [0, 0, 1]], [[0.644701907085695, 0.0422227530181897, -0.7632671158432235, 0.9378206240400597], [-0.021264817874314328, 0.9990776146424545, 0.03730586336107624, 1.1447690765668728], [0.7641382456864989, -0.007820425046504884, 0.6450051026397015, -0.008552551270000208]]]
[[[718.3351, 0, 600.3891], [0, 718.3351, 181.5122], [0, 0, 1]], [[0.6465176486648112, 0.04257161893042987, -0.7617103040044594, 0.8536473982165286], [-0.021350597085594007, 0.999060415198811, 0.03771523282266723, 1.0306338152456815], [0.7626002110995068, -0.00812059384661219, 0.6468191199914903, -0.01399993897000229]]]
[[[718.3351, 0, 600.3891], [0, 718.3351, 181.5122], [0, 0, 1]], [[0.6475911843242899, 0.04439687241165557, -0.760693483412029, 0.9358708813972488], [-0.022634102972716914, 0.9989814471029648, 0.03903544193021298, 1.123229588440257], [0.761651728395652, -0.008061393435986079, 0.6479364618292338, -0.013336181639999722]]]
[[[718.3351, 0, 600.3891], [0, 718.3351, 181.5122], [0, 0, 1]], [[0.6480370789114998, 0.04561467999420586, -0.7602415703740995, 0.8449664011251042], [-0.023274530808150194, 0.9989247134502851, 0.0400962975089473, 1.0126301450558612], [0.7612530726187653, -0.00828962166155619, 0.6484019136316588, -0.005851745599997571]]]
[[[718.3351, 0, 600.3891], [0, 718.3351, 181.5122], [0, 0, 1]], [[0.648774945653554, 0.04615258540030349, -0.7595794946897235, 0.8379938406386361], [-0.023589463873060067, 0.9988991940950195, 0.0405454958102891, 1.0028778638090616], [0.760614624554649, -0.008386828792116253, 0.6491494851083239, -0.007080078130002221]]]
[[[718.3351, 0, 600.3891], [0, 718.3351, 181.5122], [0, 0, 1]], [[0.6497288737613258, 0.04582501882014988, -0.7587835384686282, 0.911221576544758], [-0.02325202015895741, 0.9989123179626993, 0.04041688484921335, 1.0898547274884856], [0.7598103277525035, -0.008616766941263006, 0.6500876995976107, -0.004730224610000278]]]
[[[718.3351, 0, 600.3891], [0, 718.3351, 181.5122], [0, 0, 1]], [[0.650531696265321, 0.04395607147383927, -0.7582060247286029, 0.8183583492283362], [-0.02224383633977307, 0.9989981901466758, 0.038830758794486164, 0.9801937711625182], [0.7591532940711339, -0.008395228659953643, 0.6508577388621062, -0.00018310547000055521]]]
[[[718.3351, 0, 600.3891], [0, 718.3351, 181.5122], [0, 0, 1]], [[0.6514861697853838, 0.04306255752006708, -0.7574373813842309, 0.8078312621234119], [-0.021834911297117877, 0.9990384841983754, 0.03801767666835375, 0.9645041157786954], [0.7583462317615991, -0.008229412521159007, 0.651800022662273, -0.006706237789998681]]]
[[[718.3351, 0, 600.3891], [0, 718.3351, 181.5122], [0, 0, 1]], [[0.6531836644667738, 0.042076061918350866, -0.7560295665430026, 0.8774629410507531], [-0.021019516446590124, 0.9990776935890251, 0.03744251729232009, 1.0505730813039837], [0.7569077093028639, -0.008565464743799139, 0.6534656474609924, 0.007019042970000555]]]
[[[718.3351, 0, 600.3891], [0, 718.3351, 181.5122], [0, 0, 1]], [[0.6547924927086619, 0.0427163412040325, -0.7546006266141831, 0.7879448480629206], [-0.020892346804557434, 0.9990430677675745, 0.03842471327872083, 0.9389887648293257], [0.7555198881150483, -0.009394835799229367, 0.6550583452814951, 0.011367797849999306]]]
[[[718.3351, 0, 600.3891], [0, 718.3351, 181.5122], [0, 0, 1]], [[0.6560197565269825, 0.04627661354063605, -0.7533236715287057, 0.8559012287294036], [-0.021848938978988614, 0.9988646099219817, 0.042333378212705615, 1.0148593997800728], [0.7544274006899345, -0.011312209537405452, 0.6562860131098414, 0.0056686401400014574]]]
[[[718.3351, 0, 600.3891], [0, 718.3351, 181.5122], [0, 0, 1]], [[0.6570560847004239, 0.04868108244657931, -0.7522682060076571, 0.7681459901211176], [-0.022874128734608125, 0.9987406988155325, 0.04465188421661967, 0.9056922137488103], [0.7534945758217387, -0.01213131243069692, 0.6573421905415221, -0.002609252930000139]]]
[[[718.3351, 0, 600.3891], [0, 718.3351, 181.5122], [0, 0, 1]], [[0.6580756193399042, 0.0489987054054515, -0.751355845188544, 0.7591337516321095], [-0.023973103828988564, 0.9987379195983922, 0.04413454711538491, 0.8927113456566045], [0.7525701093740078, -0.011031537738020682, 0.6584197260501302, -0.007865905759999237]]]
[[[718.3351, 0, 600.3891], [0, 718.3351, 181.5122], [0, 0, 1]], [[0.6590896783935676, 0.04744030782674366, -0.7505665946659014, 0.8225489347125451], [-0.024068782106738254, 0.998827804449769, 0.04199655683448527, 0.9632878752727851], [0.7516791134273734, -0.009614273314067967, 0.6594589268375101, -0.010047912600001041]]]
[[[718.3351, 0, 600.3891], [0, 718.3351, 181.5122], [0, 0, 1]], [[0.6604065983159711, 0.046374899471676646, -0.7494748118514186, 0.7375011073961312], [-0.02394163423493684, 0.9988840800632353, 0.04071108873985723, 0.8628103447377367], [0.7505264306144641, -0.00894221981478398, 0.6607799283073723, -0.0021438598599985426]]]
[[[718.3351, 0, 600.3891], [0, 718.3351, 181.5122], [0, 0, 1]], [[0.661631451379806, 0.04524531448771582, -0.7484628808845227, 0.7286743225659243], [-0.02347923935386699, 0.9989384726420656, 0.039631467231241925, 0.8502154617961826], [0.7494615052585525, -0.008648086056745266, 0.6619914370617944, 0.0001678466800001388]]]
[[[718.3351, 0, 600.3891], [0, 718.3351, 181.5122], [0, 0, 1]], [[0.662944577441229, 0.04422235553287913, -0.7473612717504124, 0.7890120591755551], [-0.02319528176286401, 0.9989879605085169, 0.03853613451003046, 0.917689878012442], [0.7483090712701614, -0.008212066132067312, 0.6632994013449967, 0.004341125479996322]]]
[[[718.3351, 0, 600.3891], [0, 718.3351, 181.5122], [0, 0, 1]], [[0.6640236492505538, 0.044019911520725236, -0.7464146572955845, 0.7079775326514396], [-0.023279575286610354, 0.9989986736775764, 0.03820616919972621, 0.8205888758014198], [0.7473490848395096, -0.007993583686344287, 0.6643835097362042, 0.0058822631900028455]]]
[[[718.3351, 0, 600.3891], [0, 718.3351, 181.5122], [0, 0, 1]], [[0.6650509162148034, 0.04366242506381006, -0.7455205372619842, 0.7703603052074126], [-0.023096521414954066, 0.9990143914480959, 0.03790509699392725, 0.8926579537840474], [0.7464407743018726, -0.00798988843086283, 0.6654038864798456, 0.007926940920000902]]]
[[[718.3351, 0, 600.3891], [0, 718.3351, 181.5122], [0, 0, 1]], [[0.66600754677144, 0.044217812904768714, -0.744633287373998, 0.6943149786149441], [-0.023574517376486043, 0.9989905862858639, 0.038236770819350854, 0.798579198862929], [0.745572390699893, -0.007911607557549412, 0.6663776832186845, -0.00578308106000236]]]
[[[718.3351, 0, 600.3891], [0, 718.3351, 181.5122], [0, 0, 1]], [[0.666749700505488, 0.04403152649619271, -0.7439798798020395, 0.6873287199475484], [-0.023737643161992585, 0.9990014089558247, 0.037851145311484195, 0.7882884313416489], [0.7449035918647163, -0.007576910893778847, 0.6671290948897012, -0.006721496579999098]]]
[[[718.3351, 0, 600.3891], [0, 718.3351, 181.5122], [0, 0, 1]], [[0.6676921525811336, 0.04458577563448211, -0.7431011357767152, 0.751113973673376], [-0.023797937945832567, 0.9989730563106434, 0.03855503747759413, 0.8613581763806], [0.7440570190053305, -0.008058621249569133, 0.6680675198604235, 0.009956359859998543]]]
[[[718.3351, 0, 600.3891], [0, 718.3351, 181.5122], [0, 0, 1]], [[0.6684337850518027, 0.04536407912815382, -0.7423869444744938, 0.6785392459643661], [-0.023702562565202055, 0.9989305197313169, 0.03969893294742157, 0.7731311455579662], [0.7433938818211804, -0.008939635013566849, 0.6687941532315166, 0.001960754400002429]]]
[[[718.3351, 0, 600.3891], [0, 718.3351, 181.5122], [0, 0, 1]], [[0.6693601506726673, 0.04575073118447308, -0.7415280569793364, 0.7400673658510425], [-0.023490790848748975, 0.9989063689316285, 0.04042584387652596, 0.8418051167765822], [0.7425666107742553, -0.009640368453280337, 0.6697028384733938, -0.009674072270001943]]]
[[[718.3351, 0, 600.3891], [0, 718.3351, 181.5122], [0, 0, 1]], [[0.6701510676476008, 0.04509124208731219, -0.7408537820770063, 0.6711102014231367], [-0.0229992258435535, 0.9989351603320876, 0.03999476294346118, 0.7559120133446898], [0.7418683051198359, -0.00976346963583338, 0.6704745278676083, -0.014938354489999028]]]
[[[718.3351, 0, 600.3891], [0, 718.3351, 181.5122], [0, 0, 1]], [[0.6708552537042854, 0.04464510929595705, -0.7402432321833889, 0.6646855536074089], [-0.022846080347676365, 0.9989566234274534, 0.039543913857490065, 0.748287097048756], [0.7412363220931002, -0.009616586004041552, 0.6711752648031069, -0.01362609862999875]]]
[[[718.3351, 0, 600.3891], [0, 718.3351, 181.5122], [0, 0, 1]], [[0.6716841977775376, 0.04431597507143353, -0.7395109416427954, 0.726126792577615], [-0.023272416446132087, 0.9989787874768641, 0.03872695190706733, 0.8163555056521176], [0.7404719664434999, -0.008802075023685381, 0.6720296052902535, -0.02942657471000132]]]
[[[718.3351, 0, 600.3891], [0, 718.3351, 181.5122], [0, 0, 1]], [[0.6723701357545931, 0.043695890459782956, -0.7389242652006205, 0.6544478347814183], [-0.023523719325686414, 0.9990132726596183, 0.03767115181416007, 0.7426759734696333], [0.7398412229488409, -0.007946710441800224, 0.6727345796216497, -0.024436950679998404]]]
[[[718.3351, 0, 600.3891], [0, 718.3351, 181.5122], [0, 0, 1]], [[0.6732513878018895, 0.043755522737367186, -0.7381178923808916, 0.7227732118801196], [-0.023712285997824347, 0.999011764393257, 0.03759284634912645, 0.8097824249739233], [0.7390333526408582, -0.00780697341172554, 0.6736236002773073, -0.017387390140001457]]]
[[[718.3351, 0, 600.3891], [0, 718.3351, 181.5122], [0, 0, 1]], [[0.6738459116058096, 0.044025816397543244, -0.7375590924818602, 0.6556905750110181], [-0.02389515046079548, 0.9989995705501679, 0.03780052678252247, 0.7317252500616026], [0.7384854156966076, -0.00784764494036686, 0.6742237798181687, -0.010261535650002429]]]
[[[718.3351, 0, 600.3891], [0, 718.3351, 181.5122], [0, 0, 1]], [[0.6744785048983654, 0.04479561266673595, -0.7369342572549314, 0.6544061395055488], [-0.024422740580392743, 0.9989650763314978, 0.03837063998095052, 0.7285002222528363], [0.7378904228763297, -0.007882217696603352, 0.6748745027570495, -0.007606506339996599]]]
[[[718.3351, 0, 600.3891], [0, 718.3351, 181.5122], [0, 0, 1]], [[0.6750946063139323, 0.04495603886606888, -0.7363601205220917, 0.7173823639329255], [-0.024812789765356284, 0.9989604780676143, 0.03823988393004788, 0.798085984988787], [0.737313771734868, -0.007544390525139064, 0.6755083154053007, -0.009925842290002151]]]
[[[718.3351, 0, 600.3891], [0, 718.3351, 181.5122], [0, 0, 1]], [[0.6756880373323729, 0.0442326785377121, -0.735859461008218, 0.6498276959247667], [-0.024840690457158903, 0.9989975398920927, 0.037240507342919664, 0.7235388208481809], [0.7367690386434118, -0.0068837082249222775, 0.6761094573052034, -0.004539489739997293]]]
[[[718.3351, 0, 600.3891], [0, 718.3351, 181.5122], [0, 0, 1]], [[0.6763908329660716, 0.04386078193837041, -0.7352357940737233, 0.7123385628657094], [-0.024887524198464954, 0.9990163372964909, 0.03670107565146943, 0.7885088987630042], [0.7361223079208608, -0.00652607251406083, 0.6768170788025423, -0.011886596680000139]]]
[[[718.3351, 0, 600.3891], [0, 718.3351, 181.5122], [0, 0, 1]], [[0.6768284869149702, 0.04398323242995051, -0.7348256082672983, 0.6450320071553779], [-0.025041210721706307, 0.9990113837393613, 0.03673136159683913, 0.7141738596871615], [0.7357147117368138, -0.006459908991587848, 0.6772607566586428, -0.010086059569999861]]]
[[[718.3351, 0, 600.3891], [0, 718.3351, 181.5122], [0, 0, 1]], [[0.6772110311313829, 0.043977170105165185, -0.7344734357507496, 0.6442592596875293], [-0.02504654825186153, 0.9990115656039499, 0.036722775088656005, 0.7098847605408645], [0.735362420670676, -0.006473044035552926, 0.6776431287678475, -0.004013061530002915]]]
[[[718.3351, 0, 600.3891], [0, 718.3351, 181.5122], [0, 0, 1]], [[0.677576881197805, 0.042567245435389665, -0.734219040669948, 0.7028931904040181], [-0.024517970590196336, 0.9990760985607926, 0.035296152802871315, 0.7779879873190185], [0.7350431546408644, -0.005914296288542756, 0.6779945294137834, 0.004501342780002915]]]
[[[718.3351, 0, 600.3891], [0, 718.3351, 181.5122], [0, 0, 1]], [[0.678088136160725, 0.04202815047253074, -0.7337779733447526, 0.6356087390279014], [-0.024348395771731427, 0.9991002820897569, 0.034724371146376526, 0.7033030031795187], [0.7345771812555962, -0.005679867606422685, 0.678501366161157, 0.014022827139996252]]]
[[[718.3351, 0, 600.3891], [0, 718.3351, 181.5122], [0, 0, 1]], [[0.6783979196762892, 0.04235330017018975, -0.7334728764879971, 0.6901851137694434], [-0.02400766260121908, 0.9990817836418643, 0.03548551438850799, 0.762938486679389], [0.7343023183371471, -0.006464329793937382, 0.6787918073496513, 0.0012207031300022209]]]
[[[718.3351, 0, 600.3891], [0, 718.3351, 181.5122], [0, 0, 1]], [[0.6790651820849548, 0.04340334711756417, -0.7327937144510175, 0.6215168853456796], [-0.02357778311099999, 0.9990250595382537, 0.03732316382836747, 0.6852580646043758], [0.7336992344438543, -0.008067209776666803, 0.6794264886674064, 0.0024185180700015962]]]
[[[718.3351, 0, 600.3891], [0, 718.3351, 181.5122], [0, 0, 1]], [[0.6798038659934562, 0.044330418907752155, -0.7320529473609229, 0.6147266588969523], [-0.023606153406455752, 0.9989769115401743, 0.03857304409824784, 0.678075417295911], [0.7330139516419192, -0.008941150324074932, 0.6801548371725223, 0.004615783689999375]]]
[[[718.3351, 0, 600.3891], [0, 718.3351, 181.5122], [0, 0, 1]], [[0.6805918657438855, 0.04607367573134828, -0.7312126425930146, 0.6710952356938676], [-0.024274746997066186, 0.9988908603851382, 0.0403458262682398, 0.7343418240812243], [0.732260506200823, -0.009709039274878381, 0.6809554211656395, 0.009101867669997432]]]
[[[718.3351, 0, 600.3891], [0, 718.3351, 181.5122], [0, 0, 1]], [[0.6814176489017976, 0.04731540355048209, -0.730363772617455, 0.601044366182525], [-0.024891665446882334, 0.9988290575726196, 0.04148395762066503, 0.6562144603506065], [0.7314713888843685, -0.010087930186498839, 0.6817975072615955, 0.007667541510002707]]]
[[[718.3351, 0, 600.3891], [0, 718.3351, 181.5122], [0, 0, 1]], [[0.68235357566418, 0.048746984097777314, -0.7293951804883819, 0.6523776705269039], [-0.025497080498958002, 0.9987541345220936, 0.042896126410825366, 0.7059854284662318], [0.7305775090052649, -0.01067287760610508, 0.6827463606781564, -0.001533508299999653]]]
[[[718.3351, 0, 600.3891], [0, 718.3351, 181.5122], [0, 0, 1]], [[0.6831716843133411, 0.04949981590326447, -0.7285782167880229, 0.5821495729100526], [-0.026275430330011243, 0.998720194354106, 0.043215450365227996, 0.6323273635265128], [0.7297849351099578, -0.010379865839194874, 0.6835979862987565, 0.0005798339799980567]]]
[[[718.3351, 0, 600.3891], [0, 718.3351, 181.5122], [0, 0, 1]], [[0.6839202475076345, 0.05017247997182519, -0.7278295248906661, 0.5728565537228691], [-0.026718614292129676, 0.9986857280723024, 0.043737080320976056, 0.6214644051874555], [0.7290673567643832, -0.01046607845240553, 0.684361929465998, 0.003105163569998126]]]
[[[718.3351, 0, 600.3891], [0, 718.3351, 181.5122], [0, 0, 1]], [[0.6846861320419687, 0.05190351350885337, -0.7269875692711975, 0.6184158161744562], [-0.027723013658475574, 0.9985938843970729, 0.045185047952366636, 0.6708295885906121], [0.7283106034537049, -0.01078328939618942, 0.6851623060025254, 0.003112792970000555]]]
[[[718.3351, 0, 600.3891], [0, 718.3351, 181.5122], [0, 0, 1]], [[0.6851556834474442, 0.05246515997718603, -0.7265047119105518, 0.5497026024701146], [-0.027967128341189113, 0.9985619662858304, 0.045736628862691774, 0.599579310338758], [0.7278595531914197, -0.011018460688518658, 0.6856377063377148, 0.005752563480001527]]]
[[[718.3351, 0, 600.3891], [0, 718.3351, 181.5122], [0, 0, 1]], [[0.6858237535480609, 0.052454567920288034, -0.7258748496631803, 0.5905057396966892], [-0.027797240993126006, 0.9985593823805433, 0.04589633158497524, 0.647529699616531], [0.7272366138076511, -0.011299476274757608, 0.6862938360305281, 0.008232116700000347]]]
[[[718.3351, 0, 600.3891], [0, 718.3351, 181.5122], [0, 0, 1]], [[0.6863818031812255, 0.05183855060595506, -0.7253914701268296, 0.5236711723013918], [-0.027471986760330098, 0.9985925419263321, 0.045367666377573175, 0.5738988874288383], [0.7267223061150178, -0.011211595790982288, 0.6868398575466409, 0.0036849975600006246]]]
[[[718.3351, 0, 600.3891], [0, 718.3351, 181.5122], [0, 0, 1]], [[0.6868902296524698, 0.05161817853558863, -0.7249257727882528, 0.5116551280537746], [-0.027521231853760073, 0.9986065454877067, 0.0450283144961082, 0.5605886539300985], [0.7262399012758999, -0.010978659015423702, 0.6873536752218571, 0.0044403076099968075]]]
[[[718.3351, 0, 600.3891], [0, 718.3351, 181.5122], [0, 0, 1]], [[0.687438276196972, 0.05073167904737957, -0.7244687109602245, 0.5467434927107387], [-0.027039880687815696, 0.9986534229710456, 0.04427398378960673, 0.5962931039310355], [0.7257392515716126, -0.01084608359027983, 0.6878843661539549, 0.004386901860002013]]]
[[[718.3351, 0, 600.3891], [0, 718.3351, 181.5122], [0, 0, 1]], [[0.6880981241294721, 0.05008650621027993, -0.7238869479864581, 0.4856827661444213], [-0.02674469134946934, 0.9986876237109349, 0.0436778173816823, 0.5337150163669059], [0.7251246051914961, -0.010694491210598055, 0.6885346286161816, 0.01013183594000111]]]
[[[718.3351, 0, 600.3891], [0, 718.3351, 181.5122], [0, 0, 1]], [[0.6887905551830438, 0.049180853514513845, -0.7232902700425455, 0.5184138483199122], [-0.026261833816233753, 0.9987341197416771, 0.04290074764413552, 0.5668347055358265], [0.724484566554211, -0.010554700914815593, 0.689210208219057, 0.0075149536099985426]]]
[[[718.3351, 0, 600.3891], [0, 718.3351, 181.5122], [0, 0, 1]], [[0.6893815221179415, 0.04927231051922904, -0.7227208011247822, 0.45700013701139225], [-0.026348571793878152, 0.9987294427839057, 0.04295640675117005, 0.5050770853834186], [0.7239191044079256, -0.010570692155473573, 0.6898038784615386, 0.014007568360000278]]]
[[[718.3351, 0, 600.3891], [0, 718.3351, 181.5122], [0, 0, 1]], [[0.6899019553984717, 0.04913513815396788, -0.722233362657774, 0.44347019760799977], [-0.026165337866550835, 0.9987344454296172, 0.04295209665108612, 0.4856997780113505], [0.7234297941277332, -0.010735255515612661, 0.6903144843166192, 0.010543823239999028]]]
[[[718.3351, 0, 600.3891], [0, 718.3351, 181.5122], [0, 0, 1]], [[0.6906376151535285, 0.04969882846749827, -0.721491310400898, 0.47251809811705786], [-0.026285917651261856, 0.9987017973959784, 0.04363221758372024, 0.5218593990015571], [0.7227231386003065, -0.01116898952458139, 0.6910474069155618, 0.013977050779999445]]]
