[[[707.0493, 0, 604.0814], [0, 707.0493, 180.5066], [0, 0, 1]], [[0.9297868762839085, -0.011005779563671417, 0.3679337406468826, 0.0], [-0.004071562756222414, 0.9991842813334864, 0.04017703713324553, 0.0], [-0.3680757898408068, -0.03885414716963841, 0.92898362105087, 0.0]]]
[[[707.0493, 0, 604.0814], [0, 707.0493, 180.5066], [0, 0, 1]], [[0.9297986500481221, -0.010984406025079314, 0.3679046251312504, 0.0008633009020569863], [-0.004072544130349288, 0.9991863747356231, 0.040124841769023444, -7.419362368328378e-05], [-0.36804603618704557, -0.038806331531839135, 0.9289974078973767, -0.0018615722700019433]]]
[[[707.0493, 0, 604.0814], [0, 707.0493, 180.5066], [0, 0, 1]], [[0.9297815816436589, -0.01106709996075777, 0.36794528089741096, 0.00039613955785514684], [-0.004019470816541074, 0.9991831433096066, 0.040210570504397435, -0.0002582874218545611], [-0.3680897367362625, -0.038865993161023654, 0.9289775994527727, -0.001739501949998612]]]
[[[707.0493, 0, 604.0814], [0, 707.0493, 180.5066], [0, 0, 1]], [[0.9297602712218348, -0.011063890014774822, 0.36799922336227964, 0.0002863464085559136], [-0.004010080914944232, 0.9991847304184477, 0.040172051847888475, 0.00014271397066213375], [-0.36814366395275044, -0.03882608448394977, 0.9289578988603786, -0.0012969970699998612]]]
[[[707.0493, 0, 604.0814], [0, 707.0493, 180.5066], [0, 0, 1]], [[0.9297642564276388, -0.011066243431467553, 0.3679890837047689, 0.0006120876694890951], [-0.004024974609104726, 0.9991828556878831, 0.040217166469097676, 0.00033503947360865184], [-0.3681334364723693, -0.03887363059610657, 0.9289599635050595, -0.0013427734400011104]]]
[[[707.0493, 0, 604.0814], [0, 707.0493, 180.5066], [0, 0, 1]], [[0.9297577822139109, -0.011097183996150737, 0.36800450937457996, 0.00035384804166124756], [-0.003989615130013516, 0.9991832820840483, 0.04021009543464861, -0.00016195790228647962], [-0.36815017232616376, -0.03885384551244263, 0.9289541588825098, -0.0009689330999975709]]]
[[[707.0493, 0, 604.0814], [0, 707.0493, 180.5066], [0, 0, 1]], [[0.9297767682842978, -0.011062450718414314, 0.36795758361923986, -1.0249016724933937e-05], [-0.00402595856746732, 0.9991830218903779, 0.040212938510207, -0.00038553938190526567], [-0.3681018239786653, -0.0388704379974719, 0.9289726240495273, -0.0009536743200015962]]]
[[[707.0493, 0, 604.0814], [0, 707.0493, 180.5066], [0, 0, 1]], [[0.9297647368920268, -0.011085717969216636, 0.36798728359714683, -0.00040753174913737126], [-0.003998942791685393, 0.9991834702418138, 0.040204492933940766, -0.0007508342236172507], [-0.3681325066992167, -0.03885227988977549, 0.9289612251642786, -0.000907897950000347]]]
[[[707.0493, 0, 604.0814], [0, 707.0493, 180.5066], [0, 0, 1]], [[0.9297647248910146, -0.011083824380918782, 0.3679873709591525, 0.00010108257507234886], [-0.004001732085878069, 0.9991833828798081, 0.04020638652223862, 0.000638153527055393], [-0.3681325066992167, -0.03885506677327614, 0.9289611086032586, -0.0009002685499979179]]]
[[[707.0493, 0, 604.0814], [0, 707.0493, 180.5066], [0, 0, 1]], [[0.9297659091229052, -0.011109211237607478, 0.3679836133016467, -0.00014108735910876977], [-0.0039831415217877215, 0.9991825571853387, 0.04022874594347772, 0.0004331481163115453], [-0.36812971737755024, -0.03886904735449121, 0.9289616291006207, -0.0005950927800029149]]]
[[[707.0493, 0, 604.0814], [0, 707.0493, 180.5066], [0, 0, 1]], [[0.9297703663571496, -0.011113952999442246, 0.3679722080440561, -0.0001546418468954393], [-0.0039738627427908365, 0.9991829669874763, 0.04021948404697948, -8.487231434274398e-05], [-0.36811856005775284, -0.038857155464984396, 0.9289665479500199, -0.0007858276299970157]]]
[[[707.0493, 0, 604.0814], [0, 707.0493, 180.5066], [0, 0, 1]], [[0.9297585503928116, -0.011105467757367394, 0.368002318684744, -0.0008336142942635905], [-0.003982180221184988, 0.9991831527282343, 0.04021404661000983, -0.000834483045017885], [-0.36814831279274357, -0.038854805236368306, 0.9289548556834719, -0.0009765625]]]
[[[707.0493, 0, 604.0814], [0, 707.0493, 180.5066], [0, 0, 1]], [[0.9297490101375768, -0.011093861950953063, 0.36802677127514694, -0.0014701981037377452], [-0.003974701231750708, 0.9991853187501675, 0.04016093305993781, -0.0030778640543419316], [-0.36817248661234103, -0.03880238421978322, 0.9289474662652059, -6.866454999965299e-05]]]
[[[707.0493, 0, 604.0814], [0, 707.0493, 180.5066], [0, 0, 1]], [[0.9297201022857047, -0.011058024961538631, 0.36810087135160224, -0.001895698272472605], [-0.004018275302147597, 0.9991849687438404, 0.04016530467912465, -0.004277864035074859], [-0.3682450065777606, -0.038821621814663414, 0.9289179171542684, 7.629393999764034e-05]]]
[[[707.0493, 0, 604.0814], [0, 707.0493, 180.5066], [0, 0, 1]], [[0.9297007259906827, -0.0110096115402816, 0.3681512577000516, -0.0011501666473335156], [-0.004070255783127252, 0.9991849929847709, 0.04015946727588875, -0.0034985543568592046], [-0.3682933519767328, -0.03883475566751204, 0.9288982014418948, 0.0008316040100027067]]]
[[[707.0493, 0, 604.0814], [0, 707.0493, 180.5066], [0, 0, 1]], [[0.9296923403484564, -0.011011238145038908, 0.36817238480353637, -0.0012853705053171307], [-0.004050695158985652, 0.9991869731337747, 0.0401121501355206, -0.00367931042202368], [-0.3683147352009406, -0.03878331283269669, 0.9288918723293805, 0.0003814697199970851]]]
[[[707.0493, 0, 604.0814], [0, 707.0493, 180.5066], [0, 0, 1]], [[0.929668298716624, -0.010906441088028521, 0.3682362066719287, -0.0018561295226225867], [-0.004156574660021122, 0.9991875115993459, 0.04008789781221659, -0.004497886478053903], [-0.3683742353211387, -0.038799049043764106, 0.9288676205708034, 0.0001220703200033313]]]
[[[707.0493, 0, 604.0814], [0, 707.0493, 180.5066], [0, 0, 1]], [[0.9296563568643185, -0.010969622316503704, 0.3682644776896031, -0.001449921238888784], [-0.004108178181918252, 0.9991858655206122, 0.040133888621098596, -0.0035136820409108717], [-0.3684049144810483, -0.03882362077470879, 0.9288544264071488, -0.0001220703200033313]]]
[[[707.0493, 0, 604.0814], [0, 707.0493, 180.5066], [0, 0, 1]], [[0.9296389421134228, -0.010947834836838097, 0.36830908516980876, -0.0013789270667291073], [-0.004130412998306058, 0.9991860964855115, 0.04012585548632722, -0.0035312567108467577], [-0.36844860834952214, -0.03882382647848491, 0.9288370866319179, 0.000770568850001041]]]
[[[707.0493, 0, 604.0814], [0, 707.0493, 180.5066], [0, 0, 1]], [[0.929589572075723, -0.010867805044129902, 0.3684360437058202, -0.0011133766793731791], [-0.004210139957877447, 0.9991869775001824, 0.040095619655830715, -0.003214905538669749], [-0.3685722482900868, -0.038823637227502775, 0.9287880398577588, 0.0008163452200022903]]]
[[[707.0493, 0, 604.0814], [0, 707.0493, 180.5066], [0, 0, 1]], [[0.9296025972903655, -0.010875054471940064, 0.3684029645663001, -0.0013840546928629216], [-0.004182310303296443, 0.9991889694178783, 0.0400488660783957, -0.003732035222201456], [-0.3685397120956346, -0.038770305439481255, 0.9288031783023764, 0.0010147094699988202]]]
[[[707.0493, 0, 604.0814], [0, 707.0493, 180.5066], [0, 0, 1]], [[0.9295869499259083, -0.01084518942633474, 0.3684433258911796, -0.0008796678368618575], [-0.004219424142678333, 0.999188489966511, 0.04005693421054202, -0.00298264737589949], [-0.3685787554747984, -0.03879102196063446, 0.9287868203349455, 0.000770568850001041]]]
[[[707.0493, 0, 604.0814], [0, 707.0493, 180.5066], [0, 0, 1]], [[0.92953975205434, -0.010881801745122852, 0.36856130526892805, -0.0004321247131885848], [-0.00422199858681556, 0.9991847754375343, 0.040149212467709826, -0.001381201814643753], [-0.3686977408103948, -0.03887635431241232, 0.9287360254650869, 0.0014190673799987508]]]
[[[707.0493, 0, 604.0814], [0, 707.0493, 180.5066], [0, 0, 1]], [[0.929545617232414, -0.010862498388559873, 0.3685470819485197, -0.00010598164543161618], [-0.0042294617452583606, 0.9991860234532349, 0.04011735521014011, -0.0008480529095676794], [-0.36868286797375843, -0.03884966749496955, 0.9287430463794464, 0.00048828125]]]
[[[707.0493, 0, 604.0814], [0, 707.0493, 180.5066], [0, 0, 1]], [[0.929531979700167, -0.010858669101405193, 0.36858158936663477, -0.0008808734471053414], [-0.004228470142839059, 0.9991867009833347, 0.040100581271238424, -0.002099444336089921], [-0.36871726126524035, -0.03883330894201867, 0.9287300766970317, 0.0007171630799973627]]]
[[[707.0493, 0, 604.0814], [0, 707.0493, 180.5066], [0, 0, 1]], [[0.9295240194006682, -0.010887016319806863, 0.3686008277702023, -0.00045394606645506703], [-0.004194970379484109, 0.9991872356314966, 0.04009077667747504, -0.0012559510717309178], [-0.3687377110911513, -0.0388116094324905, 0.9287228646870488, -6.1035149997223925e-05]]]
[[[707.0493, 0, 604.0814], [0, 707.0493, 180.5066], [0, 0, 1]], [[0.9295129275764871, -0.010898880516351732, 0.3686284469105424, 0.0004819971880964272], [-0.004201427044963058, 0.999185391700487, 0.04013603148207611, 0.0006462737896440462], [-0.3687655969297762, -0.0388557256505993, 0.9287099477798174, 0.00010681151999847316]]]
[[[707.0493, 0, 604.0814], [0, 707.0493, 180.5066], [0, 0, 1]], [[0.9295285612365692, -0.01091379064525288, 0.36858858232346936, 0.0007370767004508805], [-0.004168963550396777, 0.9991870085148161, 0.04009914909481483, 0.001501779889421089], [-0.368726556662778, -0.03880993672971288, 0.9287273632356521, 0.00041198731000235966]]]
[[[707.0493, 0, 604.0814], [0, 707.0493, 180.5066], [0, 0, 1]], [[0.9295102899438845, -0.010971181168973724, 0.36863295304705646, 7.996097640674106e-05], [-0.004131700450250006, 0.9991848941331329, 0.04015565200005331, -0.000610455796652749], [-0.36877303309735815, -0.03884817267153679, 0.9287073110190622, 0.0001525878899997224]]]
[[[707.0493, 0, 604.0814], [0, 707.0493, 180.5066], [0, 0, 1]], [[0.9295047582984649, -0.010975081705580075, 0.36864678471684537, 0.00014821784504278197], [-0.004131675861924177, 0.9991845352825409, 0.040164582741325595, 0.0006062288972635999], [-0.3687869758479606, -0.03885629979512509, 0.9287014344831965, 0.0010681152299980567]]]
[[[707.0493, 0, 604.0814], [0, 707.0493, 180.5066], [0, 0, 1]], [[0.9295045458471858, -0.011009771749774444, 0.3686462859916463, 7.672481302894108e-05], [-0.004096353052893276, 0.9991844792460819, 0.040169594538683254, 0.0002526141451501273], [-0.3687879053617171, -0.03884792606760402, 0.9287014156870673, 0.0007171630900018044]]]
[[[707.0493, 0, 604.0814], [0, 707.0493, 180.5066], [0, 0, 1]], [[0.929500714016362, -0.010956755898280306, 0.3686575269043866, 0.00035422876279153984], [-0.00412886932777094, 0.9991868722852584, 0.04010669134791283, 0.0009309232164024364], [-0.36879720047899933, -0.03880133700000624, 0.928699672211563, 0.00042724608999833436]]]
[[[707.0493, 0, 604.0814], [0, 707.0493, 180.5066], [0, 0, 1]], [[0.9294769457475713, -0.011038734493791436, 0.36871500330816737, 0.00037325050167069185], [-0.004082288994418106, 0.9991831210891903, 0.04020479383146308, 0.00044916575711567675], [-0.36885761784234894, -0.038874630174960866, 0.9286726123281701, 0.00036621094000111043]]]
[[[707.0493, 0, 604.0814], [0, 707.0493, 180.5066], [0, 0, 1]], [[0.9294650354894272, -0.011008837255244324, 0.36874591971291776, 0.00020186705253583164], [-0.004106403244077573, 0.9991839758875933, 0.04018108736530622, 0.000788654224116535], [-0.36888736120262383, -0.038861135234947615, 0.9286613628838103, -1.525879000041641e-05]]]
[[[707.0493, 0, 604.0814], [0, 707.0493, 180.5066], [0, 0, 1]], [[0.9294683161003717, -0.01107802943683733, 0.36873557819843744, 8.375144602329552e-05], [-0.004031129361560964, 0.9991843256061462, 0.040180013178958716, 0.00047953256740559757], [-0.3688799253979671, -0.03883247000626538, 0.9286655156252991, 9.155272999805675e-05]]]
[[[707.0493, 0, 604.0814], [0, 707.0493, 180.5066], [0, 0, 1]], [[0.9294696071743503, -0.011128668908997705, 0.368730798913615, 0.0005915961887542628], [-0.0039883785633292495, 0.9991832918145049, 0.04020997631391198, 0.0015305896705792553], [-0.3688771369651343, -0.038844588903008036, 0.9286661163934872, -0.00013732909999930598]]]
[[[707.0493, 0, 604.0814], [0, 707.0493, 180.5066], [0, 0, 1]], [[0.9294554652166459, -0.011105808101283197, 0.368767134117624, 0.000444390177949179], [-0.004017131533613371, 0.9991829189698016, 0.04021637842009878, 0.0009804225161301155], [-0.3689124568690381, -0.03886071879680573, 0.9286514112956732, 7.629395000208206e-05]]]
[[[707.0493, 0, 604.0814], [0, 707.0493, 180.5066], [0, 0, 1]], [[0.9294355628485091, -0.011115852988788867, 0.3688169902876043, 0.00038118500615880695], [-0.004012398250519935, 0.999182550711259, 0.04022599923459229, 0.0012246943046885321], [-0.368962647395037, -0.03886731488633899, 0.9286311951796428, 0.0]]]
[[[707.0493, 0, 604.0814], [0, 707.0493, 180.5066], [0, 0, 1]], [[0.9293978376459051, -0.011172721544684773, 0.3689103274135882, 0.0004920382992395086], [-0.00394624693366501, 0.9991837471026668, 0.04020281906798033, 0.0019838708848974934], [-0.36905837819273857, -0.038820224357403704, 0.928595123650015, -9.155274000249847e-05]]]
[[[707.0493, 0, 604.0814], [0, 707.0493, 180.5066], [0, 0, 1]], [[0.9294416218545756, -0.01113612798550127, 0.3688011092958193, 0.00025058929784053566], [-0.003976175514695911, 0.99918408435509, 0.040191486657710086, 0.000340711959942968], [-0.3689477762402324, -0.03882205848446332, 0.9286389966948494, 9.155274000249847e-05]]]
[[[707.0493, 0, 604.0814], [0, 707.0493, 180.5066], [0, 0, 1]], [[0.9294352259582664, -0.011111345511056846, 0.36881797508912206, 0.0003219159288629278], [-0.0040049611760317, 0.9991838291265683, 0.04019497354081762, 0.0005977750984853017], [-0.3689635768390761, -0.038835725986550926, 0.9286321474907128, 9.155272999805675e-05]]]
[[[707.0493, 0, 604.0814], [0, 707.0493, 180.5066], [0, 0, 1]], [[0.929389074632935, -0.011111311510806663, 0.3689342579775515, 0.0007614068712777979], [-0.004010338746871828, 0.9991837961418154, 0.04019525731683119, 0.0007579530872668516], [-0.36907975443807817, -0.03883658435213823, 0.9285859435613847, 0.0007934570299994448]]]
[[[707.0493, 0, 604.0814], [0, 707.0493, 180.5066], [0, 0, 1]], [[0.929409757483752, -0.011112764511104824, 0.36888210739871086, 0.0012279443420202191], [-0.0040067102857408035, 0.9991837825091855, 0.04019595804708144, 0.003365294793544304], [-0.369027707586679, -0.03883651935430519, 0.9286066313556904, -0.0001144409099964605]]]
[[[707.0493, 0, 604.0814], [0, 707.0493, 180.5066], [0, 0, 1]], [[0.9293860431857623, -0.011184970363418216, 0.3689396687393236, 0.0007328777404320011], [-0.0039424792429540575, 0.9991829436137931, 0.04022315314211861, 0.0012441603303159354], [-0.3690881190026729, -0.038837374129115705, 0.928582585870435, 0.0010528564399976403]]]
[[[707.0493, 0, 604.0814], [0, 707.0493, 180.5066], [0, 0, 1]], [[0.9293749741655614, -0.011183444974746439, 0.36896759742998986, 0.000823108357127889], [-0.003941502896194598, 0.9991833395536383, 0.040213412107878085, 0.0017599558690890625], [-0.36911600066873496, -0.03882762569274053, 0.9285719108035644, 0.0012435913100006246]]]
[[[707.0493, 0, 604.0814], [0, 707.0493, 180.5066], [0, 0, 1]], [[0.9293732346721484, -0.011215044710091611, 0.3689710197931245, 0.0007850093856527274], [-0.003916401993158427, 0.9991825553023195, 0.04023534484697715, 0.0013517233803660618], [-0.36912064758078167, -0.03883869142592, 0.9285696008258436, 0.0009307861299987508]]]
[[[707.0493, 0, 604.0814], [0, 707.0493, 180.5066], [0, 0, 1]], [[0.9293398450422324, -0.011189491383877318, 0.36905588695948144, 0.0007098575795907144], [-0.003955294261983582, 0.999181632035148, 0.040254463738564, 0.0007048947508994309], [-0.369204290419519, -0.038869801725097325, 0.9285350453535242, 0.002098083500001735]]]
[[[707.0493, 0, 604.0814], [0, 707.0493, 180.5066], [0, 0, 1]], [[0.9293221025384909, -0.01117713367141134, 0.36910093662347954, 0.0006855345263585506], [-0.003959865444210901, 0.9991827019184473, 0.04022744899462145, 0.0011444938681111697], [-0.36924889871075073, -0.038845847523802705, 0.928518309421551, 0.0018920898399983344]]]
[[[707.0493, 0, 604.0814], [0, 707.0493, 180.5066], [0, 0, 1]], [[0.9293181040198714, -0.011189856787124787, 0.3691106184411324, 0.0009494843144341991], [-0.003944979047799843, 0.9991829270534641, 0.04022331942026136, 0.002129031841443847], [-0.3692591213243405, -0.03883639259709367, 0.9285146395877776, 0.0008544921900011104]]]
[[[707.0493, 0, 604.0814], [0, 707.0493, 180.5066], [0, 0, 1]], [[0.929301439162387, -0.011180352503146295, 0.36915286114104756, 0.0008380489019769048], [-0.00395606012384829, 0.9991829882599861, 0.040220710587221604, 0.0007309240099837328], [-0.36930094064192776, -0.038837555146403496, 0.9284979588298713, 0.0019378662099995836]]]
[[[707.0493, 0, 604.0814], [0, 707.0493, 180.5066], [0, 0, 1]], [[0.9292945523833525, -0.011205203376417923, 0.3691694439250324, 0.0006522585774100477], [-0.0039253635349707355, 0.9991835871810937, 0.040208837698197705, 0.0010872078419844821], [-0.36931859746260126, -0.038814978104010245, 0.9284918799015112, 0.00046539307000159624]]]
[[[707.0493, 0, 604.0814], [0, 707.0493, 180.5066], [0, 0, 1]], [[0.9292569126775523, -0.011230710002814054, 0.36926340381063566, 0.000918806799177985], [-0.003916841082790012, 0.9991821352037289, 0.040245733260176456, 0.0019195774373077926], [-0.3694133844312034, -0.038844971908212234, 0.9284529172556539, 0.0006561279300001388]]]
[[[707.0493, 0, 604.0814], [0, 707.0493, 180.5066], [0, 0, 1]], [[0.929297840817406, -0.011208412874188419, 0.3691610685499609, 0.0007712473108619873], [-0.003933741255512368, 0.9991823189424783, 0.04023952276638267, 0.001240377618932901], [-0.36931023372205907, -0.03884668574760628, 0.9284938805800417, 0.00048828125]]]
[[[707.0493, 0, 604.0814], [0, 707.0493, 180.5066], [0, 0, 1]], [[0.9292709260724071, -0.011252407808581865, 0.36922747632731817, 0.0007809003463224991], [-0.003922475874355627, 0.9991790139717132, 0.04032260186955112, 0.0022611793540032255], [-0.369378072088133, -0.03891890744900986, 0.9284638703274508, -0.0009460449300036089]]]
[[[707.0493, 0, 604.0814], [0, 707.0493, 180.5066], [0, 0, 1]], [[0.9292680219579194, -0.011246877514810861, 0.36923495380662796, 0.000785494777999353], [-0.003910382917153722, 0.999180924312607, 0.0402764123929318, 0.0015553946463513298], [-0.3693855063099486, -0.038871432131722644, 0.9284629015163566, -0.0006027221599964605]]]
[[[707.0493, 0, 604.0814], [0, 707.0493, 180.5066], [0, 0, 1]], [[0.929238759470482, -0.011244367708140095, 0.3693086677734547, 0.0009110320605798234], [-0.003928844885725202, 0.9991795907937411, 0.04030768560852876, 0.0024593994372871172], [-0.3694589179809086, -0.03890642024263119, 0.9284322260608364, -0.0006103515700033313]]]
[[[707.0493, 0, 604.0814], [0, 707.0493, 180.5066], [0, 0, 1]], [[0.9292624341286161, -0.011249501875173406, 0.36924893666051334, 0.0009098678745587944], [-0.0039215107506610815, 0.9991795306092685, 0.04030989165049207, 0.0018729701018405653], [-0.36939944541213343, -0.038906481709381414, 0.9284558877029139, 0.0]]]
[[[707.0493, 0, 604.0814], [0, 707.0493, 180.5066], [0, 0, 1]], [[0.9292498937178668, -0.011260251935188535, 0.3692801670164392, 0.0011125527779273967], [-0.003916811497699732, 0.999178996113704, 0.04032359498980778, 0.0023786425801469347], [-0.36943104040270447, -0.03891709716264365, 0.9284428716595376, 0.00018310547000055521]]]
[[[707.0493, 0, 604.0814], [0, 707.0493, 180.5066], [0, 0, 1]], [[0.9292346875429758, -0.011242427995827364, 0.36931897227148625, 0.001241132406104405], [-0.003930686172126289, 0.9991796553971888, 0.04030590461174917, 0.0026463851997188463], [-0.3694691396762718, -0.03890532165544715, 0.9284282044260406, -0.00019073485999854256]]]
[[[707.0493, 0, 604.0814], [0, 707.0493, 180.5066], [0, 0, 1]], [[0.9292219898349126, -0.011304479117895687, 0.3693490251227404, 0.0013695453937711776], [-0.003874878157593887, 0.999178904073307, 0.040329926532649475, 0.0029537261525547365], [-0.36950166295499876, -0.03890663705254109, 0.9284152059648487, -0.00034332274999826495]]]
[[[707.0493, 0, 604.0814], [0, 707.0493, 180.5066], [0, 0, 1]], [[0.9292251192220116, -0.01134876156638632, 0.36933979398075645, 0.001419820170627941], [-0.003833075357539754, 0.9991784334222391, 0.040345578657190746, 0.004376307004337515], [-0.3694942291026231, -0.03890583240067556, 0.9284181982625441, -0.00045013428000117983]]]
[[[707.0493, 0, 604.0814], [0, 707.0493, 180.5066], [0, 0, 1]], [[0.929192379613245, -0.011386389573576745, 0.3694209953442738, 0.0012037610961911282], [-0.003796701192266536, 0.9991785287995926, 0.04034665594492733, 0.0031709680734599162], [-0.3695769293783527, -0.03889238638037581, 0.9283858441148851, -0.00029754639000145744]]]
[[[707.0493, 0, 604.0814], [0, 707.0493, 180.5066], [0, 0, 1]], [[0.9291962339477613, -0.01142685791017277, 0.3694100509401416, 0.0014268886860544377], [-0.003757690054447966, 0.9991781691992794, 0.04035921160071137, 0.0038150161808526827], [-0.3695676373585111, -0.038889755898912685, 0.9283896532724667, -0.00036621094000111043]]]
[[[707.0493, 0, 604.0814], [0, 707.0493, 180.5066], [0, 0, 1]], [[0.9291912518924326, -0.011369319359295795, 0.3694243575941903, 0.001257389812507716], [-0.0038013426182950155, 0.999179917030638, 0.04031182453009916, 0.003459733747790986], [-0.3695797169770984, -0.03886170325594997, 0.928386019293254, -0.00034332274999826495]]]
[[[707.0493, 0, 604.0814], [0, 707.0493, 180.5066], [0, 0, 1]], [[0.9291612557859849, -0.011468370228004393, 0.36949673507424263, 0.001091612218464081], [-0.0037240982545958183, 0.9991775701189972, 0.0403771527387256, 0.004231813120170452], [-0.3696559100547451, -0.03889292808994564, 0.9283543764674073, -0.000350952150000694]]]
[[[707.0493, 0, 604.0814], [0, 707.0493, 180.5066], [0, 0, 1]], [[0.9291435337018695, -0.01146514588423811, 0.3695413971530876, 0.0008543623155793498], [-0.00371845227347824, 0.999178719687987, 0.040349216043996786, 0.0027867628363132304], [-0.36970050972739105, -0.03886433522560756, 0.9283378138128269, 0.0005493164100016656]]]
[[[707.0493, 0, 604.0814], [0, 707.0493, 180.5066], [0, 0, 1]], [[0.9291374914585389, -0.011432904296282773, 0.36955758775255293, 0.0006083808637306827], [-0.0037500192772734454, 0.9991789904208389, 0.04033958920233784, 0.0024810903547956824], [-0.3697153760956581, -0.038866872796062886, 0.9283317870661872, 0.000625610349999306]]]
[[[707.0493, 0, 604.0814], [0, 707.0493, 180.5066], [0, 0, 1]], [[0.9291096508525766, -0.011501734732821787, 0.369625441211423, 0.0005756868413101377], [-0.0036848681952571386, 0.999178643340951, 0.04035418736290311, 0.002957285189194478], [-0.3697859900523367, -0.03885548596366423, 0.9283041380773549, -0.00035858153999868136]]]
[[[707.0493, 0, 604.0814], [0, 707.0493, 180.5066], [0, 0, 1]], [[0.9291236095254171, -0.011485257712799127, 0.36959086444030403, 0.00033356510606277344], [-0.003708152013552056, 0.9991778349977387, 0.040372065315960194, 0.002530923981083124], [-0.3697506833409574, -0.038881138158525584, 0.9283171275293766, 0.00017547606999812615]]]
[[[707.0493, 0, 604.0814], [0, 707.0493, 180.5066], [0, 0, 1]], [[0.9290940489646421, -0.011478097930344806, 0.36966539119369646, 0.0005851875388809417], [-0.0037024593837742033, 0.9991795539515036, 0.040330023057094155, 0.0031305888545197077], [-0.3698250126384081, -0.03883905551343465, 0.9282892802320976, -0.00011444092000090222]]]
[[[707.0493, 0, 604.0814], [0, 707.0493, 180.5066], [0, 0, 1]], [[0.9290707889998934, -0.011490056821432348, 0.3697234745338139, 0.0005564642004209484], [-0.0036921467517985053, 0.9991795986830866, 0.040329860251050294, 0.0037691881503214507], [-0.3698835452942975, -0.03883436840926242, 0.9282661551251209, -0.0003204345699998612]]]
[[[707.0493, 0, 604.0814], [0, 707.0493, 180.5066], [0, 0, 1]], [[0.9290658703793488, -0.011580028885249087, 0.3697330272335429, 0.0013624164893668857], [-0.0036261625050481444, 0.9991767634406348, 0.04040601868267835, 0.0067436038214457], [-0.36989655235180274, -0.03888056495621901, 0.9282590383222429, -0.00028228760000104103]]]
[[[707.0493, 0, 604.0814], [0, 707.0493, 180.5066], [0, 0, 1]], [[0.9290554984786566, -0.01155641428733545, 0.3697598275034678, 0.0014298698064000963], [-0.0036298383019774416, 0.9991790750879295, 0.04034848423833554, 0.005676084889461796], [-0.3699225662493116, -0.03882814952130971, 0.9282508657600457, -0.00017547606999812615]]]
[[[707.0493, 0, 604.0814], [0, 707.0493, 180.5066], [0, 0, 1]], [[0.9290821258595836, -0.011639307312433914, 0.36969031625608423, 0.0017698040905984593], [-0.0035351745496940193, 0.9991796566828117, 0.0403424864395063, 0.008736707810057486], [-0.3698566018731314, -0.03878840286097478, 0.9282788125635286, -0.0009460449199991672]]]
[[[707.0493, 0, 604.0814], [0, 707.0493, 180.5066], [0, 0, 1]], [[0.9290540072061678, -0.011660593640090075, 0.3697603037781675, 0.0009701506264127363], [-0.0035369256926319763, 0.9991774708893826, 0.040396433304710426, 0.005006340268804255], [-0.36992721155763436, -0.03883828295712632, 0.928248590586668, 0.0002365112299997918]]]
[[[707.0493, 0, 604.0814], [0, 707.0493, 180.5066], [0, 0, 1]], [[0.9290253538393074, -0.011735628776778967, 0.3698299162330752, 0.00021629515386839478], [-0.0034829323690981633, 0.9991752676607953, 0.040455576588283526, 0.004039821943783696], [-0.36999967716994303, -0.03887234894101234, 0.9282182821847166, 0.0007934570299994448]]]
[[[707.0493, 0, 604.0814], [0, 707.0493, 180.5066], [0, 0, 1]], [[0.9290096977019862, -0.011695781581371871, 0.3698705047295134, 0.0007204063588533671], [-0.0035135314286852577, 0.9991765904969537, 0.04042024368781358, 0.003832703083345274], [-0.37003869618266116, -0.038850350012367134, 0.9282036487923071, 0.0007095336899993754]]]
[[[707.0493, 0, 604.0814], [0, 707.0493, 180.5066], [0, 0, 1]], [[0.9289842923642656, -0.011724703662230494, 0.36993339382177637, 0.0004916447595854516], [-0.00347906243956528, 0.9991773392648902, 0.040404712894366326, 0.003966518276852877], [-0.37010279742931723, -0.03882236499194048, 0.9281792624872776, 0.0008697509800015268]]]
[[[707.0493, 0, 604.0814], [0, 707.0493, 180.5066], [0, 0, 1]], [[0.9289646931321389, -0.011745446438201374, 0.3699819501028103, 0.0007982057076721563], [-0.003474344151574723, 0.9991757926042082, 0.040443348111509736, 0.0036768626457693433], [-0.3701520334222514, -0.038855887092172824, 0.9281582258384896, 0.0006179809600013186]]]
[[[707.0493, 0, 604.0814], [0, 707.0493, 180.5066], [0, 0, 1]], [[0.9289567835842051, -0.011693974421516791, 0.3700034394368749, 0.0003937497199795631], [-0.0035105443963560704, 0.9991777077912481, 0.04039287475617893, 0.0032897670251024404], [-0.3701715417356249, -0.03882214851416721, 0.9281518574424201, 0.00041198729999791794]]]
[[[707.0493, 0, 604.0814], [0, 707.0493, 180.5066], [0, 0, 1]], [[0.9289388600570528, -0.01175486529876776, 0.3700465071010821, 0.0003186183809301472], [-0.0034528816446200814, 0.9991773112083171, 0.04040765242953511, 0.002366851838731952], [-0.37021706049863723, -0.038813965377499045, 0.9281340443101, 7.629395000208206e-05]]]
[[[707.0493, 0, 604.0814], [0, 707.0493, 180.5066], [0, 0, 1]], [[0.928952055295118, -0.011718829380728945, 0.3700145240405048, -0.0003064499192536718], [-0.0034882313623650512, 0.9991773883409836, 0.04040270869699086, 0.00061690758792306], [-0.37018361822876295, -0.03882287555084827, 0.9281470105155889, 0.0018692016599999306]]]
[[[707.0493, 0, 604.0814], [0, 707.0493, 180.5066], [0, 0, 1]], [[0.9289293990693956, -0.01170354545015319, 0.3700718829747375, -0.0005091493057034715], [-0.0035076540818182998, 0.9991772795652698, 0.04040371719766681, 0.0005729701227132272], [-0.37024028401487313, -0.038830284887480956, 0.9281240978813896, 0.002258300779999445]]]
[[[707.0493, 0, 604.0814], [0, 707.0493, 180.5066], [0, 0, 1]], [[0.9288992302347019, -0.011661173538956904, 0.37014893907868046, -0.0003089584872628383], [-0.0035539857963032212, 0.9991773908360332, 0.04039691605873772, 0.0003725251475481735], [-0.37031552661796135, -0.038840168302819666, 0.9280936655703833, 0.001327514650000694]]]
[[[707.0493, 0, 604.0814], [0, 707.0493, 180.5066], [0, 0, 1]], [[0.9289003878572565, -0.01154999366320933, 0.37014951990380657, -0.0025197805121196263], [-0.0036375925130963235, 0.9991807347895946, 0.04030666379191772, -0.004487764207957263], [-0.3703118109908828, -0.038787328751872685, 0.9280973579150772, -1.525879000041641e-05]]]
[[[707.0493, 0, 604.0814], [0, 707.0493, 180.5066], [0, 0, 1]], [[0.9288964129970035, -0.011479403420597835, 0.3701616906412756, -0.0015237538762334969], [-0.0037063163561879262, 0.9991812660351167, 0.040287229037615065, -0.003517686846296963], [-0.37032110004746976, -0.03879459887108729, 0.9280933476531675, 0.00012207030999888957]]]
[[[707.0493, 0, 604.0814], [0, 707.0493, 180.5066], [0, 0, 1]], [[0.9288852943085832, -0.011377389925560992, 0.3701927403606644, -0.0024366171537989964], [-0.0038000909388366606, 0.9991826664414581, 0.04024373729904159, -0.006135928546866815], [-0.3703480381021521, -0.038788581843365234, 0.9280828500691451, 5.340575999923658e-05]]]
[[[707.0493, 0, 604.0814], [0, 707.0493, 180.5066], [0, 0, 1]], [[0.928864406391644, -0.0112530376572963, 0.3702489482526348, -0.0016849024742211336], [-0.003924475468479121, 0.999183386976267, 0.04021389912620843, -0.0053733035818345825], [-0.3703991266606822, -0.038806292455206705, 0.9280617213498706, 0.0012664794899990284]]]
[[[707.0493, 0, 604.0814], [0, 707.0493, 180.5066], [0, 0, 1]], [[0.9288976913598961, -0.011145702442341603, 0.3701686808784909, -0.0025497218055951744], [-0.004022152140595859, 0.9991844272154857, 0.040178386008148353, -0.008519132352962661], [-0.3703145977117472, -0.038810484757712725, 0.9280952779722879, 0.0018615722700019433]]]
[[[707.0493, 0, 604.0814], [0, 707.0493, 180.5066], [0, 0, 1]], [[0.9288511766725699, -0.011089562157833731, 0.3702870686442206, -0.001414569462209802], [-0.0040721096464766985, 0.9991858117136778, 0.04013890373572451, -0.004682313812414826], [-0.3704307081182786, -0.03879091750946644, 0.9280497590117485, 0.0007934570299994448]]]
[[[707.0493, 0, 604.0814], [0, 707.0493, 180.5066], [0, 0, 1]], [[0.9288172014484287, -0.0110246996278955, 0.37037421925887815, -0.001672504367139805], [-0.00413140615829453, 0.9991870164063227, 0.04010283940304436, -0.004509788661655473], [-0.37051523285374394, -0.0387783733947911, 0.9280165407901898, 0.0005264282199988202]]]
[[[707.0493, 0, 604.0814], [0, 707.0493, 180.5066], [0, 0, 1]], [[0.928844945841934, -0.01102105698659745, 0.37030474326801815, -0.0008078095156094195], [-0.0041408181998142425, 0.999186110839265, 0.04012442561009783, -0.001808008791501457], [-0.37044556983250687, -0.03880273455315179, 0.9280433328151585, 0.0006179809600013186]]]
[[[707.0493, 0, 604.0814], [0, 707.0493, 180.5066], [0, 0, 1]], [[0.9288305061815392, -0.010995682018370671, 0.37034171485736866, -0.0006926179752694358], [-0.004138896129466753, 0.9991892222492305, 0.04004706830477637, -0.0012185760496078659], [-0.37048179486362776, -0.038729744614815355, 0.9280319210871446, 0.0006027221700009022]]]
[[[707.0493, 0, 604.0814], [0, 707.0493, 180.5066], [0, 0, 1]], [[0.9287985918968007, -0.011004802658100098, 0.37042147617136983, -0.0008796074468637366], [-0.004149899723480916, 0.9991874458270844, 0.04009022865777331, -0.001304560414706132], [-0.3705616737100661, -0.03877295990769557, 0.9279982238976489, 0.0005035400400004164]]]
[[[707.0493, 0, 604.0814], [0, 707.0493, 180.5066], [0, 0, 1]], [[0.9287606735952737, -0.010987819952565547, 0.37051704278689207, -0.0006441381114079906], [-0.004175736124654545, 0.9991870096608771, 0.040098415838678854, -0.001306229676394592], [-0.37065641018424444, -0.03878901310480015, 0.9279597179035762, 0.0004959106399979873]]]
[[[707.0493, 0, 604.0814], [0, 707.0493, 180.5066], [0, 0, 1]], [[0.9287584287723322, -0.010998248174836665, 0.37052236035283176, -0.0009633242871482787], [-0.004180369917981844, 0.9991854208371361, 0.04013750482857659, -0.0019646269532731476], [-0.37066198279793655, -0.03882696644858929, 0.9279559047630994, 0.00048828125]]]
[[[707.0493, 0, 604.0814], [0, 707.0493, 180.5066], [0, 0, 1]], [[0.9287573209733687, -0.010987136505481571, 0.37052546683025855, -0.0005306444137318023], [-0.004179436155612295, 0.9991867343679668, 0.04010488968317089, -0.0011071196363582354], [-0.37066476909977875, -0.0387962974327198, 0.9279560745281641, 0.0005035400400004164]]]
[[[707.0493, 0, 604.0814], [0, 707.0493, 180.5066], [0, 0, 1]], [[0.9287299270914636, -0.011003076571144809, 0.37059365190280047, -0.0008242879534088777], [-0.004170954144042794, 0.9991862070888391, 0.04011890707568972, -0.0017503892291851246], [-0.3707334968224652, -0.03880535877155446, 0.927928239932592, 0.0004577636699991672]]]
[[[707.0493, 0, 604.0814], [0, 707.0493, 180.5066], [0, 0, 1]], [[0.9287186161497759, -0.01094445238198196, 0.370623732347112, -0.0007263028024929661], [-0.00421269653538774, 0.9991883097810043, 0.04006213654912268, -0.0014648498456742696], [-0.37076135883442046, -0.038767777329095726, 0.9279186786762166, 0.0002365112299997918]]]
[[[707.0493, 0, 604.0814], [0, 707.0493, 180.5066], [0, 0, 1]], [[0.9286790322267561, -0.010991713687321346, 0.37072150913130436, -0.0015400366224106316], [-0.004192085624429698, 0.9991858018813649, 0.04012679574563017, -0.003926918362848663], [-0.3708607306260576, -0.03881901014850876, 0.9278768253009645, -0.0002899169899990284]]]
[[[707.0493, 0, 604.0814], [0, 707.0493, 180.5066], [0, 0, 1]], [[0.9286851386056554, -0.010928893002310883, 0.3707080692819333, -0.0005704827757628703], [-0.004235762289014836, 0.9991879580257743, 0.040068477062577504, -0.0034548389856524295], [-0.3708449428680747, -0.038781230434675226, 0.9278847150994282, -0.00027465819999861196]]]
[[[707.0493, 0, 604.0814], [0, 707.0493, 180.5066], [0, 0, 1]], [[0.9286747449010437, -0.010834339045025846, 0.3707368814677585, -0.0009246773179929359], [-0.004318368688477041, 0.9991896520836505, 0.04001738198363191, -0.002929366155158894], [-0.3708700174924522, -0.03876411054585097, 0.9278754085860543, -7.629395000208206e-05]]]
[[[707.0493, 0, 604.0814], [0, 707.0493, 180.5066], [0, 0, 1]], [[0.928659539886887, -0.010930682783015807, 0.3707721391245199, -0.0008885462623474952], [-0.004237502890183459, 0.9991878718846785, 0.04007044107347456, -0.0018617349906182852], [-0.3709090219263087, -0.03878294538149716, 0.9278590305650987, -0.00022888182999736273]]]
[[[707.0493, 0, 604.0814], [0, 707.0493, 180.5066], [0, 0, 1]], [[0.9286281675483024, -0.010877305714670911, 0.3708522760564799, -0.0008800365281479624], [-0.004283792122979033, 0.9991891529635116, 0.0400335574875263, -0.0018282533316947376], [-0.3709870288311023, -0.038764943189040765, 0.9278285960341065, -0.0005493164100016656]]]
[[[707.0493, 0, 604.0814], [0, 707.0493, 180.5066], [0, 0, 1]], [[0.9286114294858192, -0.010876105202886321, 0.3708942212598074, -0.001238479010050819], [-0.004293001222081824, 0.9991885090071565, 0.04004864053326352, -0.0024552839800845556], [-0.3710288171676298, -0.038781874679689, 0.9278111785420126, -0.0015106201200012492]]]
[[[707.0493, 0, 604.0814], [0, 707.0493, 180.5066], [0, 0, 1]], [[0.9285916821315133, -0.010861030735341561, 0.37094410075850054, -0.0008317368553220578], [-0.004310553550003904, 0.9991885247946999, 0.040046361216519506, -0.001788987744250286], [-0.37107803357819386, -0.0387856923356716, 0.9277913359510226, -0.0009384155300011798]]]
[[[707.0493, 0, 604.0814], [0, 707.0493, 180.5066], [0, 0, 1]], [[0.9285844105130411, -0.010813776733533334, 0.37096368391650564, -0.0008750123901584112], [-0.004357878631586041, 0.999188760615344, 0.04003535379892239, -0.001309120850284926], [-0.3710956769432652, -0.038792820118287566, 0.9277839811407016, -0.0013351440399986814]]]
[[[707.0493, 0, 604.0814], [0, 707.0493, 180.5066], [0, 0, 1]], [[0.928559774949516, -0.010858573086310594, 0.37102403660171845, -0.00035736850695671245], [-0.004308548276250457, 0.9991893593084306, 0.04002574991875855, 0.00011601763919854209], [-0.3711578919509261, -0.03876487631009586, 0.9277602619250339, -0.0009231567400007634]]]
[[[707.0493, 0, 604.0814], [0, 707.0493, 180.5066], [0, 0, 1]], [[0.9285420273093855, -0.010881615740911345, 0.37106777542524966, -0.00045274098885913084], [-0.004293608935411233, 0.9991886335085478, 0.04004546902747734, -0.0010452723842826364], [-0.37120246287233344, -0.03877712091153803, 0.9277419180199448, -0.0007019042899969463]]]
[[[707.0493, 0, 604.0814], [0, 707.0493, 180.5066], [0, 0, 1]], [[0.9285107314160707, -0.01086334778116698, 0.37114661431862617, 0.0001899067088906549], [-0.004317606020274977, 0.9991884507414176, 0.0400474491474715, 0.00044438243716370774], [-0.3712804599267881, -0.038786951155653435, 0.9277102955646238, -0.0006484985400021515]]]
[[[707.0493, 0, 604.0814], [0, 707.0493, 180.5066], [0, 0, 1]], [[0.9285058758901636, -0.010941227737456293, 0.3711564737048745, 0.0009593462450211138], [-0.0042433013931676, 0.9991878614728562, 0.04007008707985298, 0.0019216908870023672], [-0.37129345918118034, -0.03878024008302909, 0.9277053735687726, -0.001182556149998959]]]
[[[707.0493, 0, 604.0814], [0, 707.0493, 180.5066], [0, 0, 1]], [[0.9284926610185313, -0.011002721782210399, 0.3711877133582277, 0.0006267442497436564], [-0.004209814572369187, 0.9991848657458788, 0.04014824436580582, 0.0019073409271464603], [-0.3713268855011616, -0.038839981691209176, 0.9276894954273406, -0.0012817382799994448]]]
[[[707.0493, 0, 604.0814], [0, 707.0493, 180.5066], [0, 0, 1]], [[0.9284537384077444, -0.011011533601819045, 0.37128479872521025, 0.00013551604350402877], [-0.004193854059232044, 0.9991860215177222, 0.04012114145579563, 0.0010542826036237544], [-0.37142437618553487, -0.03880773803408426, 0.9276518162779956, -0.0020675659200009022]]]
[[[707.0493, 0, 604.0814], [0, 707.0493, 180.5066], [0, 0, 1]], [[0.92844407696439, -0.011026024442396974, 0.3713085276892216, -0.00017280438615094814], [-0.004194738881220334, 0.9991844716217168, 0.04015962942743548, -0.0006873192905934272], [-0.371448516103457, -0.038843512393013944, 0.9276406531785429, -0.0016555786099985426]]]
[[[707.0493, 0, 604.0814], [0, 707.0493, 180.5066], [0, 0, 1]], [[0.9284714561702148, -0.010998170394362588, 0.37124088584790554, -0.000129521921557069], [-0.004218074844157807, 0.9991847339014448, 0.04015065856132768, -0.0006131256669101434], [-0.3713798095235794, -0.03884466226234692, 0.9276681137626506, -0.0014953613300008328]]]
[[[707.0493, 0, 604.0814], [0, 707.0493, 180.5066], [0, 0, 1]], [[0.9284271924824428, -0.010990775793550274, 0.37135178888302806, -0.00013408160883319892], [-0.0042318004491071325, 0.9991845986417721, 0.04015258026627533, -0.0006384870632450378], [-0.3714902961372316, -0.038850234034515874, 0.9276236409187378, -0.0017852783199998612]]]
[[[707.0493, 0, 604.0814], [0, 707.0493, 180.5066], [0, 0, 1]], [[0.9284379694301024, -0.010996218197998064, 0.3713246828664239, -0.00026800367356001175], [-0.004230921113520636, 0.9991839801077885, 0.04016806197079805, -0.0017458287936063307], [-0.3714633713127573, -0.03886459933282116, 0.9276338214466201, -0.0009231567400007634]]]
[[[707.0493, 0, 604.0814], [0, 707.0493, 180.5066], [0, 0, 1]], [[0.9284257623240655, -0.010914724507158883, 0.37135760749163405, -0.00027667976551692193], [-0.004300498887471411, 0.9991856504958113, 0.04011909212060022, -0.0027918796924548445], [-0.37149308144607024, -0.03884462166368949, 0.9276227605042409, -0.0008239746100002776]]]
[[[707.0493, 0, 604.0814], [0, 707.0493, 180.5066], [0, 0, 1]], [[0.9284037652939247, -0.010917972996309753, 0.37141250174666324, 0.00013146224092898333], [-0.004317108624222011, 0.9991838104365892, 0.04016311161432565, -0.002893881698357242], [-0.3715478585070703, -0.03889101216309448, 0.9275988777546791, -0.00024414061999777914]]]
[[[707.0493, 0, 604.0814], [0, 707.0493, 180.5066], [0, 0, 1]], [[0.9283772924797382, -0.010882663271532447, 0.37147970395178936, -0.00019953897489734747], [-0.0043364818713542514, 0.9991858984643874, 0.04010904180972576, -0.00459443888199516], [-0.37161377495051234, -0.03884723864103279, 0.9275743066283134, 0.0003662109299966687]]]
