[[[707.0493, 0, 604.0814], [0, 707.0493, 180.5066], [0, 0, 1]], [[0.9981612691195562, -4.25586688028482e-05, -0.060614181660702135, 0.0], [0.0007815604334426539, 0.9999256587981644, 0.012168238999367286, 0.0], [0.06060915766553571, -0.012193238528650039, 0.9980870978733558, 0.0]]]
[[[707.0493, 0, 604.0814], [0, 707.0493, 180.5066], [0, 0, 1]], [[0.9981613779777675, 0.00022234376664236974, -0.06061199614576225, 0.01752004115237216], [0.0005220384482799249, 0.9999246458882353, 0.012264991689599207, 0.0008187989404033984], [0.06061015582708049, -0.012274082798191295, 0.998086046341737, -0.001533508299999653]]]
[[[707.0493, 0, 604.0814], [0, 707.0493, 180.5066], [0, 0, 1]], [[0.9981568014599205, 0.0002883295603461834, -0.06068703786942736, 0.02267226599462431], [0.00045515953301374177, 0.9999250212688585, 0.012237020481810395, 0.0011285868791235081], [0.06068601592706665, -0.012242087507340037, 0.9980818296935189, -0.0015411376899976403]]]
[[[707.0493, 0, 604.0814], [0, 707.0493, 180.5066], [0, 0, 1]], [[0.9981416441667466, 0.0003992879909404835, -0.060935201232162624, 0.023941866372784313], [0.00034136445561414486, 0.9999262023341784, 0.012143860829903553, 0.0016265848635875742], [0.06093555325433836, -0.01214209432708844, 0.9980678473405201, -0.000984191900002429]]]
[[[707.0493, 0, 604.0814], [0, 707.0493, 180.5066], [0, 0, 1]], [[0.9981251695368123, 0.0004389944252236775, -0.06120419283843512, 0.027395763640236815], [0.00029644318406875223, 0.9999278750413794, 0.012006533082879035, 0.002019800320075378], [0.06120504928964888, -0.012002166434701369, 0.9980530496633561, -0.0008544921900011104]]]
[[[707.0493, 0, 604.0814], [0, 707.0493, 180.5066], [0, 0, 1]], [[0.9981028293917774, 0.0004383059717879593, -0.06156744146059151, 0.03563767394120103], [0.0002804669024410719, 0.999931917173543, 0.011665434237923393, 0.0026466072937219036], [0.061568362804649134, -0.011660570548552726, 0.9980347527997395, -0.0014266967699967381]]]
[[[707.0493, 0, 604.0814], [0, 707.0493, 180.5066], [0, 0, 1]], [[0.9980719074676013, 0.00035036819795940054, -0.06206726001773945, 0.03929671065321085], [0.00032337530933505175, 0.9999411424723432, 0.010844677012922454, 0.002159399442103885], [0.06206740652220882, -0.010843838491565378, 0.9980130501222796, -0.0022125244200026373]]]
[[[707.0493, 0, 604.0814], [0, 707.0493, 180.5066], [0, 0, 1]], [[0.9980351162264812, 0.000278615717615854, -0.06265643743523773, 0.04978643522276826], [0.00031637714244126886, 0.9999549568856523, 0.009485995220177254, 0.0028787540143055752], [0.06265625814152728, -0.00948717940672476, 0.9979900734689734, -0.004669189449998612]]]
[[[707.0493, 0, 604.0814], [0, 707.0493, 180.5066], [0, 0, 1]], [[0.9979925652565294, 0.000325600951010393, -0.06333035351798273, 0.06908281573001945], [0.00018662461187832967, 0.9999673221321362, 0.008082068988745821, 0.0042276976629678905], [0.06333091554640757, -0.008077663765304097, 0.9979598922222017, -0.0037841796900011104]]]
[[[707.0493, 0, 604.0814], [0, 707.0493, 180.5066], [0, 0, 1]], [[0.9979246336150547, 0.0004939895206412741, -0.06439085027092249, 0.0765490787572925], [1.3970944871523533e-05, 0.9999688890147398, 0.007888016698734509, 0.005718575977356344], [0.06439274360571665, -0.007872545775053435, 0.9978935802949872, -0.001945495599997571]]]
[[[707.0493, 0, 604.0814], [0, 707.0493, 180.5066], [0, 0, 1]], [[0.9978409712247766, 0.0007797472388129202, -0.06567182150236317, 0.08963444323485628], [-0.00023748615563555213, 0.9999658199336177, 0.008264536575846125, 0.00619521658050149], [0.06567602108471986, -0.008231097055142807, 0.9978070501333153, -0.0010070800800008328]]]
[[[707.0493, 0, 604.0814], [0, 707.0493, 180.5066], [0, 0, 1]], [[0.997742075387852, 0.0010166701807477923, -0.06715442935864817, 0.11258744537227157], [-0.00043202234564275276, 0.9999618870199717, 0.00871996927461879, 0.007516018310755046], [0.06716073523596175, -0.008671268027284629, 0.9977044876882954, -3.814696999882017e-05]]]
[[[707.0493, 0, 604.0814], [0, 707.0493, 180.5066], [0, 0, 1]], [[0.9976108089551449, 0.0008291004718639567, -0.06907956606891213, 0.11442279358664223], [-0.00019852455360266412, 0.9999582587765555, 0.00913462054827333, 0.00811968798957772], [0.06908425612151627, -0.00909908220464435, 0.9975693320562585, 0.0007553100600006246]]]
[[[707.0493, 0, 604.0814], [0, 707.0493, 180.5066], [0, 0, 1]], [[0.9974106869004356, 0.00012134977886449092, -0.07191597132092757, 0.13712900536739286], [0.0005196510148933248, 0.9999603088915474, 0.008894414221509352, 0.010489766909500006], [0.07191419623150931, -0.008908755005736605, 0.9973710355051544, 0.001075744619996044]]]
[[[707.0493, 0, 604.0814], [0, 707.0493, 180.5066], [0, 0, 1]], [[0.9971794052931537, -2.584704287312808e-05, -0.07505486653857063, 0.13537508840727483], [0.0006910454384927861, 0.9999607153026931, 0.008836872044347273, 0.011121134318725325], [0.07505168962384666, -0.008863813132992076, 0.9971402492635373, 0.0003204345699998612]]]
[[[707.0493, 0, 604.0814], [0, 707.0493, 180.5066], [0, 0, 1]], [[0.9968810069559356, 0.0005891008266333266, -0.07891711430821607, 0.14545214707198223], [0.00014753839010670544, 0.9999564806555299, 0.009328184573128947, 0.011164627595929042], [0.07891917512837693, -0.00931073333432851, 0.9968375364330107, -0.00025939940999819555]]]
[[[707.0493, 0, 604.0814], [0, 707.0493, 180.5066], [0, 0, 1]], [[0.9964686243584066, 0.001592881453802818, -0.08395083917352551, 0.17132112616530015], [-0.0007762492153951551, 0.9999520761013757, 0.00975924882890002, 0.013167296643704533], [0.08396236124848212, -0.00965961848226518, 0.9964221061700491, -0.0005187988300008328]]]
[[[707.0493, 0, 604.0814], [0, 707.0493, 180.5066], [0, 0, 1]], [[0.9960579545392099, 0.0019946630255654545, -0.08868242508287592, 0.16423310772878566], [-0.0011335144415826886, 0.9999517297868148, 0.009759776706868579, 0.012808120057073213], [0.08869761182904634, -0.009620780413856927, 0.9960121355887448, -0.001327514650000694]]]
[[[707.0493, 0, 604.0814], [0, 707.0493, 180.5066], [0, 0, 1]], [[0.9956223268008201, 0.0019608689029602167, -0.09344697624250083, 0.1715544398662764], [-0.0010434125804820243, 0.9999507876020143, 0.009865782498024816, 0.015262291986402247], [0.09346172299881915, -0.009725089575774842, 0.995575375833912, -0.00022125243999937538]]]
[[[707.0493, 0, 604.0814], [0, 707.0493, 180.5066], [0, 0, 1]], [[0.9951003906881011, 0.0011803748911903005, -0.09886262775945669, 0.19831013253549543], [-0.00016518666637151935, 0.9999471844967591, 0.01027623133107006, 0.019405005102470688], [0.0988695360854591, -0.010209551024440808, 0.995048028942385, -0.0007247924799997918]]]
[[[707.0493, 0, 604.0814], [0, 707.0493, 180.5066], [0, 0, 1]], [[0.9946018089919785, -0.0005020647574474229, -0.10376410497307494, 0.18849617499392116], [0.0016450728922237502, 0.9999389107903793, 0.010930161139206002, 0.020442936529100664], [0.10375227845721392, -0.011041857557905177, 0.9945418754867024, 0.0018997192400007634]]]
[[[707.0493, 0, 604.0814], [0, 707.0493, 180.5066], [0, 0, 1]], [[0.9939832354645689, -0.002678758352214451, -0.1094995519126813, 0.2161363519369832], [0.0040186961173404165, 0.9999197048107198, 0.012018070259381562, 0.024749276809144048], [0.10945856611934957, -0.012385805784582602, 0.9939141885083252, 0.0016937255900018044]]]
[[[707.0493, 0, 604.0814], [0, 707.0493, 180.5066], [0, 0, 1]], [[0.9933767652710822, -0.0035868634566517976, -0.11484657866085797, 0.20413159457789923], [0.00513580363466029, 0.9998997661130862, 0.013193985297160933, 0.0239087877416022], [0.11478774211817006, -0.01369642791164268, 0.993295616683107, 0.0027313232399990284]]]
[[[707.0493, 0, 604.0814], [0, 707.0493, 180.5066], [0, 0, 1]], [[0.9927220657012447, -0.004578942206326168, -0.12034090558959878, 0.21032648275495236], [0.00617679640102329, 0.9998976092279985, 0.012908069040452715, 0.025542936447215607], [0.1202694784892406, -0.013557446234594218, 0.9926487033162952, 0.0009994506799984038]]]
[[[707.0493, 0, 604.0814], [0, 707.0493, 180.5066], [0, 0, 1]], [[0.9919247510735233, -0.0033656339741908324, -0.12678312472754635, 0.23763972521292356], [0.004963632884256684, 0.9999121506701912, 0.0122903739041249, 0.028407787060781745], [0.12673062201504073, -0.012820430962516083, 0.9918543169203914, 0.002166748050001388]]]
[[[707.0493, 0, 604.0814], [0, 707.0493, 180.5066], [0, 0, 1]], [[0.9911780158362823, -0.0019185859450217566, -0.13252343170481964, 0.223871049756826], [0.00355537079129236, 0.9999202852184423, 0.01211538473203296, 0.027913013786397656], [0.13248962322154462, -0.012479672938034763, 0.9911058255816948, 0.000762939449998612]]]
[[[707.0493, 0, 604.0814], [0, 707.0493, 180.5066], [0, 0, 1]], [[0.9905142025081481, -0.0008519109551430048, -0.13740774678806036, 0.23056939332651433], [0.0026189256541736725, 0.9999161839044131, 0.012679368850769883, 0.03193136848741608], [0.13738542811399293, -0.012918955598672439, 0.9904334125665261, -0.000419616700000347]]]
[[[707.0493, 0, 604.0814], [0, 707.0493, 180.5066], [0, 0, 1]], [[0.9898838658502052, -0.0024499290546022684, -0.14185883820573336, 0.2613907339972186], [0.004403032472904739, 0.9998997739520351, 0.013455681168622833, 0.03979933228859614], [0.14181165479076666, -0.013944170764032562, 0.9897954408195705, 0.0010833740300029149]]]
[[[707.0493, 0, 604.0814], [0, 707.0493, 180.5066], [0, 0, 1]], [[0.9895114972197746, -0.0027160870403071173, -0.1444285973797068, 0.24438264939549129], [0.004628968550338368, 0.9999059467056548, 0.01291008880016519, 0.03738665241933296], [0.14437994846944624, -0.013443236732931846, 0.9894310030851583, -0.0005874633800004858]]]
[[[707.0493, 0, 604.0814], [0, 707.0493, 180.5066], [0, 0, 1]], [[0.9894325442078964, -0.003532313693756143, -0.14495089934960145, 0.2505527515096464], [0.00523414698324839, 0.999921761779825, 0.011361074970649525, 0.040605339088645505], [0.14489942776852896, -0.011999711625696269, 0.9893736214157183, -0.0020675659200009022]]]
[[[707.0493, 0, 604.0814], [0, 707.0493, 180.5066], [0, 0, 1]], [[0.9897759270819237, -0.0036337957673516345, -0.14258474566881074, 0.2805574617356439], [0.004892502254206125, 0.9999520907868004, 0.00847818098409811, 0.04554104556077633], [0.14254710656765662, -0.009089095633104107, 0.9897462860499965, -0.002029418950002082]]]
[[[707.0493, 0, 604.0814], [0, 707.0493, 180.5066], [0, 0, 1]], [[0.990449343788583, -0.005296159827837014, -0.1377753536734461, 0.2622652063818216], [0.006278542487226699, 0.9999578661012105, 0.006696710128826122, 0.04334271406741764], [0.13773408181347577, -0.0074977805643696065, 0.990440864460674, -0.003204345699998612]]]
[[[707.0493, 0, 604.0814], [0, 707.0493, 180.5066], [0, 0, 1]], [[0.9915313056780902, -0.006222672025998743, -0.12971872730318598, 0.296059720953482], [0.007091552812207168, 0.9999554016287502, 0.006237357789675686, 0.04745105714855031], [0.12967412902739373, -0.007104442718581384, 0.9915312134041193, -0.006172180169997432]]]
[[[707.0493, 0, 604.0814], [0, 707.0493, 180.5066], [0, 0, 1]], [[0.9926522699474866, -0.0062937433139162256, -0.12083815524576899, 0.2752438496915614], [0.007197847756914294, 0.9999492647183904, 0.007046912573505206, 0.04057285803829089], [0.12078767302904017, -0.007864908406896848, 0.9926472088612251, -0.004379272470004025]]]
[[[707.0493, 0, 604.0814], [0, 707.0493, 180.5066], [0, 0, 1]], [[0.9938866291813366, -0.006214187252787932, -0.11023045047239721, 0.28060660181051084], [0.007233634607781416, 0.9999346664964862, 0.008850834363036764, 0.03647341531505299], [0.11016824798879864, -0.009594092731889419, 0.9938666462457276, 0.0008087158199998612]]]
[[[707.0493, 0, 604.0814], [0, 707.0493, 180.5066], [0, 0, 1]], [[0.9953079724675105, -0.005763059232827695, -0.09658585347188514, 0.3163865232014637], [0.006679612081253675, 0.9999356552693177, 0.009168865991192102, 0.034312791589636876], [0.09652679796335065, -0.009771001453248723, 0.9952824246441525, -0.0010910034099964605]]]
[[[707.0493, 0, 604.0814], [0, 707.0493, 180.5066], [0, 0, 1]], [[0.9966191721214355, -0.004869210542375176, -0.08201534337353308, 0.2945282201174951], [0.005488437263686864, 0.9999580997543989, 0.007326376455949571, 0.027495328471067657], [0.08197623324102596, -0.00775174330494381, 0.9966041378899383, -0.004745483400000694]]]
[[[707.0493, 0, 604.0814], [0, 707.0493, 180.5066], [0, 0, 1]], [[0.9978460016119012, -0.0029041679656041743, -0.06553566109813169, 0.3017430634805243], [0.00336973875709829, 0.9999698593156108, 0.006994663753626868, 0.022403225931168193], [0.06551337213005085, -0.007200435316350696, 0.9978257121378485, -0.0016937255900018044]]]
[[[707.0493, 0, 604.0814], [0, 707.0493, 180.5066], [0, 0, 1]], [[0.9989303026874042, -0.0017334540385968028, -0.04620871681779343, 0.3418581413327893], [0.0021137396752129523, 0.9999642916570586, 0.008182146135504519, 0.01847997725677574], [0.046192883406823426, -0.008271066913850553, 0.9988982966121577, 0.0018386840799990978]]]
[[[707.0493, 0, 604.0814], [0, 707.0493, 180.5066], [0, 0, 1]], [[0.9996252673077951, -0.0028059551378656978, -0.027229608436101255, 0.3187656795144412], [0.0031238391290906455, 0.9999273885576535, 0.011638695861951404, 0.014897108586876848], [0.027194973596506283, -0.011719395378419812, 0.999561448427784, 0.006484985360003748]]]
[[[707.0493, 0, 604.0814], [0, 707.0493, 180.5066], [0, 0, 1]], [[0.9999555876646068, -0.008262754867295646, -0.004533164494471022, 0.3594979853006597], [0.008317822413361185, 0.9998901685074846, 0.012266407476269689, 0.012422024254605127], [0.004431312292169998, -0.012303568753702346, 0.9999144891775956, 0.00012207030999888957]]]
[[[707.0493, 0, 604.0814], [0, 707.0493, 180.5066], [0, 0, 1]], [[0.999811363643716, -0.008594818830999232, 0.017417411350581, 0.3328692528270748], [0.008419610514807807, 0.9999134668785565, 0.010107863952625107, 0.0003091208663408198], [-0.017502779427050568, -0.009959309422251183, 0.9997972118725676, -0.004455566410001666]]]
[[[707.0493, 0, 604.0814], [0, 707.0493, 180.5066], [0, 0, 1]], [[0.9990929815352402, -0.007480567268720373, 0.041919629773680994, 0.3364148988459776], [0.007190596338519545, 0.9999491975642657, 0.007063824380445409, -0.012612569053676598], [-0.04197034156783575, -0.006755990224937798, 0.9990960149178656, -0.000694274899998959]]]
[[[707.0493, 0, 604.0814], [0, 707.0493, 180.5066], [0, 0, 1]], [[0.9972760850032728, -0.006235094476532727, 0.07349512825632563, 0.37549689520507723], [0.00589397028425696, 0.9999708328473956, 0.004857424088384971, -0.021827697380384162], [-0.07352327111080777, -0.004411014776084718, 0.997283746761077, 0.002609252930000139]]]
[[[707.0493, 0, 604.0814], [0, 707.0493, 180.5066], [0, 0, 1]], [[0.9944531646386798, -0.00805088081542753, 0.10487176292124821, 0.34662771151660654], [0.0077509249128508585, 0.9999646228114472, 0.0032674590365654814, -0.029886986075941802], [-0.10489435877639015, -0.0024364818193589035, 0.9944803854542501, 0.0027008056599981956]]]
[[[707.0493, 0, 604.0814], [0, 707.0493, 180.5066], [0, 0, 1]], [[0.9902382445859582, -0.008973766053813587, 0.13909597579416658, 0.35190978332768735], [0.008924268659746298, 0.9999596981375933, 0.000979555747103615, -0.040789543538633254], [-0.13909916027139999, 0.00027133629399073964, 0.9902784204396292, 0.0007095336899993754]]]
[[[707.0493, 0, 604.0814], [0, 707.0493, 180.5066], [0, 0, 1]], [[0.9835176938784872, -0.006762893838164633, 0.18068538705406145, 0.38964175734292145], [0.007210297383305075, 0.9999723502225885, -0.0018194510043725138, -0.06212714110313894], [-0.18066808638934156, 0.0030922576294227164, 0.9835392623089161, 0.0009002685600023597]]]
[[[707.0493, 0, 604.0814], [0, 707.0493, 180.5066], [0, 0, 1]], [[0.97534680939596, -0.004792304648869233, 0.22062555431607017, 0.3561565220496218], [0.005921403228488817, 0.9999725372940217, -0.004456640165214914, -0.07389688554557607], [-0.22059813776395856, 0.005653182635382564, 0.9753484009015264, -0.00022125243999937538]]]
[[[707.0493, 0, 604.0814], [0, 707.0493, 180.5066], [0, 0, 1]], [[0.9636490173872289, -0.0019577257115029776, 0.26716425396872784, 0.39247110597513946], [0.003856543956413484, 0.9999708965517207, -0.00658278955005852, -0.09962736417578621], [-0.2671435912713248, 0.0073738293705936245, 0.9636285219331528, 0.0027313232399990284]]]
[[[707.0493, 0, 604.0814], [0, 707.0493, 180.5066], [0, 0, 1]], [[0.9502475265087541, -0.0007223267614355805, 0.3114949704377975, 0.35763804055591036], [0.0025609232839607057, 0.999981631397854, -0.005493499687826791, -0.11529187946690703], [-0.3114852806087766, 0.006017899212864828, 0.9502319216134214, 0.0011978149399993754]]]
[[[707.0493, 0, 604.0814], [0, 707.0493, 180.5066], [0, 0, 1]], [[0.9343415121192631, 0.0007302529924955027, 0.35637817758843743, 0.3558282307522984], [0.0007325238955849109, 0.999991852856849, -0.003969587972128498, -0.13251712993526407], [-0.35637817292790436, 0.003970006359317514, 0.9343333649774452, 0.002761840819999861]]]
[[[707.0493, 0, 604.0814], [0, 707.0493, 180.5066], [0, 0, 1]], [[0.9145886336953082, 0.0027044937390124976, 0.4043764543454095, 0.3870299402466764], [-0.0017560123344834784, 0.9999947687655932, -0.0027164061053024896, -0.17033392706446154], [-0.40438168546069264, 0.0017743041068049629, 0.9145885983921437, 0.004745483400000694]]]
[[[707.0493, 0, 604.0814], [0, 707.0493, 180.5066], [0, 0, 1]], [[0.8943147481854535, 0.0038451826562253847, 0.44742188787354736, 0.34766488954787017], [-0.0033832088315351996, 0.9999925995312192, -0.0018316060703529723, -0.17086852076611267], [-0.44742561960172905, 0.00012431063910672905, 0.8943211388930008, 0.006065368649998959]]]
[[[707.0493, 0, 604.0814], [0, 707.0493, 180.5066], [0, 0, 1]], [[0.8718054763417288, 0.002792385385543865, 0.48984427525942364, 0.3434991286406142], [-0.0031446159907984354, 0.9999950502888216, -0.00010386591176535698, -0.18947252448248902], [-0.4898421407053928, -0.001449821270299589, 0.871809942136153, 0.005355834959999584]]]
[[[707.0493, 0, 604.0814], [0, 707.0493, 180.5066], [0, 0, 1]], [[0.84452204576666, 0.007206036931549262, 0.535472302967984, 0.36985926437768246], [-0.006766455415728891, 0.9999732283785507, -0.0027852481551511633, -0.23255283646121966], [-0.535478038107262, -0.0012710459944344616, 0.8445481958697666, 0.0016021728600037477]]]
[[[707.0493, 0, 604.0814], [0, 707.0493, 180.5066], [0, 0, 1]], [[0.8176633994707453, 0.008647526473440702, 0.5756316404193185, 0.33038346507082494], [-0.007462203345126267, 0.9999623785707161, -0.0044223256813380315, -0.2342220246452585], [-0.5756482265126684, -0.0006795065025279243, 0.8176971674059612, -0.002098083500001735]]]
[[[707.0493, 0, 604.0814], [0, 707.0493, 180.5066], [0, 0, 1]], [[0.7884345235739587, 0.00923420898769703, 0.6150493731572094, 0.32665070386703143], [-0.007089794321294863, 0.9999573155277051, -0.005924688946037574, -0.24889143471457376], [-0.6150778299151958, 0.0003106557533670861, 0.7884663383048235, -0.0024948120099992366]]]
[[[707.0493, 0, 604.0814], [0, 707.0493, 180.5066], [0, 0, 1]], [[0.7537469723710324, 0.008137392425183874, 0.6571143618016735, 0.35382919988113715], [-0.0049107310042213435, 0.9999651590824581, -0.006750210529934712, -0.2969334816341494], [-0.657146396446413, 0.0018610388799867523, 0.7537606716801964, -0.005554199220000555]]]
[[[707.0493, 0, 604.0814], [0, 707.0493, 180.5066], [0, 0, 1]], [[0.7197219485205948, 0.007204031757500449, 0.6942250490612935, 0.31335957292382294], [-0.0026291559728003453, 0.9999672741252673, -0.00765102720901994, -0.2916461624174131], [-0.6942574481822928, 0.0036813862768528063, 0.7197173355133886, -0.0038604736299987508]]]
[[[707.0493, 0, 604.0814], [0, 707.0493, 180.5066], [0, 0, 1]], [[0.6792793458792522, 0.008058743846438315, 0.7338355584935039, 0.3340525639868929], [-0.001853078652421441, 0.9999553538656282, -0.009265871517260672, -0.3501757513546076], [-0.7338774668576241, 0.004934260135413945, 0.6792639521684872, -0.0026016235400021515]]]
[[[707.0493, 0, 604.0814], [0, 707.0493, 180.5066], [0, 0, 1]], [[0.6402364929973825, 0.008269931233302079, 0.7681333486262714, 0.29306506100184954], [-0.0012407798768212014, 0.9999518773822105, -0.009731566425299714, -0.3418209116572589], [-0.7681768634238536, 0.005277419557814201, 0.640215944305592, -2.2888179998403757e-05]]]
[[[707.0493, 0, 604.0814], [0, 707.0493, 180.5066], [0, 0, 1]], [[0.5989773167144979, 0.011172639615738464, 0.8006880454868279, 0.2800665229445128], [-0.003952708689105107, 0.9999317306936714, -0.01099591042061164, -0.3657982205362101], [-0.8007562364137535, 0.0034214143239125767, 0.5989805871382686, 0.005035400389999722]]]
[[[707.0493, 0, 604.0814], [0, 707.0493, 180.5066], [0, 0, 1]], [[0.5510701957783812, 0.011990634335577779, 0.8343727368586578, 0.29346095481805223], [-0.004838520650844939, 0.9999258611350662, -0.011174119706165346, -0.42942602868764446], [-0.8344448621944339, 0.002120594616334979, 0.5510873569914169, 0.002433776849997571]]]
[[[707.0493, 0, 604.0814], [0, 707.0493, 180.5066], [0, 0, 1]], [[0.5060044952910191, 0.011058542078412104, 0.862459946543827, 0.2554277780425913], [-0.0036777054288246068, 0.9999363793422237, -0.010663571200268188, -0.41036529458175647], [-0.8625229998255466, 0.002223941335643538, 0.5060129730124275, -0.0003051757799994448]]]
[[[707.0493, 0, 604.0814], [0, 707.0493, 180.5066], [0, 0, 1]], [[0.46045936804084314, 0.008891620561090646, 0.8876362483963941, 0.24469978808323414], [-0.0023976335983204073, 0.9999586419860288, -0.008773008069370302, -0.436716129184713], [-0.8876775437829638, 0.0019113872591971937, 0.46046164320406735, 0.0005645752000020821]]]
[[[707.0493, 0, 604.0814], [0, 707.0493, 180.5066], [0, 0, 1]], [[0.4099791192306598, 0.00649082787748553, 0.9120718123855803, 0.24826966268056427], [-0.0013631855950685613, 0.9999779218079856, -0.006503662169552392, -0.5036088985951076], [-0.9120938896406914, 0.001423042531734754, 0.40997891583600626, 0.0031967163100006246]]]
[[[707.0493, 0, 604.0814], [0, 707.0493, 180.5066], [0, 0, 1]], [[0.3644947119274919, 0.008561005435597197, 0.9311661044963064, 0.20497180406713386], [-0.0024057000295873154, 0.9999630592735255, -0.008251829839451748, -0.48329933307150846], [-0.9312023505040472, 0.0007676420150681771, 0.3645018424390669, 0.002754211419997432]]]
[[[707.0493, 0, 604.0814], [0, 707.0493, 180.5066], [0, 0, 1]], [[0.32223997071584615, 0.01235522300717748, 0.9465773870833244, 0.18140887708602424], [-0.004053348108695556, 0.9999236684512719, -0.01167165969606111, -0.5051311459090951], [-0.9466493393237859, -7.573238300411952e-05, 0.32226545365962794, 0.0004272461000027761]]]
[[[707.0493, 0, 604.0814], [0, 707.0493, 180.5066], [0, 0, 1]], [[0.2809311627209131, 0.014142995554743633, 0.9596237061937426, 0.18150131362494246], [-0.0048403609603040534, 0.9998995750504558, -0.013319561542783463, -0.5781596217723536], [-0.9597157145311573, -0.0009030452128955623, 0.28097140742661636, -0.0011749267600009716]]]
[[[707.0493, 0, 604.0814], [0, 707.0493, 180.5066], [0, 0, 1]], [[0.24705121080194098, 0.009895435647863365, 0.9689518974617026, 0.15615775243278474], [-0.004017159628187073, 0.9999497225166771, -0.009187756382391707, -0.542809565828466], [-0.9689940978508675, -0.00162258810531528, 0.24707854123339787, 0.003379821769996738]]]
[[[707.0493, 0, 604.0814], [0, 707.0493, 180.5066], [0, 0, 1]], [[0.2159051559841283, 0.005312607042246445, 0.9763998872520848, 0.1549687218557665], [-0.0030386338626124535, 0.99998401147386, -0.00476901466724738, -0.6158260288563063], [-0.97640961195787, -0.0019372669052325256, 0.21591784704655537, 0.0036163330100009716]]]
[[[707.0493, 0, 604.0814], [0, 707.0493, 180.5066], [0, 0, 1]], [[0.19236184209827042, 0.011682683194828378, 0.981254521833112, 0.1171499742378949], [-0.003995545192512901, 0.9999301686022842, -0.011121759645933363, -0.5773662956704716], [-0.98131593145285, -0.001781244614475887, 0.19239508789064427, -0.0006561279300001388]]]
[[[707.0493, 0, 604.0814], [0, 707.0493, 180.5066], [0, 0, 1]], [[0.17137616917561815, 0.02125858849783536, 0.9849762845133733, 0.1051061922738055], [-0.004513549072410108, 0.9997736212909578, -0.02079264402464026, -0.5911353730084177], [-0.9851953291167498, -0.0008823751153361354, 0.17143332494207472, -0.010978698729999792]]]
[[[707.0493, 0, 604.0814], [0, 707.0493, 180.5066], [0, 0, 1]], [[0.15082473322595896, 0.02839539099363975, 0.9881526206096084, 0.10468522118675536], [-0.004508739504010989, 0.9995967438603787, -0.028036064841801253, -0.6722807563391799], [-0.9885502370215705, -0.0002267907560641631, 0.1508919396473837, -0.012725830080000833]]]
[[[707.0493, 0, 604.0814], [0, 707.0493, 180.5066], [0, 0, 1]], [[0.13645436686560355, 0.027148776428749046, 0.9902742800364599, 0.08782268266809813], [-0.0037942723796905264, 0.9996314000633615, -0.0268824757876284, -0.6247068962239711], [-0.9906390913245934, -8.913913567951152e-05, 0.13650707964716885, -0.006065368649998959]]]
[[[707.0493, 0, 604.0814], [0, 707.0493, 180.5066], [0, 0, 1]], [[0.12410405868091032, 0.025260299749441394, 0.9919476296032435, 0.08100098396237485], [-0.003358703170271113, 0.9996808825186672, -0.025037017388514913, -0.6398715245460467], [-0.9922635243381362, -0.00022446217311210308, 0.12414929675513132, -0.0018005371100002776]]]
[[[707.0493, 0, 604.0814], [0, 707.0493, 180.5066], [0, 0, 1]], [[0.11129119979571354, 0.024571652895450463, 0.9934840223788283, 0.0815105660808675], [-0.0029157172252792644, 0.9996980549066659, -0.02439872146017693, -0.7166787536187903], [-0.9937835616677773, -0.00018135549230516526, 0.1113292399556048, -0.00215148924999653]]]
[[[707.0493, 0, 604.0814], [0, 707.0493, 180.5066], [0, 0, 1]], [[0.10026851946161494, 0.026447480819060013, 0.9946088451061056, 0.06705777217242923], [-0.0028025326936387904, 0.9996501928773257, -0.026299005510219756, -0.6655662958350821], [-0.9949564662916045, -0.0001504614599695925, 0.10030756474898705, -0.002304077150000694]]]
[[[707.0493, 0, 604.0814], [0, 707.0493, 180.5066], [0, 0, 1]], [[0.09044521263572909, 0.027814015709460852, 0.9955129552353358, 0.055678071284730346], [-0.0026397595815815843, 0.9996131077836928, -0.027688741690055776, -0.6726898779942853], [-0.9958979341180647, -0.00012360073239820485, 0.09048364240142939, 0.0002899169899990284]]]
[[[707.0493, 0, 604.0814], [0, 707.0493, 180.5066], [0, 0, 1]], [[0.08175248204247648, 0.02868504004629578, 0.9962397804531985, 0.05282262879076351], [-0.0025158270870931517, 0.9995884850673089, -0.028575008922312035, -0.7515956614463662], [-0.9966494881822608, -0.00017028912111897117, 0.08179100627607427, 0.0019989013700012492]]]
[[[707.0493, 0, 604.0814], [0, 707.0493, 180.5066], [0, 0, 1]], [[0.0762049618937674, 0.029334266990338895, 0.9966605764064861, 0.045245312175898465], [-0.00245785212431925, 0.9995696331349384, -0.029231959862791576, -0.6975844272021623], [-0.9970891448339534, -0.00022202392752176017, 0.07624426509365258, 0.0026321411099985426]]]
[[[707.0493, 0, 604.0814], [0, 707.0493, 180.5066], [0, 0, 1]], [[0.07116052047072471, 0.027867520701914707, 0.9970755145004131, 0.04372533242680377], [-0.002351429599558963, 0.999611557347788, -0.027770581476952234, -0.7093714127783456], [-0.9974621050973184, -0.00036838384611716593, 0.07119840720246509, 0.0036087036099985426]]]
[[[707.0493, 0, 604.0814], [0, 707.0493, 180.5066], [0, 0, 1]], [[0.0652523036538562, 0.026465202371338394, 0.9975177842681848, 0.040227834179594], [-0.0021030917363689247, 0.9996496643851005, -0.026384190340132216, -0.7982201337184843], [-0.9978665811986156, -0.00037624220924001235, 0.06528510219634051, 0.00146484375]]]
[[[707.0493, 0, 604.0814], [0, 707.0493, 180.5066], [0, 0, 1]], [[0.0605702099136026, 0.025773900929716858, 0.99783112584339, 0.03648622099327886], [-0.0019158079599455253, 0.9996677349119312, -0.02570504728471678, -0.7365649613407251], [-0.9981621007385938, -0.00035469270369779566, 0.06059946239203131, -0.0011215209899972933]]]
[[[707.0493, 0, 604.0814], [0, 707.0493, 180.5066], [0, 0, 1]], [[0.05662803167595318, 0.026847022483551204, 0.9980343197567281, 0.030697577398323107], [-0.0018819322132365489, 0.9996394883517916, -0.026783421344426978, -0.7467175745365517], [-0.9983935718741642, -0.0003615405039832014, 0.05665814088736016, -0.0016479492200005552]]]
[[[707.0493, 0, 604.0814], [0, 707.0493, 180.5066], [0, 0, 1]], [[0.05451719350811549, 0.0284564143186639, 0.9981072628210474, 0.03533868184912513], [-0.0019640131367278726, 0.9995949491440506, -0.02839155328793569, -0.8302753057811278], [-0.9985109004234243, -0.0004124679714496737, 0.054551000043767096, -0.0006561279300001388]]]
[[[707.0493, 0, 604.0814], [0, 707.0493, 180.5066], [0, 0, 1]], [[0.05323024291733991, 0.030520986458616593, 0.9981157300757033, 0.029793366673195484], [-0.001990087381136606, 0.999534059515849, -0.030458224176447835, -0.7654647387827067], [-0.9985802825968358, -0.0003650388475944944, 0.05326618022219466, 0.0009613037099995836]]]
[[[707.0493, 0, 604.0814], [0, 707.0493, 180.5066], [0, 0, 1]], [[0.05218722717086376, 0.03301213445863046, 0.9980915250109592, 0.03455881910437381], [-0.0020348186537642613, 0.9994549024627002, -0.03295083392451352, -0.8512553952303206], [-0.9986352451387158, -0.000311322597768327, 0.05222595374885141, -0.00034332274999826495]]]
[[[707.0493, 0, 604.0814], [0, 707.0493, 180.5066], [0, 0, 1]], [[0.051682552776047996, 0.03491547033977473, 0.9980530164623037, 0.028021139602681683], [-0.0020592947437096435, 0.9993902368379195, -0.034855613869301444, -0.7827532812997144], [-0.9986614406512898, -0.00025385822740265414, 0.05172293990378772, -0.0005798339900024985]]]
[[[707.0493, 0, 604.0814], [0, 707.0493, 180.5066], [0, 0, 1]], [[0.05088060038451124, 0.03608605135760636, 0.9980525844873747, 0.0288710570587725], [-0.002068264203706126, 0.9993486596144079, -0.03602747299034434, -0.7934357064579804], [-0.9987026017727677, -0.00023113697782613853, 0.05092209528291368, 0.001045227049999653]]]
[[[707.0493, 0, 604.0814], [0, 707.0493, 180.5066], [0, 0, 1]], [[0.049832965019288876, 0.037205776543570886, 0.9980643294844156, 0.02847934702514229], [-0.002070304407734112, 0.9993076022622251, -0.03714875368813489, -0.8840974416035756], [-0.9987554202291198, -0.0002150644374827721, 0.04987548807021423, 0.002410888669999167]]]
[[[707.0493, 0, 604.0814], [0, 707.0493, 180.5066], [0, 0, 1]], [[0.049094280046340096, 0.03849743176136189, 0.9980519522622613, 0.028202117123655144], [-0.0020925840216291887, 0.9992586788401104, -0.038441043883190404, -0.8198031143319339], [-0.9987919566951088, -0.00020127219438482725, 0.04913844452828978, 0.00038146973000152684]]]
[[[707.0493, 0, 604.0814], [0, 707.0493, 180.5066], [0, 0, 1]], [[0.04800869385278029, 0.03979220474755132, 0.9980539793798124, 0.024453930245386692], [-0.002066320486212332, 0.9992079646269785, -0.03973881912764074, -0.8270899893285523], [-0.9988447805511116, -0.00015449058236833294, 0.04805289271689774, 0.0013656616199995142]]]
[[[707.0493, 0, 604.0814], [0, 707.0493, 180.5066], [0, 0, 1]], [[0.046646726120845444, 0.03922093710999352, 0.998141172898113, 0.024383173633142338], [-0.0020021394337982295, 0.9992305483536509, -0.039170175829957146, -0.9221121244894972], [-0.9989094425321519, -0.00017125733871155752, 0.0466893595054534, 0.00341796875]]]
[[[707.0493, 0, 604.0814], [0, 707.0493, 180.5066], [0, 0, 1]], [[0.04582967974616627, 0.0397117850964423, 0.998159613778687, 0.025590377781135445], [-0.002005731804472356, 0.99921115893183, -0.039661529295243386, -0.8552862069547631], [-0.9989472546107189, -0.00018436529745156002, 0.04587317860302173, 0.0008468627899986814]]]
[[[707.0493, 0, 604.0814], [0, 707.0493, 180.5066], [0, 0, 1]], [[0.044864820962033, 0.03807235105311988, 0.9982673208741899, 0.03306123751572008], [-0.001912083736708151, 0.9992749646420562, -0.03802484681627518, -0.9544825356735622], [-0.9989912370866065, -0.00020279276460983937, 0.04490508990377463, 0.002761840819999861]]]
[[[707.0493, 0, 604.0814], [0, 707.0493, 180.5066], [0, 0, 1]], [[0.04406705528610982, 0.03759456628366463, 0.9983209620279212, 0.03442128852960617], [-0.001813191726639204, 0.999293062341185, -0.03755113703390442, -0.8764454954399885], [-0.9990269300545273, -0.00015537927715016556, 0.04410406878176711, 0.0031890869200026373]]]
[[[707.0493, 0, 604.0814], [0, 707.0493, 180.5066], [0, 0, 1]], [[0.043404001103101095, 0.037249098026036494, 0.9983629587402013, 0.03641430758774912], [-0.0017429120723178918, 0.9993060037126165, -0.03720850979854439, -0.8835004450196562], [-0.999056081982263, -0.00012506065300253768, 0.043438800790110484, 0.004188537600001041]]]
[[[707.0493, 0, 604.0814], [0, 707.0493, 180.5066], [0, 0, 1]], [[0.04243154548004956, 0.03628150755081974, 0.9984403918902791, 0.04211301054900963], [-0.0016568596769145052, 0.9993416025876373, -0.03624384297482759, -0.9913720800651836], [-0.9990980025824221, -0.00011639335356754838, 0.04246372202718156, 0.003593444819998126]]]
[[[707.0493, 0, 604.0814], [0, 707.0493, 180.5066], [0, 0, 1]], [[0.04145126342054185, 0.035073612387149435, 0.998524729025254, 0.039267885750124694], [-0.0015900206024653447, 0.9993847224189732, -0.0350378142873618, -0.9063320349568139], [-0.9991392618625917, -0.00013531322151582036, 0.041481527153752404, 0.009445190430000139]]]
[[[707.0493, 0, 604.0814], [0, 707.0493, 180.5066], [0, 0, 1]], [[0.04091733157411169, 0.03307916568244452, 0.9986148110130391, 0.03926048253398115], [-0.0015105351839301618, 0.9994527224232179, -0.03304502873771391, -0.9247373751922704], [-0.999161393499725, -0.00015632840949187502, 0.040944905679657806, 0.005950927729998057]]]
[[[707.0493, 0, 604.0814], [0, 707.0493, 180.5066], [0, 0, 1]], [[0.040138315331290586, 0.03137241316975633, 0.9987015006168118, 0.04529858965634934], [-0.001486880967858782, 0.9995077388990511, -0.031337981203224695, -1.0329392656010843], [-0.9991930268108126, -0.0002270964824580532, 0.04016520384405328, 0.006866455080000833]]]
[[[707.0493, 0, 604.0814], [0, 707.0493, 180.5066], [0, 0, 1]], [[0.03952137294783549, 0.03025859851323063, 0.9987604709320115, 0.037420832511881885], [-0.0014601486016705043, 0.9995420689557719, -0.030224499229531108, -0.9488456065100985], [-0.9992176584940736, -0.0002638249988232856, 0.039547456934559765, 0.0036087036200029843]]]
[[[707.0493, 0, 604.0814], [0, 707.0493, 180.5066], [0, 0, 1]], [[0.03846394071830266, 0.030501010251915976, 0.998794380059295, 0.035420556932695434], [-0.0014200024664155107, 0.9995347055968411, -0.03046893336550448, -0.9550820914759226], [-0.999258979873293, -0.00024633523640547135, 0.03848935517174889, 0.001243591299996183]]]
[[[707.0493, 0, 604.0814], [0, 707.0493, 180.5066], [0, 0, 1]], [[0.037568795902437634, 0.03193477264978469, 0.9987836381670695, 0.03783951668944533], [-0.0013707041449896819, 0.9994899405538513, -0.03190579730716196, -1.0573911008431158], [-0.9992931035209779, -0.00017037448564616458, 0.037593406708447526, -0.0012741088799970157]]]
[[[707.0493, 0, 604.0814], [0, 707.0493, 180.5066], [0, 0, 1]], [[0.036516649057172626, 0.03351947087879777, 0.9987707341595671, 0.03206285188930102], [-0.001320505941921213, 0.9994380600580592, -0.033493587019615995, -0.9690262516023287], [-0.9993321723059319, -9.580912621353103e-05, 0.03654039155398708, -0.0006637573300025679]]]
