[[[721.5377, 0, 609.5593], [0, 721.5377, 172.854], [0, 0, 1]], [[-0.7756800466293928, 0.029709816071818707, -0.6304266746339353, 0.0], [0.019316097381832143, 0.9995410014262353, 0.023338270068157887, 0.0], [0.6308306854005745, 0.005925647375384369, -0.7758978882947317, 0.0]]]
[[[721.5377, 0, 609.5593], [0, 721.5377, 172.854], [0, 0, 1]], [[-0.7729506220539143, 0.028712594237586177, -0.6338161585180788, -0.8741817193123477], [0.01890395632105629, 0.999574184844612, 0.022228122449748113, 0.7558363741340614], [0.6341844970526151, 0.00519960809841793, -0.7731642695920088, -0.0005264282199988202]]]
[[[721.5377, 0, 609.5593], [0, 721.5377, 172.854], [0, 0, 1]], [[-0.7702311236639844, 0.02951831823370058, -0.6370813802238847, -0.8696809704200666], [0.019934950018605613, 0.9995545202337387, 0.022211682693040854, 0.7593274745103411], [0.6374532248777723, 0.004407943846581309, -0.7704764474816693, 0.0011444091800001388]]]
[[[721.5377, 0, 609.5593], [0, 721.5377, 172.854], [0, 0, 1]], [[-0.7674863403179437, 0.029799512170526135, -0.6403723186551462, -0.942767520953267], [0.020668796750585357, 0.999549938247426, 0.021742166185775624, 0.8470244720669026], [0.640732017512979, 0.00345109025752118, -0.7677568441308628, 0.0040664672900021515]]]
[[[721.5377, 0, 609.5593], [0, 721.5377, 172.854], [0, 0, 1]], [[-0.7647829828442809, 0.03090591477451838, -0.6435462792866995, -0.8512281884685506], [0.021349871781844384, 0.9995159340450098, 0.02262919718042303, 0.7805424912021913], [0.64393413648191, 0.0035667943705612695, -0.7650726147570668, 0.007133483879997016]]]
[[[721.5377, 0, 609.5593], [0, 721.5377, 172.854], [0, 0, 1]], [[-0.7623261226577421, 0.03130803415017161, -0.646435371643032, -0.8449167510739184], [0.020842613331170157, 0.9994987725483696, 0.023828326500826745, 0.7867311461299762], [0.6468573785488888, 0.004691553256050984, -0.7625965651279222, 0.009819030770003678]]]
[[[721.5377, 0, 609.5593], [0, 721.5377, 172.854], [0, 0, 1]], [[-0.7594072054052985, 0.03044682167577796, -0.6499028292201521, -0.9320787175730527], [0.019159350901636518, 0.9995177330280143, 0.02443809803497627, 0.8623707448301549], [0.6503334649635852, 0.006106751377166803, -0.7596243097321693, 0.008529663079997363]]]
[[[721.5377, 0, 609.5593], [0, 721.5377, 172.854], [0, 0, 1]], [[-0.7568155463661186, 0.028121758079939503, -0.6530232733226641, -0.8449961589341105], [0.016987306435360117, 0.9995828144787342, 0.023358690435116014, 0.7959803117458], [0.6534077289094649, 0.006585113610695332, -0.7569775267999107, 0.004859924320001596]]]
[[[721.5377, 0, 609.5593], [0, 721.5377, 172.854], [0, 0, 1]], [[-0.7544035414955458, 0.025651134850171058, -0.6559095332893682, -0.8449246096545451], [0.015609327426083114, 0.9996546451375359, 0.021140940193202923, 0.792353726123954], [0.6562253008504654, 0.005710493485294702, -0.7545434015269571, 0.0001525878899997224]]]
[[[721.5377, 0, 609.5593], [0, 721.5377, 172.854], [0, 0, 1]], [[-0.7521116288147366, 0.022239894198283993, -0.6586603714416809, -0.9260872543651385], [0.013601917201979634, 0.9997413880126547, 0.018224844113497413, 0.8770203561280232], [0.6588953525789011, 0.004748073354522309, -0.7522196289311691, 0.001319885249998265]]]
[[[721.5377, 0, 609.5593], [0, 721.5377, 172.854], [0, 0, 1]], [[-0.7504516916438543, 0.022334490196938343, -0.6605478249578303, -0.8397026571838709], [0.014898422901812508, 0.9997465642602971, 0.016877329313915116, 0.799665294654158], [0.6607573650773151, 0.002824499490963831, -0.7505942490445217, 0.003318786619999514]]]
[[[721.5377, 0, 609.5593], [0, 721.5377, 172.854], [0, 0, 1]], [[-0.7488121082421385, 0.020694116239367514, -0.6624591912737231, -0.9205439353494812], [0.015531092022416653, 0.9997858526981547, 0.01367603470363634, 0.883405895413593], [0.6626003408771799, -4.7934281945331427e-05, -0.7489731543732056, 0.0036773681700026373]]]
[[[721.5377, 0, 609.5593], [0, 721.5377, 172.854], [0, 0, 1]], [[-0.7470350891150949, 0.024414771675989724, -0.6643361307010266, -0.8351572363086335], [0.018134849755575763, 0.9997019015176071, 0.016347333924017993, 0.804043493014187], [0.6645372095339319, 0.00016439613725933484, -0.7472551573048961, 0.011177062990000763]]]
[[[721.5377, 0, 609.5593], [0, 721.5377, 172.854], [0, 0, 1]], [[-0.7456620510852913, 0.028006050896423097, -0.66573550805441, -0.833423326245465], [0.01991465532501794, 0.9996066789980889, 0.019745728796309123, 0.8051896553536165], [0.6660266601830306, 0.0014657474539004859, -0.7459264973908886, 0.011749267569996391]]]
[[[721.5377, 0, 609.5593], [0, 721.5377, 172.854], [0, 0, 1]], [[-0.7437591504736802, 0.03282251266178417, -0.6676413773495741, -0.9146785376689881], [0.021991181919930377, 0.999454562196958, 0.024636680406486675, 0.88966974378326], [0.668085858258079, 0.003641533503052725, -0.744075281963668, 0.012359619139999722]]]
[[[721.5377, 0, 609.5593], [0, 721.5377, 172.854], [0, 0, 1]], [[-0.7416049770186922, 0.033391807705561175, -0.67000525762061, -0.8307219397586649], [0.0215623048044918, 0.9994308463499667, 0.025943214444388376, 0.8067378196941317], [0.6704902125106849, 0.004792759366393999, -0.7419028941748593, 0.006629943850001041]]]
[[[721.5377, 0, 609.5593], [0, 721.5377, 172.854], [0, 0, 1]], [[-0.7389015031936869, 0.03523777032434737, -0.6728914237235295, -0.8268386009871453], [0.022828231876910292, 0.9993674937944241, 0.02726690624962105, 0.8102051172839485], [0.6734266407022252, 0.004786636566541302, -0.739238559399397, 0.005203247069999861]]]
[[[721.5377, 0, 609.5593], [0, 721.5377, 172.854], [0, 0, 1]], [[-0.7363028769130839, 0.03364726495041495, -0.6758150153783746, -0.8245946455834616], [0.022361763020471284, 0.9994273346083495, 0.025395952281148052, 0.8106092319443586], [0.6762825038429816, 0.003586697506989337, -0.7366336339028113, 0.0015792846700009022]]]
[[[721.5377, 0, 609.5593], [0, 721.5377, 172.854], [0, 0, 1]], [[-0.7333882713614797, 0.033709501739092054, -0.6789737203470564, -0.903019757251261], [0.022377483121524724, 0.999425650071127, 0.025448344328287326, 0.895831479495208], [0.6794416028464598, 0.003469794288909255, -0.7337213836661884, 0.0045547485400021515]]]
[[[721.5377, 0, 609.5593], [0, 721.5377, 172.854], [0, 0, 1]], [[-0.730851330940471, 0.036233938793715434, -0.6815742320114775, -0.8172252772795267], [0.023158192681045214, 0.9993313480635583, 0.028294078695354184, 0.8173561734988111], [0.6821437019970863, 0.00489473768087682, -0.7312017583189647, 0.00544738768999764]]]
[[[721.5377, 0, 609.5593], [0, 721.5377, 172.854], [0, 0, 1]], [[-0.7279925219341102, 0.03814832653999921, -0.6845228945697958, -0.8947269732985121], [0.02303845784658714, 0.9992480357525124, 0.031186415388701514, 0.9023571751137394], [0.6851978673843528, 0.006933125337335509, -0.728323976198087, 0.004287719730001527]]]
[[[721.5377, 0, 609.5593], [0, 721.5377, 172.854], [0, 0, 1]], [[-0.7258035013028696, 0.03883393037538347, -0.6868050693960369, -0.8108364692914861], [0.02369500993229251, 0.9992241526305691, 0.03145853308769646, 0.8199014458590099], [0.6874938719732735, 0.0065588605200143256, -0.7261605589316148, -9.155274000249847e-05]]]
[[[721.5377, 0, 609.5593], [0, 721.5377, 172.854], [0, 0, 1]], [[-0.7241436584599249, 0.03837386553249365, -0.6885807202909254, -0.8115424169559387], [0.02438026036125015, 0.9992510867411956, 0.030047771152904128, 0.8225904335888099], [0.6892180821895152, 0.004971125690800664, -0.7245369025055749, -0.003601074220000555]]]
[[[721.5377, 0, 609.5593], [0, 721.5377, 172.854], [0, 0, 1]], [[-0.7230232224384199, 0.037362133917024774, -0.6898126490315536, -0.8929942901306624], [0.024264363107329132, 0.9992937578217992, 0.028691919792561863, 0.9070014460412817], [0.6903974655933774, 0.004007059714232549, -0.7234191613267427, -0.0013732910099975015]]]
[[[721.5377, 0, 609.5593], [0, 721.5377, 172.854], [0, 0, 1]], [[-0.7224608453400482, 0.03678941157544347, -0.6904323762299069, -0.8072407698390038], [0.023886028494745817, 0.9993153490860582, 0.02825403906979968, 0.8239719689396433], [0.6909991205445136, 0.003920749538315605, -0.7228449647951949, 0.001945495599997571]]]
[[[721.5377, 0, 609.5593], [0, 721.5377, 172.854], [0, 0, 1]], [[-0.7219051761150085, 0.03284704511657888, -0.6912119706178909, -0.8077960550770208], [0.022203415764690114, 0.999457970593182, 0.024305829468226497, 0.8182505009980264], [0.69163568808061, 0.0021992373377216143, -0.722243198879985, 0.002304077150000694]]]
[[[721.5377, 0, 609.5593], [0, 721.5377, 172.854], [0, 0, 1]], [[-0.7209912001089402, 0.02971894569433075, -0.6923066326652428, -0.884777533440952], [0.021539527824650705, 0.9995582835371309, 0.02047648781885682, 0.8879066738559074], [0.6926093690577404, -0.00014859045094955942, -0.7213128584839706, 0.004470825200002082]]]
[[[721.5377, 0, 609.5593], [0, 721.5377, 172.854], [0, 0, 1]], [[-0.7200956983196334, 0.03299593385662671, -0.693089787553163, -0.8029516233057038], [0.023246278534091003, 0.9994551974435174, 0.023429016997200475, 0.8054962177918865], [0.6934852527601975, 0.0007593761049468476, -0.7204704210112003, 0.00939941405999889]]]
[[[721.5377, 0, 609.5593], [0, 721.5377, 172.854], [0, 0, 1]], [[-0.7197174779211379, 0.03551375270788957, -0.693358150845174, -0.7987387447506686], [0.023094298918571975, 0.999362795138106, 0.027215015179337103, 0.8110338156100754], [0.6938828469794421, 0.003574501693211219, -0.7200790356657728, 0.013236999509999237]]]
[[[721.5377, 0, 609.5593], [0, 721.5377, 172.854], [0, 0, 1]], [[-0.7191116462861649, 0.040773754827786786, -0.6936972978849242, -0.8745162016713862], [0.024950954618883803, 0.9991483959431088, 0.032862330226555804, 0.891236262098647], [0.6944464630475182, 0.006323274591249076, -0.7195165919971794, 0.009002685550001388]]]
[[[721.5377, 0, 609.5593], [0, 721.5377, 172.854], [0, 0, 1]], [[-0.7182535327141135, 0.04373476961333839, -0.6944055966584399, -0.7910978127271842], [0.026658000139514897, 0.9990195135129699, 0.035346324403966636, 0.8109005560467605], [0.6952706047088841, 0.0068761578790074995, -0.7187151763254798, 0.0027770996100002776]]]
[[[721.5377, 0, 609.5593], [0, 721.5377, 172.854], [0, 0, 1]], [[-0.7171206953596923, 0.04202792025689861, -0.695680646709186, -0.7896258466197148], [0.02546633039472267, 0.9990936875322513, 0.034106737595895435, 0.8084579535552134], [0.6964835779134051, 0.006742214182908626, -0.7175410568356723, -0.0005874633800004858]]]
[[[721.5377, 0, 609.5593], [0, 721.5377, 172.854], [0, 0, 1]], [[-0.7164116926595755, 0.03949247570765813, -0.6965591367451308, -0.8646558742294516], [0.02369320312454469, 0.999197912578041, 0.03228255915172443, 0.886673971521187], [0.6972753536059775, 0.006623885730109882, -0.7167727711007816, 0.000770568850001041]]]
[[[721.5377, 0, 609.5593], [0, 721.5377, 172.854], [0, 0, 1]], [[-0.7157317386203403, 0.03871453535048639, -0.6973014148014479, -0.7824488692134504], [0.023632740444656828, 0.9992330909527548, 0.031220562520223278, 0.8067996661558372], [0.697975337609131, 0.005866404145609835, -0.7160977680399653, 8.39233400000694e-05]]]
[[[721.5377, 0, 609.5593], [0, 721.5377, 172.854], [0, 0, 1]], [[-0.7147275721777387, 0.03696880416128087, -0.6984252322817381, -0.7799805236450715], [0.02276748104343822, 0.9993026210732039, 0.029595832868180762, 0.8034242490921962], [0.699032287792096, 0.005251574536219546, -0.7150708227784425, -0.0012969970699998612]]]
[[[721.5377, 0, 609.5593], [0, 721.5377, 172.854], [0, 0, 1]], [[-0.7133578812755033, 0.03662646526489414, -0.6998421502484147, -0.860429299205524], [0.021927676661184253, 0.9993109066175262, 0.02994810363779954, 0.8818139042596845], [0.7004567868315416, 0.006017803374764703, -0.7136694443677514, -0.00011444092000090222]]]
[[[721.5377, 0, 609.5593], [0, 721.5377, 172.854], [0, 0, 1]], [[-0.7117115404853965, 0.036358040800569306, -0.7015303101142872, -0.7741042919453338], [0.020695284429853092, 0.9993114360388363, 0.030795438044725114, 0.7932185759792619], [0.7021669234179799, 0.007399099346755678, -0.7119739215635539, 0.0009384155300011798]]]
[[[721.5377, 0, 609.5593], [0, 721.5377, 172.854], [0, 0, 1]], [[-0.7096836669539236, 0.03638124803895455, -0.703580484130963, -0.770217710861265], [0.02066117749106512, 0.9993109930355786, 0.030832692761555418, 0.8040076750211957], [0.7042174441204329, 0.007344657199204995, -0.7099463693879356, -0.0023193359400011104]]]
[[[721.5377, 0, 609.5593], [0, 721.5377, 172.854], [0, 0, 1]], [[-0.7072892629117525, 0.03519978045121016, -0.7060473596196905, -0.8447243605237353], [0.02043856566665399, 0.9993602667715734, 0.02934829180275171, 0.8999291438856812], [0.7066287310909737, 0.0063271363535325805, -0.7075562194923625, -0.007423400880000486]]]
[[[721.5377, 0, 609.5593], [0, 721.5377, 172.854], [0, 0, 1]], [[-0.7049745016992724, 0.03488028373430643, -0.7083744191883815, -0.7617707051721412], [0.020144486682037496, 0.999371715841024, 0.02916115966974966, 0.8160149051343611], [0.708946508285484, 0.00628803495391829, -0.7052342227985243, -0.003631591800001388]]]
[[[721.5377, 0, 609.5593], [0, 721.5377, 172.854], [0, 0, 1]], [[-0.7027055856616696, 0.03458406762016966, -0.7106397133194384, -0.8338761229776006], [0.019282862863866802, 0.9993767521319972, 0.029568200788584593, 0.8989106784846786], [0.711219397288673, 0.007074571714547829, -0.7029345057367667, -0.0028457641599999306]]]
[[[721.5377, 0, 609.5593], [0, 721.5377, 172.854], [0, 0, 1]], [[-0.7003587256811963, 0.03450665244959141, -0.7129564827525828, -0.7530168872851466], [0.01920935143402213, 0.9993801993834707, 0.029499455888857468, 0.815519244274335], [0.713532519356823, 0.006964769700250178, -0.7005874933249433, -0.0015869140599988896]]]
[[[721.5377, 0, 609.5593], [0, 721.5377, 172.854], [0, 0, 1]], [[-0.6980341523617843, 0.03259776369919537, -0.7153221008317696, -0.7479079051567527], [0.018205366686935853, 0.9994482595911397, 0.02778022721353996, 0.8148874303059932], [0.715833002005607, 0.006368846210509475, -0.6982424729544798, -0.0028457641599999306]]]
[[[721.5377, 0, 609.5593], [0, 721.5377, 172.854], [0, 0, 1]], [[-0.6955062940841763, 0.032671638774261186, -0.7177768169209003, -0.8154243993966319], [0.01834475334470766, 0.9994474634214788, 0.027717104558260857, 0.8987842042488238], [0.718285782202333, 0.006109982011096333, -0.6957213545707842, -0.0017089843800022209]]]
[[[721.5377, 0, 609.5593], [0, 721.5377, 172.854], [0, 0, 1]], [[-0.6931859941069954, 0.03310089458595377, -0.7199982696864666, -0.7362959898364587], [0.01872681438645165, 0.9994347819174076, 0.027918150308343662, 0.8175612903517415], [0.7205154293953959, 0.005869196820132905, -0.6934140671574631, 2.2888190002845477e-05]]]
[[[721.5377, 0, 609.5593], [0, 721.5377, 172.854], [0, 0, 1]], [[-0.6909236208668212, 0.032341089575646985, -0.7222039906102298, -0.729333672976835], [0.019019711089913075, 0.9994662321582394, 0.026561275674718915, 0.8108760846071781], [0.7226775219406905, 0.00461570151462975, -0.6911699462369516, 7.629393999764034e-05]]]
[[[721.5377, 0, 609.5593], [0, 721.5377, 172.854], [0, 0, 1]], [[-0.6883570197342899, 0.030780172931105486, -0.7247187001429297, -0.7996301501424226], [0.01910267870571037, 0.9995220057570451, 0.02430735842661235, 0.8909194659480938], [0.7251204734723692, 0.0028880723233056125, -0.6886159727957685, -0.0004348754799963217]]]
[[[721.5377, 0, 609.5593], [0, 721.5377, 172.854], [0, 0, 1]], [[-0.6858716526729725, 0.03021164638684846, -0.7270951330343516, -0.7300084953800677], [0.018803765160721027, 0.9995400170850463, 0.02379438298014618, 0.8057668523757189], [0.7274795491801992, 0.0026477666478453474, -0.6861242561346689, 0.0007019042899969463]]]
[[[721.5377, 0, 609.5593], [0, 721.5377, 172.854], [0, 0, 1]], [[-0.6833063270089167, 0.029911891048302792, -0.7295188429667173, -0.7210762546527468], [0.01777133638598366, 0.9995458172252465, 0.0243380128722624, 0.8074838705977969], [0.7299155040637509, 0.003665793424166232, -0.6835275553230694, 0.004310607909999931]]]
[[[721.5377, 0, 609.5593], [0, 721.5377, 172.854], [0, 0, 1]], [[-0.6800291855124547, 0.030102517121478534, -0.7325668196923872, -0.7851997545877064], [0.017990287156008134, 0.9995410502257, 0.02437290466377087, 0.8897067852691934], [0.7329642940957709, 0.0033951990598471305, -0.6802586391983804, 0.0035781860400021515]]]
[[[721.5377, 0, 609.5593], [0, 721.5377, 172.854], [0, 0, 1]], [[-0.6771606793968652, 0.029899484754545676, -0.7352274716645105, -0.7111954414777845], [0.017459715522569173, 0.9995456893472388, 0.02456772763656048, 0.8111038937765561], [0.7356280123898538, 0.0037994366379702953, -0.67737507458467, -3.051758000083282e-05]]]
[[[721.5377, 0, 609.5593], [0, 721.5377, 172.854], [0, 0, 1]], [[-0.6739065295947115, 0.03047968491541221, -0.7381876307396847, -0.7083010281699015], [0.016915235349973707, 0.9995232824879347, 0.02582794179952283, 0.8102562842646244], [0.7386229512969842, 0.004919001118289364, -0.6741008375942957, 0.002052307130000486]]]
[[[721.5377, 0, 609.5593], [0, 721.5377, 172.854], [0, 0, 1]], [[-0.6699762065853441, 0.03079480697244485, -0.7417435961793282, -0.7647245588478638], [0.017138378273424872, 0.9995145917152861, 0.02601647436494336, 0.8882140155991134], [0.7421847199987813, 0.0047181364705377715, -0.6701787676348572, -0.00045013428000117983]]]
[[[721.5377, 0, 609.5593], [0, 721.5377, 172.854], [0, 0, 1]], [[-0.6660987803697247, 0.029546106661637195, -0.7452780973375672, -0.6956547102609536], [0.016196051969704913, 0.9995524498598256, 0.025151299763937374, 0.8098658509109508], [0.745687671006139, 0.004682687301109993, -0.6662791980461946, -0.005538940430000139]]]
[[[721.5377, 0, 609.5593], [0, 721.5377, 172.854], [0, 0, 1]], [[-0.6619259957256554, 0.030708524527364403, -0.7489398925841458, -0.6929385222607618], [0.016449598338171074, 0.9995149364718672, 0.026444328014757542, 0.8115740825884309], [0.7493886754529404, 0.005184427740022042, -0.6621100624608389, -0.0030517578099988896]]]
[[[721.5377, 0, 609.5593], [0, 721.5377, 172.854], [0, 0, 1]], [[-0.6576142871117415, 0.03157446682747019, -0.7526928340505686, -0.7477650747482318], [0.01684650090785729, 0.9994878098022445, 0.02720870198803835, 0.9110543936616091], [0.753166412417387, 0.005212590648929083, -0.6578093828040531, -0.0011062622100013186]]]
[[[721.5377, 0, 609.5593], [0, 721.5377, 172.854], [0, 0, 1]], [[-0.6537282945995885, 0.03225223101582397, -0.7560417385531143, -0.6727534414147568], [0.016913762306999307, 0.9994644934792039, 0.02801162114160118, 0.830217575566995], [0.7565403105483118, 0.005524479057810827, -0.6539237254042736, -0.003097534180000139]]]
[[[721.5377, 0, 609.5593], [0, 721.5377, 172.854], [0, 0, 1]], [[-0.6497409183358276, 0.0320684037537392, -0.7594790033442679, -0.6698966323722142], [0.01649526647741614, 0.9994692893276763, 0.02808996038922972, 0.8443127912302848], [0.7599767399229759, 0.005723388115149017, -0.6499250707616447, -0.003623962399998959]]]
[[[721.5377, 0, 609.5593], [0, 721.5377, 172.854], [0, 0, 1]], [[-0.6449721886894381, 0.03240418034917822, -0.7635187259740615, -0.7276638708220773], [0.01773668945672643, 0.9994662201203064, 0.027435099517640078, 0.9276011129647108], [0.7640001869530344, 0.004152581645807537, -0.6452026583961069, -0.004768371579999098]]]
[[[721.5377, 0, 609.5593], [0, 721.5377, 172.854], [0, 0, 1]], [[-0.6407604076898028, 0.029874241858143136, -0.7671594551399329, -0.652668015657716], [0.016107623024302468, 0.9995458088173325, 0.025469993251106444, 0.8351291433453629], [0.7675719148182173, 0.003963047956512171, -0.6409505829884156, -0.0027160644600030537]]]
[[[721.5377, 0, 609.5593], [0, 721.5377, 172.854], [0, 0, 1]], [[-0.6360935331081495, 0.03082330752315201, -0.7709960705809885, -0.7046615406438108], [0.01563769212903488, 0.999511558163431, 0.02705748847524071, 0.9138919907327787], [0.771453485132363, 0.005154494256807753, -0.6362648438080541, 0.00386810303000118]]]
[[[721.5377, 0, 609.5593], [0, 721.5377, 172.854], [0, 0, 1]], [[-0.6319942916431246, 0.0310486895701433, -0.7743508211440615, -0.6302280416635953], [0.014783778159628695, 0.9994983038277953, 0.02801036502238711, 0.8262853174636315], [0.7748320174294763, 0.00625456004346877, -0.632136239464904, 0.0011978149399993754]]]
[[[721.5377, 0, 609.5593], [0, 721.5377, 172.854], [0, 0, 1]], [[-0.6276252153617903, 0.03156290258870051, -0.777875550600636, -0.6236834801130295], [0.014255819510069918, 0.9994762311204852, 0.02905228106856052, 0.8269205782360564], [0.7783850979124425, 0.007144690711747634, -0.6277464398485035, -0.00032806395999784854]]]
[[[721.5377, 0, 609.5593], [0, 721.5377, 172.854], [0, 0, 1]], [[-0.6235107161313435, 0.033423335778629965, -0.7811000368037427, -0.6720185989594462], [0.014936561392772964, 0.9994126660910849, 0.03084188694729688, 0.9054442714814255], [0.781672109009359, 0.007563298363734684, -0.6236437368519963, -0.000694274899998959]]]
[[[721.5377, 0, 609.5593], [0, 721.5377, 172.854], [0, 0, 1]], [[-0.6204411671428968, 0.03445299288817105, -0.7834958515495839, -0.5987295781146283], [0.01562601119405119, 0.9993793233755234, 0.03157207284364485, 0.8131050057951998], [0.7840973063902996, 0.0073456987774250995, -0.6205944366661273, -0.0012512207100030537]]]
[[[721.5377, 0, 609.5593], [0, 721.5377, 172.854], [0, 0, 1]], [[-0.6176582410664274, 0.03483436576911535, -0.7856747827213183, -0.6387530837279511], [0.016798267409832354, 0.9993750090206108, 0.031103208147746104, 0.8940288096538512], [0.7862672035985953, 0.006013177738745195, -0.6178573672286569, -0.005805969240000763]]]
[[[721.5377, 0, 609.5593], [0, 721.5377, 172.854], [0, 0, 1]], [[-0.6151473106118514, 0.03632142660189839, -0.7875751013183501, -0.5692362143611914], [0.018246311511490775, 0.9993265617987731, 0.031835436225512645, 0.7951190209271319], [0.7882010266189915, 0.005213142338930688, -0.6153957789778233, -0.002822875969997085]]]
[[[721.5377, 0, 609.5593], [0, 721.5377, 172.854], [0, 0, 1]], [[-0.6127198213775756, 0.03832767744213015, -0.7893702614318098, -0.5582201444624523], [0.018659407342135753, 0.9992464563977648, 0.0340344809590234, 0.786315462031784], [0.790079899129621, 0.006124419842066986, -0.6129732820220846, -0.00034332276000270667]]]
[[[721.5377, 0, 609.5593], [0, 721.5377, 172.854], [0, 0, 1]], [[-0.610455664582209, 0.041369111998324076, -0.7909693281992443, -0.5465218505622012], [0.019049955057844146, 0.9991130425827777, 0.03755299393229264, 0.7685122352363887], [0.7918213060986599, 0.007856507713660588, -0.6107022961269735, 0.002334594730001527]]]
[[[721.5377, 0, 609.5593], [0, 721.5377, 172.854], [0, 0, 1]], [[-0.6085774029240218, 0.042729070507379056, -0.792343215522054, -0.5890498472373147], [0.018967584188952877, 0.9990471176030454, 0.03930760179763511, 0.829667631296919], [0.7932677829083239, 0.008892881570216195, -0.6088079674717557, -0.004142761229999792]]]
[[[721.5377, 0, 609.5593], [0, 721.5377, 172.854], [0, 0, 1]], [[-0.6069073123578277, 0.04321463091291697, -0.7935968812197152, -0.5308639940650232], [0.019484773675847025, 0.9990295676851239, 0.039500208678889655, 0.7374005556461284], [0.7945337361002359, 0.008509909866454052, -0.6071603771926044, -0.005271911619999514]]]
[[[721.5377, 0, 609.5593], [0, 721.5377, 172.854], [0, 0, 1]], [[-0.6053661672547865, 0.043042973561944836, -0.7947824268126438, -0.5226488059494041], [0.01995524916430651, 0.999043609521196, 0.03890571045040166, 0.7245488324504051], [0.7956969219332448, 0.007692119461225637, -0.6056461340784353, -0.005081176760000972]]]
[[[721.5377, 0, 609.5593], [0, 721.5377, 172.854], [0, 0, 1]], [[-0.6039276041334528, 0.04179863114228888, -0.7959424121129987, -0.5692842306579626], [0.02016417561570862, 0.9991055749760938, 0.0371679441646705, 0.7908481643135201], [0.7967840704904726, 0.0063972248920981765, -0.6042302711105374, -0.01127624512000125]]]
[[[721.5377, 0, 609.5593], [0, 721.5377, 172.854], [0, 0, 1]], [[-0.6028539363960408, 0.04087372504864793, -0.7968039093606695, -0.5083057867680858], [0.020590640391150723, 0.999151303946114, 0.035674884037126584, 0.7129215798846271], [0.7975858304283501, 0.005100041512345437, -0.6031839128130754, -0.007278442379998751]]]
[[[721.5377, 0, 609.5593], [0, 721.5377, 172.854], [0, 0, 1]], [[-0.6016084657406167, 0.04108158244079253, -0.797734014276301, -0.5542940881681605], [0.021542572275503727, 0.9991478046371808, 0.035207698994064895, 0.78139632883065], [0.7985005770373469, 0.0039960071149019, -0.6019807807548027, -0.007476806639999722]]]
[[[721.5377, 0, 609.5593], [0, 721.5377, 172.854], [0, 0, 1]], [[-0.6006102362617091, 0.04266386561052115, -0.79840286739767, -0.49747575852477366], [0.02249675869372752, 0.9990817172848019, 0.036463927867514186, 0.7056302558946165], [0.7992253999629455, 0.003939131683312097, -0.6010185049527604, -0.008270263669999167]]]
[[[721.5377, 0, 609.5593], [0, 721.5377, 172.854], [0, 0, 1]], [[-0.5993459454751079, 0.04441349919877201, -0.7992570792501431, -0.544659382276394], [0.022106103238824067, 0.9989971569314049, 0.03893585291944042, 0.7695994438687432], [0.8001848273006327, 0.0056675860726171055, -0.5997267049464832, -0.010681152350002776]]]
[[[721.5377, 0, 609.5593], [0, 721.5377, 172.854], [0, 0, 1]], [[-0.5980372987371804, 0.0443291343103368, -0.8002414118067326, -0.48504887771475297], [0.02051593752465019, 0.9989887691686075, 0.04000669172120111, 0.6842099002558327], [0.801205645029178, 0.007507791039093436, -0.5983419987324073, -0.005096435539996946]]]
[[[721.5377, 0, 609.5593], [0, 721.5377, 172.854], [0, 0, 1]], [[-0.5966964181890768, 0.04400572941497131, -0.8012595586318974, -0.49204920812979536], [0.019524306518994887, 0.9989958103067915, 0.04032582850270224, 0.6684569520329892], [0.8022295095390588, 0.008418240204065688, -0.5969564031456467, -0.015960693360000278]]]
[[[721.5377, 0, 609.5593], [0, 721.5377, 172.854], [0, 0, 1]], [[-0.5952074518122784, 0.04064920318885987, -0.8025432895409725, -0.47093136604114283], [0.018304229692484752, 0.999146432969847, 0.037031887056913806, 0.6616264738896928], [0.8033635817501931, 0.0073517184210255045, -0.5954434547072953, -0.010490417479999792]]]
[[[721.5377, 0, 609.5593], [0, 721.5377, 172.854], [0, 0, 1]], [[-0.5934050492298912, 0.03762111972925187, -0.8040243148678949, -0.5060625532783555], [0.01757586036544956, 0.9992745573109098, 0.03378532586049318, 0.7212630702306888], [0.8047120830961125, 0.005916963866949501, -0.5936357914224113, -0.004005432130000486]]]
[[[721.5377, 0, 609.5593], [0, 721.5377, 172.854], [0, 0, 1]], [[-0.5920908741715826, 0.03672652599587699, -0.805033886871233, -0.4547913862597991], [0.017285672641164557, 0.9993099408374643, 0.03287624772941746, 0.6428839815213032], [0.8056857962283273, 0.005550174024091857, -0.5923171391444186, -0.005325317379998751]]]
[[[721.5377, 0, 609.5593], [0, 721.5377, 172.854], [0, 0, 1]], [[-0.5908823118458819, 0.03608773649025561, -0.8059502272613835, -0.4370302294316452], [0.016883145473787376, 0.9993333844466549, 0.0323689068290115, 0.6361517242532664], [0.8065810888847921, 0.005519239567564333, -0.5910976950115937, -0.002792358400000694]]]
[[[721.5377, 0, 609.5593], [0, 721.5377, 172.854], [0, 0, 1]], [[-0.5895874143537102, 0.03584249524378218, -0.8069089145438944, -0.46713571134714177], [0.01676471749551092, 0.9993427416931511, 0.03214076652029046, 0.6834696332806883], [0.8075305722280749, 0.005422191431106596, -0.5898007924351089, -0.006179809569999861]]]
[[[721.5377, 0, 609.5593], [0, 721.5377, 172.854], [0, 0, 1]], [[-0.5882997546561487, 0.03711793550210552, -0.8077906025298739, -0.41559955560989054], [0.017541234622145397, 0.999296687400143, 0.03314265588379636, 0.6101894324386622], [0.8084526601845318, 0.005328171840549847, -0.5885370904415383, -0.0018463134800015268]]]
[[[721.5377, 0, 609.5593], [0, 721.5377, 172.854], [0, 0, 1]], [[-0.5870459738031836, 0.03779745581644142, -0.8086707469516108, -0.44132208899799596], [0.017683648268112594, 0.9992698284492675, 0.03386884312906392, 0.6526975528092455], [0.809360434680002, 0.005582318942484423, -0.5872857264482279, -0.002616882319998126]]]
[[[721.5377, 0, 609.5593], [0, 721.5377, 172.854], [0, 0, 1]], [[-0.5857643206881049, 0.03776939282150812, -0.8096009100629135, -0.388054324498861], [0.017573513064622872, 0.9992706127889346, 0.033903009527100327, 0.575451946531492], [0.810290893597707, 0.005631641174803096, -0.5860008126020881, -0.0001525878899997224]]]
[[[721.5377, 0, 609.5593], [0, 721.5377, 172.854], [0, 0, 1]], [[-0.584387045825264, 0.03867554319150823, -0.8105528872507102, -0.37316708257397235], [0.01783927765214164, 0.9992344807582241, 0.03481684415182195, 0.5549590657242874], [0.8112789537788284, 0.005886834691431377, -0.5846296300503809, 0.002502441399997224]]]
[[[721.5377, 0, 609.5593], [0, 721.5377, 172.854], [0, 0, 1]], [[-0.583128211826304, 0.0392489819498718, -0.811431454892005, -0.4000087925647515], [0.017973618247591725, 0.9992110413904274, 0.03541530475017556, 0.5945290326047439], [0.8121812837164785, 0.006067304125936645, -0.5833735940212724, 0.0018692016599999306]]]
[[[721.5377, 0, 609.5593], [0, 721.5377, 172.854], [0, 0, 1]], [[-0.5816692822876268, 0.03989242349749421, -0.8124465770686055, -0.3543868382868409], [0.018112633935469285, 0.9991842508022116, 0.03609384214436677, 0.5291786428159734], [0.8132236952615908, 0.006279131812548032, -0.5819173429008314, 0.0016250610400021515]]]
[[[721.5377, 0, 609.5593], [0, 721.5377, 172.854], [0, 0, 1]], [[-0.5804340866881937, 0.04042846121834929, -0.8133030250367685, -0.3407006935376155], [0.018225231527417667, 0.9991615762921353, 0.03666040639692178, 0.5170682978557799], [0.8141032563171666, 0.006456313571371038, -0.5806842550550633, 0.0019607543899979873]]]
[[[721.5377, 0, 609.5593], [0, 721.5377, 172.854], [0, 0, 1]], [[-0.5791290636188502, 0.04026053876831375, -0.8142411293284312, -0.3600384295297548], [0.01820744273027771, 0.9991694393533858, 0.03645436176185714, 0.55120945504178], [0.8150325249345436, 0.006286531661083084, -0.579381103263212, 0.0010147094800032619]]]
[[[721.5377, 0, 609.5593], [0, 721.5377, 172.854], [0, 0, 1]], [[-0.5776465705531368, 0.03998867321842149, -0.8153069026706631, -0.31814513403226347], [0.01799546537561861, 0.9991804474510217, 0.036257366940952, 0.4840226916587261], [0.8160885998187419, 0.006272116533214834, -0.5778927736181505, 0.00247955321999882]]]
[[[721.5377, 0, 609.5593], [0, 721.5377, 172.854], [0, 0, 1]], [[-0.5763189933473665, 0.039730562016780685, -0.8162584764331142, -0.3077917827232633], [0.017759124440833104, 0.9991905267209579, 0.03609577274682, 0.46959688551521983], [0.817031842345311, 0.006306643554682095, -0.5765580585170075, 0.006156921379997016]]]
[[[721.5377, 0, 609.5593], [0, 721.5377, 172.854], [0, 0, 1]], [[-0.5748421327429774, 0.03964088159711531, -0.8173035684063227, -0.3359249740674137], [0.017372991847512783, 0.9991919594579064, 0.03624372095875061, 0.49957686337772295], [0.8180798870390174, 0.0066354096236033965, -0.5750663177072324, 6.103516000166564e-05]]]
[[[721.5377, 0, 609.5593], [0, 721.5377, 172.854], [0, 0, 1]], [[-0.5732453476593784, 0.03945363008604425, -0.8184333708127448, -0.2960294736456629], [0.01733620888079314, 0.9992005025735831, 0.036025151191089046, 0.44194271399049934], [0.8192003584279732, 0.006462718447596137, -0.5734710158514964, -0.0024871826200012492]]]
[[[721.5377, 0, 609.5593], [0, 721.5377, 172.854], [0, 0, 1]], [[-0.5718340495881243, 0.039407919656092194, -0.8194222572032231, -0.28267327733016284], [0.01725346319317158, 0.9992023501864543, 0.03601362783319727, 0.4294784207420027], [0.820187867344725, 0.006455946889895397, -0.5720578493563973, 0.0011520385800025679]]]
[[[721.5377, 0, 609.5593], [0, 721.5377, 172.854], [0, 0, 1]], [[-0.5704009913712254, 0.03981519328997775, -0.8204007919462322, -0.29745232906101754], [0.017290724844290253, 0.9991851491367113, 0.036470105278255366, 0.45907975520187694], [0.8211843519436317, 0.006617259850549705, -0.570624633182785, 0.00044250487999875077]]]
[[[721.5377, 0, 609.5593], [0, 721.5377, 172.854], [0, 0, 1]], [[-0.5690469514237834, 0.03957466259804195, -0.8213521858225918, -0.26418553226126806], [0.01702299337682084, 0.9991941345587905, 0.03634967895047185, 0.4030420467523242], [0.8221288127609876, 0.006702801172703983, -0.5692620553705018, -0.004592895510000972]]]
[[[721.5377, 0, 609.5593], [0, 721.5377, 172.854], [0, 0, 1]], [[-0.5676106494249672, 0.038979746495503564, -0.8223738383621606, -0.2592918120690092], [0.016780050867418635, 0.9992187958671657, 0.03578027219932885, 0.38868631798492853], [0.8231261024607673, 0.006509788699911782, -0.5678213117687894, -0.006286621089998334]]]
[[[721.5377, 0, 609.5593], [0, 721.5377, 172.854], [0, 0, 1]], [[-0.5663310258318075, 0.03773338320341782, -0.8233136467788668, -0.2768827735328937], [0.016359621904454336, 0.9992692577644978, 0.03454436651514834, 0.4094349277859169], [0.8240154925433355, 0.006094446555154174, -0.5665344877143408, -0.008026123050001388]]]
[[[721.5377, 0, 609.5593], [0, 721.5377, 172.854], [0, 0, 1]], [[-0.5651149919304369, 0.03636183694261144, -0.8242104480711351, -0.24245681698273852], [0.015671828874680174, 0.9993211243355091, 0.033341929106403496, 0.3556919910011074], [0.8248632854450397, 0.005925138899016113, -0.56530120560091, -0.007598876949998612]]]
[[[721.5377, 0, 609.5593], [0, 721.5377, 172.854], [0, 0, 1]], [[-0.5639254377498114, 0.03594667243152903, -0.8250429912433557, -0.23832639160477717], [0.015367386887752618, 0.9993359876693199, 0.03303675482287842, 0.34646295927366033], [0.8256827139276477, 0.00595151157985956, -0.564103390728144, -0.006919860840000069]]]
[[[721.5377, 0, 609.5593], [0, 721.5377, 172.854], [0, 0, 1]], [[-0.5627027291140589, 0.036000628627146564, -0.8258750470779707, -0.2526822711538379], [0.01529295944793244, 0.9993336406457597, 0.033142119199220714, 0.368728809393941], [0.8265178546401245, 0.006019087318002247, -0.5628783230405523, -0.006530761720000555]]]
[[[721.5377, 0, 609.5593], [0, 721.5377, 172.854], [0, 0, 1]], [[-0.5615771596651274, 0.03667714031485353, -0.8266110821424864, -0.21625573010876015], [0.015524822665537815, 0.9993082788935596, 0.03379265624355778, 0.3216864297124899], [0.8272787158048075, 0.006144193447166803, -0.5617581109901594, -0.0040969848599985426]]]
[[[721.5377, 0, 609.5593], [0, 721.5377, 172.854], [0, 0, 1]], [[-0.5606487128426797, 0.03677077188752439, -0.8272369256281069, -0.22903764434944948], [0.015417799849959394, 0.9993039243008828, 0.033969962093620444, 0.3388988872501228], [0.8279102078339372, 0.006291042175273025, -0.5608253832992189, -0.0045547485400021515]]]
[[[721.5377, 0, 609.5593], [0, 721.5377, 172.854], [0, 0, 1]], [[-0.5602405787650472, 0.03715802075925218, -0.8274960878446859, -0.19482463607101763], [0.015528801734796911, 0.9992889133979185, 0.03435875254849124, 0.2973934375241111], [0.8281843697038036, 0.006399144728951556, -0.5604192187327729, 0.00014495850000173505]]]
[[[721.5377, 0, 609.5593], [0, 721.5377, 172.854], [0, 0, 1]], [[-0.5601172973025433, 0.03711247058574397, -0.8275815837665291, -0.1881900075317684], [0.015281549312451766, 0.9992888987339652, 0.0344698581034235, 0.2871760843215783], [0.8282723510495237, 0.006660434976886596, -0.5602861332326665, -0.0019989013700012492]]]
[[[721.5377, 0, 609.5593], [0, 721.5377, 172.854], [0, 0, 1]], [[-0.5601389422447558, 0.03663636142843164, -0.8275881478140026, -0.19355467168017468], [0.014908816357620714, 0.9993056029656524, 0.03414731433464025, 0.30243392652421824], [0.8282645064082734, 0.006788880816402145, -0.5602961882089863, 0.0015106201200012492]]]
[[[721.5377, 0, 609.5593], [0, 721.5377, 172.854], [0, 0, 1]], [[-0.5602250010360317, 0.03539456031631088, -0.8275839373224889, -0.16790701013284495], [0.014374044692312113, 0.9993516385496268, 0.03301044330752984, 0.2581255840885325], [0.8282157539272974, 0.006597547134447688, -0.560370535733676, 0.0012283325200002082]]]
[[[721.5377, 0, 609.5593], [0, 721.5377, 172.854], [0, 0, 1]], [[-0.5602798629524748, 0.03466398373521096, -0.8275777204598739, -0.15908537910539367], [0.014204455797398458, 0.9993791027752011, 0.032243485725546674, 0.25393692991900596], [0.828181567414692, 0.0063100846142353124, -0.5604243697651855, -0.0014495849599995836]]]
[[[721.5377, 0, 609.5593], [0, 721.5377, 172.854], [0, 0, 1]], [[-0.5604376454282022, 0.03489449243470233, -0.8274611894129036, -0.16646307913812577], [0.014254441487086445, 0.9993704235490425, 0.032489497276790694, 0.26924315858024794], [0.8280739438509003, 0.006413340247629374, -0.5605822085850426, -0.0020675659200009022]]]
[[[721.5377, 0, 609.5593], [0, 721.5377, 172.854], [0, 0, 1]], [[-0.5604458205553431, 0.03554022326686208, -0.8274281689380594, -0.14176224254317366], [0.014612451018438775, 0.9993476307598756, 0.033027097508820324, 0.22858654106873996], [0.8280621706715516, 0.006419145174008255, -0.5605995327129278, 0.0019760131799984038]]]
[[[721.5377, 0, 609.5593], [0, 721.5377, 172.854], [0, 0, 1]], [[-0.5603793996031469, 0.035516419004309956, -0.8274741763230602, -0.13631340159659228], [0.014744741791018551, 0.999349610603903, 0.03290818097895117, 0.21909510567186571], [0.8281047766375538, 0.006240173630397077, -0.560538615211414, 0.0010986328099988896]]]
[[[721.5377, 0, 609.5593], [0, 721.5377, 172.854], [0, 0, 1]], [[-0.5603548295925819, 0.036176653488887656, -0.8274622134542541, -0.14580784100850713], [0.015045779217064788, 0.999325407507695, 0.033501558729864524, 0.22881412656337471], [0.8281159879388997, 0.006322946459062666, -0.560521124372718, -0.002128601069998126]]]
[[[721.5377, 0, 609.5593], [0, 721.5377, 172.854], [0, 0, 1]], [[-0.5603886009259909, 0.03593432528801589, -0.8274499019386646, -0.12769711695830757], [0.014991167671443916, 0.9993347572358381, 0.03324617079056077, 0.19836440486737303], [0.8280941255944624, 0.006226334915786545, -0.5605545039596589, -0.0030136108400000694]]]
[[[721.5377, 0, 609.5593], [0, 721.5377, 172.854], [0, 0, 1]], [[-0.560319705933131, 0.03618851893798531, -0.8274854791717403, -0.1307161164701676], [0.01515025271369437, 0.999325728395383, 0.033444856252466765, 0.2059921024757509], [0.8281378490237726, 0.0062031978939936705, -0.5604901634731578, -0.003036499019998473]]]
[[[721.5377, 0, 609.5593], [0, 721.5377, 172.854], [0, 0, 1]], [[-0.5602141205147245, 0.03648094358690833, -0.8275441256699986, -0.11898915248203432], [0.015102548035388087, 0.9993135100921582, 0.03382930076322573, 0.17538609536379704], [0.8282101497921602, 0.006453627065364212, -0.5603804943776582, -0.0014877319400028455]]]
[[[721.5377, 0, 609.5593], [0, 721.5377, 172.854], [0, 0, 1]], [[-0.560054075395575, 0.0360470992457444, -0.8276714561157554, -0.11364068675088031], [0.014890864905962971, 0.9993295507793716, 0.03344713861381247, 0.16193147942307673], [0.8283222167581646, 0.006407462451445, -0.5602153600623365, -0.00024414061999777914]]]
[[[721.5377, 0, 609.5593], [0, 721.5377, 172.854], [0, 0, 1]], [[-0.5600303326744759, 0.03531105716599294, -0.8277192493390109, -0.11582430662157474], [0.01437241235846934, 0.9993550124152322, 0.032908857828085926, 0.16577942163266024], [0.828347427259549, 0.006533636228857025, -0.5601766251372107, 0.0009307861299987508]]]
[[[721.5377, 0, 609.5593], [0, 721.5377, 172.854], [0, 0, 1]], [[-0.5599016857402459, 0.035711035512515546, -0.8277891182226635, -0.10080158851741366], [0.014444747584060254, 0.999339625414227, 0.03334160080417946, 0.13838887647993897], [0.828433130416972, 0.006710813629980232, -0.5600477777903953, 0.0009689331100020127]]]
[[[721.5377, 0, 609.5593], [0, 721.5377, 172.854], [0, 0, 1]], [[-0.5596718169655823, 0.03604965985365623, -0.827929875846306, -0.09565680653379437], [0.014679078950738682, 0.9993279005429867, 0.033589757925663336, 0.13394549550593787], [0.8285843239740912, 0.006645992836466865, -0.5598248376444331, -0.0006790161200029843]]]
[[[721.5377, 0, 609.5593], [0, 721.5377, 172.854], [0, 0, 1]], [[-0.5597120601248748, 0.03683230606293854, -0.8278682207820605, -0.09894599516789877], [0.015128781739990587, 0.9992994345682115, 0.03423098062744499, 0.14080934386597127], [0.8285490508798089, 0.006634855065395784, -0.559877173123203, 0.0007781982500034701]]]
