[[[721.5377, 0, 609.5593], [0, 721.5377, 172.854], [0, 0, 1]], [[-0.2714497235087481, 0.009344369409653093, -0.9624072580604118, 0.0], [-6.216198777011557e-05, 0.9999526950832377, 0.009726444964987297, 0.0], [0.9624526189599732, 0.0027000659446742782, -0.2714363017375953, 0.0]]]
[[[721.5377, 0, 609.5593], [0, 721.5377, 172.854], [0, 0, 1]], [[-0.2729573160269475, 0.009061406576935598, -0.9619834689526701, -0.29949214201331587], [-0.00036494414898233723, 0.999954592169026, 0.009522626520283822, 1.1352529484267833], [0.9620260757604927, 0.002950340814915711, -0.2729416147199665, 0.0007400512700002082]]]
[[[721.5377, 0, 609.5593], [0, 721.5377, 172.854], [0, 0, 1]], [[-0.2750723546796, 0.006114405145814694, -0.9614040845246775, -0.32887359668378374], [-0.0007418719393166832, 0.9999781290349196, 0.006571991923890816, 1.2437242491361173], [0.9614232415107542, 0.0025210120060932643, -0.2750618024761329, -0.002853393549997918]]]
[[[721.5377, 0, 609.5593], [0, 721.5377, 172.854], [0, 0, 1]], [[-0.27651358921466523, 0.0029631539474472483, -0.9610054394738393, -0.3044331457065917], [-0.0009379376918175487, 0.9999939379857122, 0.0033532468912498745, 1.1261393771276018], [0.9610095500318973, 0.0018285815571466228, -0.27650913373156266, -0.003166198729999792]]]
[[[721.5377, 0, 609.5593], [0, 721.5377, 172.854], [0, 0, 1]], [[-0.27779556527277327, -0.0009128898157779264, -0.9606397818885934, -0.33519743708780486], [-0.001534280507356568, 0.9999986946626018, -0.0005066126892681967, 1.2350975521523642], [0.9606389904111248, 0.0013331561335533156, -0.27779660328488265, -7.629395000208206e-05]]]
[[[721.5377, 0, 609.5593], [0, 721.5377, 172.854], [0, 0, 1]], [[-0.2785519557428482, -0.00076113728829818, -0.9604208601555166, -0.30819845145373403], [-0.0016256476696788061, 0.999998627108769, -0.00032101437858368903, 1.119203893571956], [0.9604197859381534, 0.0014718867502466686, -0.2785528106623698, 0.003669738770000208]]]
[[[721.5377, 0, 609.5593], [0, 721.5377, 172.854], [0, 0, 1]], [[-0.27914592322589854, -0.0009605905211321413, -0.9602482131262788, -0.30249920926949936], [-0.0013577764782374522, 0.9999988948166103, -0.0006056472514101624, 1.1170453840866046], [0.9602477336549126, 0.0011347384759082875, -0.2791469189856757, 0.004463195799999653]]]
[[[721.5377, 0, 609.5593], [0, 721.5377, 172.854], [0, 0, 1]], [[-0.2796520038424037, -0.0012909109539760264, -0.9601005625953133, -0.3058642113476593], [-0.0011275629897720561, 0.999998848043029, -0.0010161271176809834, 1.113120355498707], [0.9601007683304041, 0.0007984118762237116, -0.2796531372787432, 0.0038986206100020127]]]
[[[721.5377, 0, 609.5593], [0, 721.5377, 172.854], [0, 0, 1]], [[-0.2803440380612808, 0.0007671040490819562, -0.959899282151452, -0.33445316170815315], [-0.0008982253715626955, 0.9999990332235197, 0.0010614816097508245, 1.2235809790660102], [0.9598991684102435, 0.0011597859301785876, -0.2803430779989388, 0.007995605470000555]]]
[[[721.5377, 0, 609.5593], [0, 721.5377, 172.854], [0, 0, 1]], [[-0.28089048384743437, 0.0034646438547588695, -0.9597335736166125, -0.30456949535498656], [-0.0007968884406135185, 0.9999922973316786, 0.003843207791005341, 1.1130716347135454], [0.9597394964534738, 0.0018443210868255018, -0.280885559306564, 0.009040832520000208]]]
[[[721.5377, 0, 609.5593], [0, 721.5377, 172.854], [0, 0, 1]], [[-0.2812134174729462, 0.00463945427661078, -0.9596340392551745, -0.3037824429047476], [-0.0009524734871689287, 0.9999864715589223, 0.005113657535756962, 1.1078344834496563], [0.9596447814829416, 0.0023520550911918805, -0.2812051941366043, 0.00736236571999882]]]
[[[721.5377, 0, 609.5593], [0, 721.5377, 172.854], [0, 0, 1]], [[-0.28239212182858825, 0.004769996677372134, -0.9592872023856284, -0.32549065277702915], [-0.0010889094186786108, 0.9999853995522545, 0.005292915887836049, 1.2102641823338134], [0.9592984435541557, 0.0025392546181218336, -0.28238280468286076, 0.005264282219997085]]]
[[[721.5377, 0, 609.5593], [0, 721.5377, 172.854], [0, 0, 1]], [[-0.2850896046449857, 0.005281160734210289, -0.9584863205412298, -0.30423078773512197], [-0.0007714543531452931, 0.9999832327142897, 0.005739263755911468, 1.0945344820824594], [0.9585005593016348, 0.002375632879537842, -0.2850807502916935, -0.0005493163999972239]]]
[[[721.5377, 0, 609.5593], [0, 721.5377, 172.854], [0, 0, 1]], [[-0.28871249328118614, 0.005360292515065146, -0.9574008374173871, -0.33610225863582643], [-0.00033923733572525694, 0.999983691595878, 0.0057010052017328425, 1.2012002225669165], [0.9574157827931348, 0.001970737535307905, -0.2887059664298191, -0.00031280518000187385]]]
[[[721.5377, 0, 609.5593], [0, 721.5377, 172.854], [0, 0, 1]], [[-0.29177811977205037, 0.00775483465823462, -0.9564545945112661, -0.30344062826220536], [0.0006139020698778297, 0.99996844499602, 0.007920362143896586, 1.0909817581288472], [0.9564858346815888, 0.001723818918945245, -0.2917736734213679, 0.0030899047900021515]]]
[[[721.5377, 0, 609.5593], [0, 721.5377, 172.854], [0, 0, 1]], [[-0.2947889432510048, 0.006858124897158783, -0.955537777934421, -0.32447070343179196], [0.000875525735765319, 0.9999757633697859, 0.00690696226281419, 1.1999362618844134], [0.9555619877285, 0.0011994981904519721, -0.29478780302524255, 0.005577087399998959]]]
[[[721.5377, 0, 609.5593], [0, 721.5377, 172.854], [0, 0, 1]], [[-0.2968553047893984, 0.00868638875074368, -0.954882963859375, -0.29665466510067356], [0.001342982560964623, 0.9999614353617854, 0.008678950802878284, 1.0898127920307836], [0.9549215278839588, 0.001294001417615274, -0.2968555223405771, 0.009262084959999584]]]
[[[721.5377, 0, 609.5593], [0, 721.5377, 172.854], [0, 0, 1]], [[-0.2984941455797281, 0.01042731456400793, -0.9543545023551843, -0.28973225373581973], [0.0014160668497606574, 0.9999440541625053, 0.010482523538234973, 1.091423137159564], [0.954410414763641, 0.0017775421333598306, -0.29849221184925245, 0.013069152829999098]]]
[[[721.5377, 0, 609.5593], [0, 721.5377, 172.854], [0, 0, 1]], [[-0.29973526049083216, 0.012246409604919318, -0.9539438133717738, -0.30148950222392656], [0.0016665452213352032, 0.999922802940436, 0.012313033207431977, 1.0828159062014384], [0.9540209621625294, 0.002100859712264879, -0.29973253100548014, 0.008735656740000763]]]
[[[721.5377, 0, 609.5593], [0, 721.5377, 172.854], [0, 0, 1]], [[-0.30116893508351256, 0.012364949352564459, -0.9534906295125146, -0.3299201974553918], [0.0018145647905432995, 0.9999215459454441, 0.012393922248179057, 1.187726807672948], [0.9535690745275268, 0.0020024938405655657, -0.30116774416118103, 0.006652832029999445]]]
[[[721.5377, 0, 609.5593], [0, 721.5377, 172.854], [0, 0, 1]], [[-0.30239006296975557, 0.012519404154149155, -0.9531020482281906, -0.3036480143595395], [0.0019927793625946883, 0.9999198595969367, 0.012502128380969993, 1.0737730817218571], [0.9531821854438737, 0.001881197296221619, -0.30239077771845724, 0.0060882568400018044]]]
[[[721.5377, 0, 609.5593], [0, 721.5377, 172.854], [0, 0, 1]], [[-0.3037664405394873, 0.011144609380838845, -0.9526813461403127, -0.3093855296785815], [0.0019514224577211407, 0.9999367640466085, 0.011075191122000524, 1.067166517803999], [0.9527445311059841, 0.0015051876115144158, -0.3037689794200397, 0.003990173340000069]]]
[[[721.5377, 0, 609.5593], [0, 721.5377, 172.854], [0, 0, 1]], [[-0.30486857658548244, 0.011314601962149536, -0.9523272183410384, -0.33046181977762523], [0.002356985923497987, 0.9999353297064846, 0.011125691984786362, 1.1700229145939378], [0.952391513836667, 0.0011472520307365074, -0.3048755290027058, 0.007659912110000278]]]
[[[721.5377, 0, 609.5593], [0, 721.5377, 172.854], [0, 0, 1]], [[-0.3059200446828845, 0.010374295455581986, -0.9520006829068045, -0.2974663309989638], [0.002204803935291158, 0.9999456675415621, 0.010188267981687522, 1.0585543936644752], [0.9520546544714904, 0.0010178205441262556, -0.30592629658221776, 0.006942749019998473]]]
[[[721.5377, 0, 609.5593], [0, 721.5377, 172.854], [0, 0, 1]], [[-0.3061846792321324, 0.010745684303183924, -0.9519114835279446, -0.3271747783301544], [0.0015964613845670657, 0.999940680503798, 0.010774357737184999, 1.1608453841737265], [0.9519707944651263, 0.0017792533427139208, -0.3061836715812564, 0.010520935060000625]]]
[[[721.5377, 0, 609.5593], [0, 721.5377, 172.854], [0, 0, 1]], [[-0.3061767818418992, 0.011045015858275279, -0.951910597632797, -0.2952461571641569], [0.0012470649284398098, 0.9999364875329001, 0.01120114857639652, 1.057246829843322], [0.9519738563059399, 0.0022424373027360167, -0.3061711096510267, 0.010955810550001388]]]
[[[721.5377, 0, 609.5593], [0, 721.5377, 172.854], [0, 0, 1]], [[-0.30635042198929996, 0.009291035296118818, -0.9518734661761006, -0.2931740824844649], [0.0008580897760698714, 0.9999546559922606, 0.00948417847448283, 1.0642070077229235], [0.9519184222552445, 0.0020886891884417482, -0.306344503375791, 0.01098632811999778]]]
[[[721.5377, 0, 609.5593], [0, 721.5377, 172.854], [0, 0, 1]], [[-0.30615498581862743, 0.008122469676697162, -0.9519470311654673, -0.33150665665818735], [0.0009545943392823579, 0.9999657169793206, 0.008225181802300025, 1.1608220239945295], [0.9519812043354866, 0.0016094571707915952, -0.3061522435644919, 0.007438659670000902]]]
[[[721.5377, 0, 609.5593], [0, 721.5377, 172.854], [0, 0, 1]], [[-0.30590827649842844, 0.007203843026735694, -0.9520337341793133, -0.2974524531541661], [0.0012554546152211583, 0.999973555921377, 0.0071631900481538505, 1.0551442714489685], [0.9520601610210724, 0.0009960439764397867, -0.3059092311338885, 0.01025390625]]]
[[[721.5377, 0, 609.5593], [0, 721.5377, 172.854], [0, 0, 1]], [[-0.3051963551119026, 0.007722107004090633, -0.9522581340633572, -0.2954347985401739], [0.0015964966954553975, 0.9999698653534439, 0.007597340542373214, 1.0583679643226063], [0.9522881055776717, 0.0007984036778235171, -0.305199486445925, 0.01428222655999889]]]
[[[721.5377, 0, 609.5593], [0, 721.5377, 172.854], [0, 0, 1]], [[-0.30383929184258507, 0.010558278193044737, -0.9526647928280936, -0.30951170213087426], [0.0020293728064312766, 0.9999434943809575, 0.010435022338862251, 1.172059066091007], [0.9527211377830392, 0.001237257773591643, -0.30384354989795775, 0.025894165040000416]]]
[[[721.5377, 0, 609.5593], [0, 721.5377, 172.854], [0, 0, 1]], [[-0.3019249927010948, 0.01257138029518246, -0.9532487918586195, -0.28643028942093846], [0.0022460614522456473, 0.999919655681361, 0.012475471535018323, 1.0552987761610457], [0.9533290376309728, 0.0016256012863597434, -0.3019289708359587, 0.018783569340001804]]]
[[[721.5377, 0, 609.5593], [0, 721.5377, 172.854], [0, 0, 1]], [[-0.29950736887074403, 0.013481540170602569, -0.9539987337867658, -0.2750767541954309], [0.0023571716585154678, 0.9999075678896726, 0.013390273288172671, 1.0533002225704728], [0.9540910751777821, 0.0017617467434589958, -0.299511463076984, 0.020271301270000208]]]
[[[721.5377, 0, 609.5593], [0, 721.5377, 172.854], [0, 0, 1]], [[-0.2964173415731243, 0.013617414392459486, -0.9549614262576189, -0.29614872933029296], [0.0023538995882023067, 0.9999057263352211, 0.013527660505891381, 1.156759287640295], [0.9550556103031124, 0.0017619498568431722, -0.296421451250161, 0.021492004389997987]]]
[[[721.5377, 0, 609.5593], [0, 721.5377, 172.854], [0, 0, 1]], [[-0.2935453294458983, 0.015231281503973494, -0.9558238057425886, -0.26755475706807513], [0.0027573523722700206, 0.9998823896144917, 0.015086548535338576, 1.0450751948419859], [0.9559411784039822, 0.0017930428217710105, -0.2935528034767257, 0.017227172849999306]]]
[[[721.5377, 0, 609.5593], [0, 721.5377, 172.854], [0, 0, 1]], [[-0.29045013199283115, 0.016610259655935402, -0.9567459537931212, -0.265822136512337], [0.0029621131325774973, 0.9998601450691764, 0.016459531829167845, 1.0518292552600879], [0.9568855452514353, 0.0019466834380510178, -0.29045871257797595, 0.02258300782000333]]]
[[[721.5377, 0, 609.5593], [0, 721.5377, 172.854], [0, 0, 1]], [[-0.2869805321274477, 0.01900389295650488, -0.9577478928362855, -0.29661673974393626], [0.0034551255536727824, 0.9998172314242004, 0.018803346900365142, 1.144185984174063], [0.9579301834096551, 0.0020870552807288707, -0.2869937419404818, 0.016822814939999375]]]
[[[721.5377, 0, 609.5593], [0, 721.5377, 172.854], [0, 0, 1]], [[-0.2836128639521954, 0.020520706917619546, -0.9587192727740662, -0.2611568759940039], [0.003861627753351962, 0.9997873406855006, 0.020257374857305898, 1.0423596214325388], [0.9589310878430879, 0.002043035148015978, -0.28363179436631564, 0.017761230470000555]]]
[[[721.5377, 0, 609.5593], [0, 721.5377, 172.854], [0, 0, 1]], [[-0.2797916928303858, 0.020534069600969023, -0.9598411121684306, -0.264428421657341], [0.0037995249303205813, 0.9997870978703516, 0.02028108829141195, 1.0335360400910008], [0.960053213230085, 0.002027539790666081, -0.27981014429249407, 0.015098571769996738]]]
[[[721.5377, 0, 609.5593], [0, 721.5377, 172.854], [0, 0, 1]], [[-0.27563530935506525, 0.02090735542647582, -0.9610348894425262, -0.2850684856296988], [0.0038139335166647867, 0.9997793599021587, 0.020656365235937224, 1.1388852057445933], [0.9612547165802975, 0.0020283004464296825, -0.27565423241704645, 0.016716003420000902]]]
[[[721.5377, 0, 609.5593], [0, 721.5377, 172.854], [0, 0, 1]], [[-0.2719385547148599, 0.01834537559785862, -0.9621397349937101, -0.2577028711244567], [0.00315925231003884, 0.9998299007482613, 0.018171095029288348, 1.033845272399528], [0.9623094313080562, 0.001901779139492012, -0.27195025584042004, 0.011482238770000208]]]
[[[721.5377, 0, 609.5593], [0, 721.5377, 172.854], [0, 0, 1]], [[-0.26772995423356705, 0.016888076046311255, -0.9633459734143005, -0.27668655585225865], [0.003030297013897946, 0.9998561877880152, 0.01668595343469698, 1.1468317023014025], [0.9634892261494674, 0.0015481051228268886, -0.26774262728304776, 0.015151977540000416]]]
[[[721.5377, 0, 609.5593], [0, 721.5377, 172.854], [0, 0, 1]], [[-0.2643411266501832, 0.015724750251445666, -0.9643010427199805, -0.2489290524523552], [0.002884340493957905, 0.9998754876065925, 0.015514182653108275, 1.04564393806531], [0.9644249319367614, 0.0013196639756962983, -0.26435356843773555, 0.013130187990000763]]]
[[[721.5377, 0, 609.5593], [0, 721.5377, 172.854], [0, 0, 1]], [[-0.2611194241170872, 0.016297056417195935, -0.9651689242308288, -0.24546153292689765], [0.0031210479726799835, 0.9998665030010548, 0.016038554672842365, 1.0465265846845566], [0.9653014583063225, 0.001175639645578668, -0.26113542935249284, 0.014350891109998543]]]
[[[721.5377, 0, 609.5593], [0, 721.5377, 172.854], [0, 0, 1]], [[-0.2581573390856532, 0.017885487819212086, -0.9659373155653963, -0.2696490573597728], [0.003502893729316352, 0.9998393758288666, 0.01757703836439706, 1.1560075642502954], [0.966096536590281, 0.00115406568755249, -0.25817852374016825, 0.018585205080000833]]]
[[[721.5377, 0, 609.5593], [0, 721.5377, 172.854], [0, 0, 1]], [[-0.25627359529182003, 0.018452522698450234, -0.9664281394714599, -0.2472051852739278], [0.0035842199007144197, 0.9998290356367103, 0.018139814372510978, 1.049448831976066], [0.9665976400363844, 0.001184864477065601, -0.2562959195388472, 0.013847351069998126]]]
[[[721.5377, 0, 609.5593], [0, 721.5377, 172.854], [0, 0, 1]], [[-0.25507021239695055, 0.01902150847123223, -0.966735418283231, -0.24508989269318854], [0.0037615379978942704, 0.9998184381010938, 0.018679980325993696, 1.0535635146159121], [0.9669152173689609, 0.0011282945395394855, -0.2550954514917252, 0.014869689939999375]]]
[[[721.5377, 0, 609.5593], [0, 721.5377, 172.854], [0, 0, 1]], [[-0.25386180695149146, 0.017600574140628635, -0.9670803496924358, -0.27545226770181874], [0.003722896389359532, 0.9998448005847516, 0.017219604702560766, 1.1487062294323749], [0.9672333343169051, 0.0007710600226919528, -0.2538879328614175, 0.009765625]]]
[[[721.5377, 0, 609.5593], [0, 721.5377, 172.854], [0, 0, 1]], [[-0.25313621212590887, 0.011877033156679016, -0.967357738478347, -0.26348924438788096], [0.0026481545138286864, 0.9999293968728323, 0.011583978038847092, 1.0394787539685386], [0.9674270232881743, 0.00037061156046492227, -0.25314979213669814, 0.008110046390001457]]]
[[[721.5377, 0, 609.5593], [0, 721.5377, 172.854], [0, 0, 1]], [[-0.2530345733214368, 0.012984575207181376, -0.9673700974863382, -0.2597618935515913], [0.0023601219037383534, 0.9999152391133663, 0.012804078001129416, 1.0388661847221912], [0.9674543578529367, 0.0009567630576911643, -0.2530437710670103, 0.013153076169999167]]]
[[[721.5377, 0, 609.5593], [0, 721.5377, 172.854], [0, 0, 1]], [[-0.2538658593569938, 0.014629069081197538, -0.9671288000006786, -0.2848652526950823], [0.002219605764237533, 0.9998917956831455, 0.014542017596818153, 1.143085094234972], [0.967236888669568, 0.0015450771347591318, -0.25387086074116744, 0.015373229979999792]]]
[[[721.5377, 0, 609.5593], [0, 721.5377, 172.854], [0, 0, 1]], [[-0.2541286475615647, 0.01963096513430681, -0.9669711762490264, -0.2609700349392568], [0.002745458583178408, 0.9998046022126957, 0.019576001927902924, 1.0400122364098043], [0.9671665280321161, 0.0023200435790815426, -0.2541328873878646, 0.009963989260000972]]]
[[[721.5377, 0, 609.5593], [0, 721.5377, 172.854], [0, 0, 1]], [[-0.2554726173792022, 0.023672073129745966, -0.9665264480205182, -0.258802066586373], [0.003617478533456575, 0.9997166147846909, 0.02352879028972757, 1.0396745270659382], [0.966809523959337, 0.0025145729613508024, -0.25548585343290986, 0.004928588870001249]]]
[[[721.5377, 0, 609.5593], [0, 721.5377, 172.854], [0, 0, 1]], [[-0.25666886510341785, 0.024526606959957137, -0.9661881489842211, -0.28947846188047055], [0.003920665140955684, 0.9996961554618495, 0.024335676272714615, 1.1438596213836059], [0.9664914495593719, 0.0024581102151149006, -0.25668703828357664, 0.004501342769998473]]]
[[[721.5377, 0, 609.5593], [0, 721.5377, 172.854], [0, 0, 1]], [[-0.2573887606157947, 0.023876618725899596, -0.9660129051865112, -0.2593314364491158], [0.004293642730319175, 0.99971307340625, 0.023565557339774047, 1.0430255841321834], [0.9662983962217725, 0.0019177953091563155, -0.25741742660585876, 0.003028869630000486]]]
[[[721.5377, 0, 609.5593], [0, 721.5377, 172.854], [0, 0, 1]], [[-0.2583299008381589, 0.01901876184531875, -0.9658695300250537, -0.2986559417544014], [0.003803149198291531, 0.9998184659794257, 0.01867006006212816, 1.1513641824891354], [0.9660492732718774, 0.0011496888357230377, -0.2583553363614897, -0.0011367797799977097]]]
[[[721.5377, 0, 609.5593], [0, 721.5377, 172.854], [0, 0, 1]], [[-0.2596743930894849, 0.015327663989360849, -0.9655745814230183, -0.27421783874534755], [0.0032442809783940485, 0.9998822337493968, 0.014999775773323615, 1.0459933259180343], [0.9656907808478555, 0.0007624624226846758, -0.25969353945855705, 0.004241943360000278]]]
[[[721.5377, 0, 609.5593], [0, 721.5377, 172.854], [0, 0, 1]], [[-0.26170191139864324, 0.015759024588333295, -0.9650200840989379, -0.27976411839547355], [0.0033976050846820432, 0.9998755351406112, 0.015406833125755389, 1.0474591771626476], [0.9651427696719203, 0.0007532405330552738, -0.2617228816491102, 0.009109497069999861]]]
[[[721.5377, 0, 609.5593], [0, 721.5377, 172.854], [0, 0, 1]], [[-0.26486962980619705, 0.0157085365152767, -0.9641562742039677, -0.30918672150801385], [0.0032185892781378695, 0.9998761355757012, 0.015406303556039192, 1.1520802001187005], [0.9642788600241047, 0.0009774388729677514, -0.26488738120919014, 0.010116577139996252]]]
[[[721.5377, 0, 609.5593], [0, 721.5377, 172.854], [0, 0, 1]], [[-0.2688163701626632, 0.016317603209206957, -0.9630532150188156, -0.30235918443341975], [0.003221649608590987, 0.9998661271964526, 0.016042090230599493, 1.0408877641654015], [0.9631860568479849, 0.0012097564523940174, -0.26883295256154216, 0.008529663090001804]]]
[[[721.5377, 0, 609.5593], [0, 721.5377, 172.854], [0, 0, 1]], [[-0.27284205907056197, 0.01311289291509924, -0.9619694708469356, -0.29236234152121626], [0.0026182727656600185, 0.9999135247234466, 0.01288750258420577, 1.0422829808229712], [0.9620552767122379, 0.0009975542744369795, -0.27285279810844704, 0.005348205570001596]]]
[[[721.5377, 0, 609.5593], [0, 721.5377, 172.854], [0, 0, 1]], [[-0.27668655451293656, 0.010000045023458502, -0.9609081900219649, -0.33542518721828163], [0.0020192943247091194, 0.9999496955940373, 0.009824903654600863, 1.1465837600340179], [0.9609581015851784, 0.000778062285935205, -0.2766928289943366, 0.008361816399997224]]]
[[[721.5377, 0, 609.5593], [0, 721.5377, 172.854], [0, 0, 1]], [[-0.2790456596501723, 0.007964692611098221, -0.9602448039442916, -0.30688243762895207], [0.001236180358899485, 0.9999677537718275, 0.007934940116113669, 1.044938153357658], [0.9602770390301543, 0.0010271748326143339, -0.27904650727673114, 0.010162353520001943]]]
[[[721.5377, 0, 609.5593], [0, 721.5377, 172.854], [0, 0, 1]], [[-0.2807102279739876, 0.007114435228610392, -0.9597661969053556, -0.31036271938244087], [0.0010355447284800662, 0.9999741902113938, 0.007109610269390507, 1.0479007790777375], [0.9597920064044643, 0.0010018594937481102, -0.28071035021824103, 0.00826263428000118]]]
[[[721.5377, 0, 609.5593], [0, 721.5377, 172.854], [0, 0, 1]], [[-0.282467745583209, 0.006448017966468619, -0.9592551254851045, -0.34840405664592916], [0.0008570097697372778, 0.9999787059861506, 0.006469397848195945, 1.1547307007756218], [0.9592764138867348, 0.0010053052112494788, -0.2824672567255152, 0.00451660155999889]]]
[[[721.5377, 0, 609.5593], [0, 721.5377, 172.854], [0, 0, 1]], [[-0.28404351509803205, 0.008200618054478652, -0.9587763197922019, -0.31027489319576085], [0.0018514218502851485, 0.9999662501077684, 0.008004428932790174, 1.0520327028513299], [0.9588096024591568, 0.0004985067024228467, -0.28404911146346035, 0.003875732419999167]]]
[[[721.5377, 0, 609.5593], [0, 721.5377, 172.854], [0, 0, 1]], [[-0.28609292453338964, 0.005170077963008353, -0.9581879298059377, -0.31611610381886246], [0.0021159818519676295, 0.9999864142004559, 0.004763825701708644, 1.0544771966985684], [0.9581995414070779, -0.000664611443274644, -0.28609997752340893, 0.00390625]]]
[[[721.5377, 0, 609.5593], [0, 721.5377, 172.854], [0, 0, 1]], [[-0.2880200430412505, 0.005541452907469977, -0.9576083474501413, -0.3385085432147889], [0.0028163497378234314, 0.9999838341531722, 0.004939595780549767, 1.164517686383917], [0.9576202394376753, -0.0012742574289584118, -0.2880309936227945, 0.010574340819999861]]]
[[[721.5377, 0, 609.5593], [0, 721.5377, 172.854], [0, 0, 1]], [[-0.29005447978874804, 0.009874627648808452, -0.9569591895599707, -0.3211995408998052], [0.002811296044901014, 0.9999512431410362, 0.009466147856639857, 1.056796996223457], [0.9570060059210844, 5.540300741942154e-05, -0.2900680981450392, 0.018341064449998612]]]
[[[721.5377, 0, 609.5593], [0, 721.5377, 172.854], [0, 0, 1]], [[-0.29166645436574573, 0.015241746884713959, -0.9563986452048209, -0.3189087562945728], [0.0026323612201944752, 0.9998820404082498, 0.01513195107848624, 1.0581460513143057], [0.9565164661792921, 0.001895895814014298, -0.2916721712932888, 0.015449523930001874]]]
[[[721.5377, 0, 609.5593], [0, 721.5377, 172.854], [0, 0, 1]], [[-0.29380598920873563, 0.016768495549269596, -0.9557179805058029, -0.3608717658374539], [0.002231205572558784, 0.9998554213325735, 0.016856991236712263, 1.1718934377098942], [0.9558624704562729, 0.0028202817014860593, -0.2938009250910469, 0.004173278810000625]]]
[[[721.5377, 0, 609.5593], [0, 721.5377, 172.854], [0, 0, 1]], [[-0.29598017830333123, 0.015455423822792675, -0.9550690362094177, -0.328556960381713], [0.002057687349223276, 0.9998770854007801, 0.015542844437684358, 1.0667325911731218], [0.9551918655298008, 0.00263514039456377, -0.29597560044841503, -0.004570007330002568]]]
[[[721.5377, 0, 609.5593], [0, 721.5377, 172.854], [0, 0, 1]], [[-0.29830203546753725, 0.01201322783363519, -0.954395923080637, -0.3320582478662821], [0.001817278481351265, 0.9999261259262313, 0.012018327216375219, 1.0695312569834066], [0.9544697968688404, 0.0018506882978558098, -0.2983018300613974, -0.006988525389999722]]]
[[[721.5377, 0, 609.5593], [0, 721.5377, 172.854], [0, 0, 1]], [[-0.3014098186566836, 0.007007378552700805, -0.9534689391181886, -0.3730468413840247], [0.0011013563790417476, 0.9999748861405375, 0.007001007237918883, 1.1789205789073427], [0.9534940525412161, 0.001060063223679275, -0.3014099667139266, -0.007194519039998681]]]
[[[721.5377, 0, 609.5593], [0, 721.5377, 172.854], [0, 0, 1]], [[-0.30445509382227254, 0.00576744591195795, -0.9525092295685769, -0.3406039493494492], [0.0009891780804192818, 0.9999830441415996, 0.005738724250636988, 1.0696709675476217], [0.9525261767386745, 0.0008049825788615414, -0.30445563655588853, -0.002899169919999167]]]
[[[721.5377, 0, 609.5593], [0, 721.5377, 172.854], [0, 0, 1]], [[-0.3082813213747889, 0.0047444960190517575, -0.9512834050107987, -0.3858632495361523], [0.0003156801834260129, 0.9999880179678462, 0.004885106627311284, 1.175350166470498], [0.9512951840713985, 0.0012056858063403302, -0.30827912528145734, -0.002128601080002568]]]
[[[721.5377, 0, 609.5593], [0, 721.5377, 172.854], [0, 0, 1]], [[-0.3119445258924169, 0.004134675836977258, -0.9500913204642374, -0.34489361128839857], [-6.862779570740366e-06, 0.9999905209076312, 0.004354084035312789, 1.0762507236918297], [0.950100317186905, 0.001364752947395809, -0.31194154056607315, -0.00016021727999770974]]]
[[[721.5377, 0, 609.5593], [0, 721.5377, 172.854], [0, 0, 1]], [[-0.3160408834480679, 0.0018966648019500668, -0.9487436759483532, -0.3548349849020175], [-0.000508194178591033, 0.9999975198539607, 0.002168415228752931, 1.075809009544183], [0.9487454356823234, 0.0011674538776693312, -0.3160391357465115, -0.0018463134800015268]]]
[[[721.5377, 0, 609.5593], [0, 721.5377, 172.854], [0, 0, 1]], [[-0.32028629819091436, -0.0001494486020557346, -0.9473207824471478, -0.39146086226815047], [-0.0008913590690849432, 0.9999995924279883, 0.00014360664093109176, 1.1863967744197204], [0.9473203748838989, 0.0008903982101863608, -0.32028630086355026, -0.002372741700000347]]]
[[[721.5377, 0, 609.5593], [0, 721.5377, 172.854], [0, 0, 1]], [[-0.3244253421260464, -0.001465256563194685, -0.9459101703701054, -0.36224980030428355], [-0.0015377876384938924, 0.9999982957537051, -0.0010216158104346467, 1.0727167963203554], [0.9459100552354736, 0.0011231709082991615, -0.32442704247878923, -0.002204895020000208]]]
[[[721.5377, 0, 609.5593], [0, 721.5377, 172.854], [0, 0, 1]], [[-0.3282948215456179, -0.00036492537189751565, -0.9445752362706762, -0.35890288626052347], [-0.0016188348855904905, 0.9999986741447826, 0.0001763017019956293, 1.0795882093127847], [0.9445739195637068, 0.0015869902803346944, -0.32829497702813853, 0.004058837889999722]]]
[[[721.5377, 0, 609.5593], [0, 721.5377, 172.854], [0, 0, 1]], [[-0.3331587445980031, -0.0012460162847144685, -0.942869926522901, -0.4080383800162726], [-0.0021362431467605927, 0.9999975576667396, -0.0005666796040117725, 1.1858660732908985], [0.9428683298123341, 0.0018254051533593552, -0.33316059270706916, -0.002128601069998126]]]
[[[721.5377, 0, 609.5593], [0, 721.5377, 172.854], [0, 0, 1]], [[-0.33775532674331277, -0.0025571999827105926, -0.9412304712368627, -0.37279313030553607], [-0.00238492999799109, 0.999995424313166, -0.0018610377846469876, 1.07345350346849], [0.9412309235067783, 0.0016161933608409892, -0.3377598800236607, -0.001251220699998612]]]
[[[721.5377, 0, 609.5593], [0, 721.5377, 172.854], [0, 0, 1]], [[-0.3420817824377786, -0.004662172006079532, -0.9396586179439733, -0.37406554298585143], [-0.0027254232246027555, 0.9999884082391888, -0.003969314235512855, 1.0721117909160338], [0.9396662312717421, 0.0012031373318027467, -0.3420905234994412, -0.0003585815500031231]]]
[[[721.5377, 0, 609.5593], [0, 721.5377, 172.854], [0, 0, 1]], [[-0.34602737753106927, -0.005557967546416245, -0.9382079529591101, -0.4164620033075327], [-0.0031634704161208477, 0.999983680686336, -0.004757185715742517, 1.1762253614802756], [0.9382190823330643, 0.0013218766057087993, -0.3460393130676659, 0.0014419555700015962]]]
[[[721.5377, 0, 609.5593], [0, 721.5377, 172.854], [0, 0, 1]], [[-0.34917854548566574, -0.005812527749094102, -0.9370381837970535, -0.38089857798681165], [-0.0038519447752017838, 0.999981216187045, -0.004767577427486733, 1.0699352617823703], [0.9370482943231707, 0.0019446835846215194, -0.34919437611707327, 0.0042037963900014574]]]
[[[721.5377, 0, 609.5593], [0, 721.5377, 172.854], [0, 0, 1]], [[-0.3518885065109242, -0.004426269225785888, -0.9360314562696341, -0.38862685037027106], [-0.003902251597998104, 0.9999870667867421, -0.0032617007394387925, 1.0635808678216563], [0.9360337875408009, 0.0025048752441179786, -0.351901227877986, 0.004020690920000902]]]
[[[721.5377, 0, 609.5593], [0, 721.5377, 172.854], [0, 0, 1]], [[-0.3547921282356917, -0.004196838711356053, -0.9349357904620078, -0.4235163905641635], [-0.004175386510804286, 0.9999870653364364, -0.002904360051231541, 1.1726264735888323], [0.9349358865127992, 0.002873274204224049, -0.3548050625426214, 0.007469177239997293]]]
[[[721.5377, 0, 609.5593], [0, 721.5377, 172.854], [0, 0, 1]], [[-0.3567396938390245, -0.004050046370767017, -0.9341950481371829, -0.3894359964904729], [-0.004271448464216672, 0.9999872210807343, -0.0027041455670471846, 1.0624684092351533], [0.9341940620490244, 0.003025689941959821, -0.3567524346556285, 0.0046920776400014574]]]
[[[721.5377, 0, 609.5593], [0, 721.5377, 172.854], [0, 0, 1]], [[-0.35917508761763745, -0.005260594509948279, -0.9332553683640209, -0.4274393037474013], [-0.004570031233276167, 0.9999820382430267, -0.003877886776204663, 1.1743656284971653], [0.9332590054477853, 0.002872165859431642, -0.3591926772832188, 0.0036849975600006246]]]
[[[721.5377, 0, 609.5593], [0, 721.5377, 172.854], [0, 0, 1]], [[-0.3613518799276122, -0.004612417670532557, -0.9324181167673723, -0.3946431578255642], [-0.004471234981476868, 0.9999848394752441, -0.0032138570924540974, 1.0660872081306003], [0.9324188044706739, 0.0030077271988760805, -0.36136702484672867, 0.0034637451099968075]]]
[[[721.5377, 0, 609.5593], [0, 721.5377, 172.854], [0, 0, 1]], [[-0.36357584076074734, -0.004636208426426491, -0.9315530653626461, -0.39327415831153006], [-0.004388937145167866, 0.9999850422218399, -0.00326382648450118, 1.066775194493573], [0.9315542631783998, 0.002901879393065396, -0.36359075050135226, 0.005302429200000347]]]
[[[721.5377, 0, 609.5593], [0, 721.5377, 172.854], [0, 0, 1]], [[-0.3659955072574856, -0.006438407191619678, -0.9305943453407455, -0.4318810250334379], [-0.004572619765261031, 0.9999764377987254, -0.005120058188561836, 1.1680796442316135], [0.9306053835089383, 0.002381335803034711, -0.36601632398565914, 0.01131439209000007]]]
[[[721.5377, 0, 609.5593], [0, 721.5377, 172.854], [0, 0, 1]], [[-0.3678609866930281, -0.00674119584288206, -0.9298563602771343, -0.39264406168616645], [-0.004403138411812875, 0.9999751389976874, -0.0055076091620804915, 1.0608124581698448], [0.9298703709879986, 0.00206825171672227, -0.36788152371854455, 0.011749267580000833]]]
[[[721.5377, 0, 609.5593], [0, 721.5377, 172.854], [0, 0, 1]], [[-0.3694244469542007, -0.009247792965352858, -0.9292147525291735, -0.3972616135888884], [-0.005333012308810052, 0.9999551115497191, -0.007831594046121809, 1.0566510567523446], [0.9292454664792813, 0.002062331413507608, -0.3694571826569945, 0.009696960450000347]]]
[[[721.5377, 0, 609.5593], [0, 721.5377, 172.854], [0, 0, 1]], [[-0.3708368431416901, -0.00793553753117789, -0.9286641282039468, -0.43896744875163196], [-0.005317423044123592, 0.9999652444260402, -0.006421444708129193, 1.1548327027815244], [0.928682809564641, 0.0025567917515910716, -0.37086615110449705, 0.01326751709000007]]]
[[[721.5377, 0, 609.5593], [0, 721.5377, 172.854], [0, 0, 1]], [[-0.3724377871980534, -0.008000442223089297, -0.9280226762268541, -0.40097654761817947], [-0.006143545993547958, 0.9999621852200098, -0.006155076981485347, 1.0521020025032448], [0.9280368265912957, 0.003408966743437067, -0.37247285462983676, 0.008880615229998057]]]
[[[721.5377, 0, 609.5593], [0, 721.5377, 172.854], [0, 0, 1]], [[-0.3732669478154357, -0.004131777047339753, -0.9277147805694269, -0.4028422743164438], [-0.005393336144045642, 0.9999828483454511, -0.002283624346478795, 1.0495713014065349], [0.9277083041526503, 0.004151076167643303, -0.37328282973218074, 0.0067901611400031925]]]
[[[721.5377, 0, 609.5593], [0, 721.5377, 172.854], [0, 0, 1]], [[-0.3743365957239662, -0.007868059041382965, -0.9272595142400606, -0.4450423680361243], [-0.006440722241911961, 0.9999619422315624, -0.005884826716547712, 1.160105339292585], [0.9272705269762404, 0.0037693149778925236, -0.37437302529135696, 0.0031967163100006246]]]
[[[721.5377, 0, 609.5593], [0, 721.5377, 172.854], [0, 0, 1]], [[-0.37539873566599113, -0.014686270846447165, -0.9267470543298211, -0.4061599697020558], [-0.006982846278468813, 0.9998908949333093, -0.013016838606866114, 1.054594994251272], [0.9268371103479978, 0.001584827464023125, -0.37546032973362536, -0.00573730469000111]]]
[[[721.5377, 0, 609.5593], [0, 721.5377, 172.854], [0, 0, 1]], [[-0.37633428816246584, -0.017791025301771134, -0.9263131128144316, -0.4507304486524643], [-0.007303307152602979, 0.9998415126740084, -0.016236109090091905, 1.1672764187440081], [0.9264551609537749, 0.0006549446254196919, -0.37640457726979454, 0.0004577636699991672]]]
[[[721.5377, 0, 609.5593], [0, 721.5377, 172.854], [0, 0, 1]], [[-0.37701204906903607, -0.01783075627557151, -0.9260367049892828, -0.41101320693310056], [-0.007181062714781064, 0.9998408974027405, -0.016328264426105115, 1.064403002914326], [0.9261805154477464, 0.0004939752256903136, -0.37708010925189794, 0.01037597655999889]]]
[[[721.5377, 0, 609.5593], [0, 721.5377, 172.854], [0, 0, 1]], [[-0.37761127322980664, -0.01593601207226547, -0.9258270734046379, -0.4128928710971986], [-0.006356930985515793, 0.9998729468642003, -0.01461778223757992, 1.0726874309090044], [0.9259423933259615, 0.0003655794476267411, -0.37766460066235724, 0.011016845710003054]]]
[[[721.5377, 0, 609.5593], [0, 721.5377, 172.854], [0, 0, 1]], [[-0.378559794573106, -0.013008858204622178, -0.9254854140076871, -0.4548986448434796], [-0.004676587021888641, 0.9999153451964141, -0.0121421569155959, 1.1847992214312941], [0.9255650228193557, -0.00026841935154681715, -0.3785885847255002, 0.010490417479999792]]]
[[[721.5377, 0, 609.5593], [0, 721.5377, 172.854], [0, 0, 1]], [[-0.37938356417985775, -0.009970132961557772, -0.9251857692803735, -0.41599469084440827], [-0.0035587222032985445, 0.9999502676918337, -0.009316525066229552, 1.0823040040258647], [0.9252326446502347, -0.00024205734608324356, -0.37940017749307087, 0.01045227049999653]]]
[[[721.5377, 0, 609.5593], [0, 721.5377, 172.854], [0, 0, 1]], [[-0.3801699181378476, -0.005286949205300975, -0.9249015523347135, -0.4193218016823753], [-0.002515621063653947, 0.999985874545961, -0.0046821319090408755, 1.08710389329698], [0.924913241873921, 0.0005466961222887647, -0.3801778480259253, 0.012321472170000902]]]
[[[721.5377, 0, 609.5593], [0, 721.5377, 172.854], [0, 0, 1]], [[-0.38078512618073695, -0.004170107554561631, -0.924654150416524, -0.46712632242763813], [-0.002621366217132017, 0.9999906805105256, -0.0034303543915341853, 1.20132124562007], [0.9246598380586647, 0.001117629222607793, -0.3807925088368268, 0.010353088380000486]]]
[[[721.5377, 0, 609.5593], [0, 721.5377, 172.854], [0, 0, 1]], [[-0.38102921698364367, -0.004817653154221219, -0.9245504453640792, -0.4291388294426191], [-0.0027541271427162857, 0.9999879016458739, -0.004075701849238566, 1.0969798666768205], [0.9245588951432533, 0.0009933679921134814, -0.3810378755865604, 0.00598144530999889]]]
[[[721.5377, 0, 609.5593], [0, 721.5377, 172.854], [0, 0, 1]], [[-0.3816183053954785, -0.006684747933788594, -0.9242958309611405, -0.4324075632894927], [-0.003309858553322907, 0.9999773198841431, -0.00586553950489591, 1.1027318128709138], [0.9243140774776939, 0.0008208912158188239, -0.3816317758182244, 0.004463195799999653]]]
[[[721.5377, 0, 609.5593], [0, 721.5377, 172.854], [0, 0, 1]], [[-0.3820373301792767, -0.006433489203788489, -0.9241244984125002, -0.479043716355257], [-0.003377297972901951, 0.9999788100076745, -0.005565374563978468, 1.2224087874674965], [0.9241407209986434, 0.0009948629553275781, -0.3820509626212288, 0.00618743897000229]]]
[[[721.5377, 0, 609.5593], [0, 721.5377, 172.854], [0, 0, 1]], [[-0.3827934179650117, -0.00668104367648148, -0.9238098087907797, -0.43811322968533056], [-0.003454038747119652, 0.9999772107107477, -0.005800661642102924, 1.1185773086923125], [0.9238275102956164, 0.0009704197780934342, -0.3828077709588156, 0.005477905269998473]]]
[[[721.5377, 0, 609.5593], [0, 721.5377, 172.854], [0, 0, 1]], [[-0.38362461016640714, -0.006179890402562872, -0.923468444197897, -0.48584487761941025], [-0.0030326157120282872, 0.9999806475088007, -0.005432112832327458, 1.2401939930338395], [0.9234841426449159, 0.0007166327457553014, -0.38363592730724844, 0.005142211920002637]]]
[[[721.5377, 0, 609.5593], [0, 721.5377, 172.854], [0, 0, 1]], [[-0.38446436186231187, -0.006821698846806189, -0.9231146293297755, -0.4456858853050327], [-0.0027278204195068084, 0.9999767254658589, -0.006253600749751009, 1.1350651833594154], [0.9231358044478419, 0.00011380431383652343, -0.38447402200280567, 0.005104064939999375]]]
[[[721.5377, 0, 609.5593], [0, 721.5377, 172.854], [0, 0, 1]], [[-0.38541072665157144, -0.009226854040260845, -0.9226989958520748, -0.45069569368094736], [-0.002810464832782683, 0.9999571050466765, -0.008825494552355095, 1.1434344828780665], [0.9227408482717839, -0.0008082271893965118, -0.38542012622523875, 0.005180358879997016]]]
[[[721.5377, 0, 609.5593], [0, 721.5377, 172.854], [0, 0, 1]], [[-0.38638272718712685, -0.010173172240474268, -0.9222824375959915, -0.45565732514584106], [-0.0027348626136420003, 0.99994741114552, -0.00988410187406373, 1.1515491662440591], [0.9223344884898985, -0.001296730480096247, -0.38639022999053585, 0.008209228520001943]]]
[[[721.5377, 0, 609.5593], [0, 721.5377, 172.854], [0, 0, 1]], [[-0.38756036789677434, -0.011319567924534221, -0.9217748253330197, -0.5074023503391741], [-0.003202484205781255, 0.9999351057265159, -0.010932905863186855, 1.2761796440767117], [0.9218387631959445, -0.0012851916991017285, -0.387571468185763, 0.011993408199998612]]]
[[[721.5377, 0, 609.5593], [0, 721.5377, 172.854], [0, 0, 1]], [[-0.38833428800730696, -0.008908769304634835, -0.9214755094886325, -0.4669961969317348], [-0.0032403364994141827, 0.9999602877905956, -0.008301991394827136, 1.1687395993279939], [0.9215128761863443, -0.00023805719064068893, -0.38834773380508536, 0.01204681397000229]]]
[[[721.5377, 0, 609.5593], [0, 721.5377, 172.854], [0, 0, 1]], [[-0.3891857152975662, -0.0051340504891747105, -0.9211450051614548, -0.5183694777653601], [-0.0031170550409802197, 0.9999860829353883, -0.0042565130577126966, 1.294785872684969], [0.9211540386798471, 0.001214685602772917, -0.38919630209277833, 0.011886596680000139]]]
[[[721.5377, 0, 609.5593], [0, 721.5377, 172.854], [0, 0, 1]], [[-0.3901733546242607, -0.004361015431088795, -0.920731087172395, -0.47456780048423514], [-0.0026988721364859013, 0.9999899041188806, -0.003592735657226074, 1.1850694110367501], [0.9207374595564372, 0.001083145752707853, -0.3901811853034903, 0.005096435539996946]]]
[[[721.5377, 0, 609.5593], [0, 721.5377, 172.854], [0, 0, 1]], [[-0.3912896232046328, -0.004362202078171046, -0.9202572477114244, -0.4782650172561826], [-0.0017936841963831253, 0.9999904811047962, -0.003977486241568352, 1.1934446051357386], [0.9202658384778717, 9.430178906212134e-05, -0.3912937229726442, 0.002548217780002915]]]
[[[721.5377, 0, 609.5593], [0, 721.5377, 172.854], [0, 0, 1]], [[-0.3925457254586057, -0.00550668725028084, -0.919716004981812, -0.5314398673717535], [-0.0012428039192429476, 0.9999843390418635, -0.005456840608421912, 1.321024693663743], [0.9197316504625658, -0.0009990327997630964, -0.3925464215489293, 0.005233764650000694]]]
