[[[1148.298095703125,0,984.3199462890625],[0,1148.298095703125,575.9381713867188],[0,0,1]],[[0.99387127,0.01162324,-0.10993292,-0.1],[-0.03324767,0.97984302,-0.19698335,-0.01],[0.10542738,0.19943108,0.97422409,-0.11]]]
[[[1148.298095703125,0,984.3199462890625],[0,1148.298095703125,575.9381713867188],[0,0,1]],[[0.97971946,0.02506274,-0.19880284,-0.11],[-0.06852338,0.97423619,-0.21486957,-0.01],[0.18829557,0.22413442,0.95619506,-0.18]]]
[[[1148.298095703125,0,984.3199462890625],[0,1148.298095703125,575.9381713867188],[0,0,1]],[[0.97479916,0.04932186,-0.21756524,-0.1],[-0.10527559,0.96153533,-0.25370714,-0.02],[0.19668327,0.27021775,0.94249594,-0.23]]]
[[[1148.298095703125,0,984.3199462890625],[0,1148.298095703125,575.9381713867188],[0,0,1]],[[0.97669542,0.05409531,-0.20770356,-0.1],[-0.10436992,0.9653011,-0.23937665,-0.02],[0.18754727,0.25547591,0.94845074,-0.27]]]
[[[1148.298095703125,0,984.3199462890625],[0,1148.298095703125,575.9381713867188],[0,0,1]],[[0.96815759,0.13220198,-0.21259056,-0.08],[-0.15870672,0.98086077,-0.11280538,-0.03],[0.19360861,0.14295289,0.97060907,-0.33]]]
[[[1148.298095703125,0,984.3199462890625],[0,1148.298095703125,575.9381713867188],[0,0,1]],[[0.95590436,0.08892617,-0.27989349,-0.1],[-0.09228896,0.99573195,0.00116908,-0.04],[0.27880278,0.02471351,0.96003139,-0.43]]]
[[[1148.298095703125,0,984.3199462890625],[0,1148.298095703125,575.9381713867188],[0,0,1]],[[0.94447851,0.10090135,-0.31269932,-0.08],[-0.08848464,0.99463022,0.0536863,-0.03],[0.31643713,-0.02303652,0.94833487,-0.49]]]
[[[1148.298095703125,0,984.3199462890625],[0,1148.298095703125,575.9381713867188],[0,0,1]],[[0.92397243,0.12456273,-0.36160859,-0.09],[-0.0956469,0.99069148,0.09686752,-0.03],[0.37030849,-0.0549162,0.92728531,-0.54]]]
[[[1148.298095703125,0,984.3199462890625],[0,1148.298095703125,575.9381713867188],[0,0,1]],[[0.91232318,0.1409421,-0.38445249,-0.09],[-0.1054658,0.98809987,0.1119669,-0.02],[0.39565822,-0.06160343,0.9163307,-0.6]]]
[[[1148.298095703125,0,984.3199462890625],[0,1148.298095703125,575.9381713867188],[0,0,1]],[[0.91284734,0.14394391,-0.38208935,-0.1],[-0.11903841,0.98896688,0.08817796,0.02],[0.39056614,-0.03500973,0.91991019,-0.67]]]
[[[1148.298095703125,0,984.3199462890625],[0,1148.298095703125,575.9381713867188],[0,0,1]],[[0.92539173,0.13557461,-0.35393807,-0.1],[-0.12000451,0.99059844,0.06568612,0.02],[0.35951573,-0.01831127,0.93296069,-0.7]]]
[[[1148.298095703125,0,984.3199462890625],[0,1148.298095703125,575.9381713867188],[0,0,1]],[[0.94211197,0.1080538,-0.31741461,-0.09],[-0.10455218,0.99412274,0.02809855,0.04],[0.31858519,0.00671437,0.94787186,-0.75]]]
[[[1148.298095703125,0,984.3199462890625],[0,1148.298095703125,575.9381713867188],[0,0,1]],[[0.9472754,0.13691361,-0.28970125,-0.11],[-0.13193965,0.99057758,0.03672883,0.04],[0.2920002,0.00343071,0.95641363,-0.78]]]
[[[1148.298095703125,0,984.3199462890625],[0,1148.298095703125,575.9381713867188],[0,0,1]],[[0.95270097,0.15437049,-0.26178896,-0.11],[-0.14648777,0.98797452,0.04948666,0.04],[0.26628006,-0.00879716,0.96385717,-0.82]]]
[[[1148.298095703125,0,984.3199462890625],[0,1148.298095703125,575.9381713867188],[0,0,1]],[[0.95590502,0.14256065,-0.25675902,-0.11],[-0.12912099,0.98925698,0.06855354,0.03],[0.26377365,-0.03237773,0.96404266,-0.86]]]
[[[1148.298095703125,0,984.3199462890625],[0,1148.298095703125,575.9381713867188],[0,0,1]],[[0.95167744,0.14895231,-0.26856408,-0.12],[-0.12392244,0.98640281,0.10795487,0.02],[0.28099242,-0.06945708,0.95719504,-0.92]]]
[[[1148.298095703125,0,984.3199462890625],[0,1148.298095703125,575.9381713867188],[0,0,1]],[[0.94415689,0.18691942,-0.27135348,-0.12],[-0.16475463,0.98099542,0.10249698,0.06],[0.28535506,-0.05206649,0.95700848,-0.97]]]
[[[1148.298095703125,0,984.3199462890625],[0,1148.298095703125,575.9381713867188],[0,0,1]],[[0.93827736,0.16046228,-0.30641761,-0.12],[-0.13369341,0.98527592,0.10658052,0.06],[0.31900781,-0.05903603,0.94591361,-1.01]]]
[[[1148.298095703125,0,984.3199462890625],[0,1148.298095703125,575.9381713867188],[0,0,1]],[[0.92888772,0.16718298,-0.33048704,-0.12],[-0.14061518,0.98470247,0.10290812,0.06],[0.34263569,-0.04911859,0.93818563,-1.05]]]
[[[1148.298095703125,0,984.3199462890625],[0,1148.298095703125,575.9381713867188],[0,0,1]],[[0.92271352,0.17289729,-0.34454468,-0.12],[-0.14383765,0.98364723,0.1084011,0.06],[0.3576524,-0.05046465,0.93249261,-1.11]]]
[[[1148.298095703125,0,984.3199462890625],[0,1148.298095703125,575.9381713867188],[0,0,1]],[[0.92358786,0.17038135,-0.34345368,-0.11],[-0.1452578,0.98454911,0.09780207,0.06],[0.35481042,-0.04043944,0.93406564,-1.16]]]
[[[1148.298095703125,0,984.3199462890625],[0,1148.298095703125,575.9381713867188],[0,0,1]],[[0.921534,0.16155215,-0.35310134,-0.09],[-0.1376693,0.98620486,0.09191875,0.08],[0.36307973,-0.03609505,0.93106109,-1.21]]]
[[[1148.298095703125,0,984.3199462890625],[0,1148.298095703125,575.9381713867188],[0,0,1]],[[0.91315711,0.15882885,-0.37539586,-0.1],[-0.13027234,0.98637837,0.10044399,0.08],[0.38623554,-0.04281742,0.92140836,-1.26]]]
[[[1148.298095703125,0,984.3199462890625],[0,1148.298095703125,575.9381713867188],[0,0,1]],[[0.90730119,0.16052385,-0.38863987,-0.08],[-0.13271864,0.98634177,0.09755978,0.09],[0.39899218,-0.03693636,0.91621262,-1.32]]]
[[[1148.298095703125,0,984.3199462890625],[0,1148.298095703125,575.9381713867188],[0,0,1]],[[0.8933658,0.16333133,-0.41859877,-0.07],[-0.13295169,0.98596746,0.10096758,0.11],[0.42921561,-0.03454757,0.90254366,-1.38]]]
[[[1148.298095703125,0,984.3199462890625],[0,1148.298095703125,575.9381713867188],[0,0,1]],[[0.87549037,0.15842408,-0.45653394,-0.07],[-0.13276652,0.98723608,0.08798075,0.1],[0.46464458,-0.0164139,0.88534766,-1.45]]]
[[[1148.298095703125,0,984.3199462890625],[0,1148.298095703125,575.9381713867188],[0,0,1]],[[0.83876199,0.22967325,-0.49369356,-0.05],[-0.19998196,0.9732613,0.1130152,0.09],[0.50644881,0.00393697,0.8622635,-1.52]]]
[[[1148.298095703125,0,984.3199462890625],[0,1148.298095703125,575.9381713867188],[0,0,1]],[[0.83836907,0.17464827,-0.51637226,-0.09],[-0.15245473,0.98460728,0.08549395,0.12],[0.52335447,0.00704789,0.85208845,-1.61]]]
[[[1148.298095703125,0,984.3199462890625],[0,1148.298095703125,575.9381713867188],[0,0,1]],[[0.86224759,0.15934017,-0.48077551,-0.11],[-0.14883706,0.98702979,0.06019274,0.14],[0.48413008,0.01965612,0.87477767,-1.66]]]
[[[1148.298095703125,0,984.3199462890625],[0,1148.298095703125,575.9381713867188],[0,0,1]],[[0.90684831,0.16182812,-0.38915715,-0.16],[-0.16442077,0.98602569,0.02688387,0.16],[0.38806885,0.0396058,0.92078131,-1.69]]]
[[[1148.298095703125,0,984.3199462890625],[0,1148.298095703125,575.9381713867188],[0,0,1]],[[0.93174922,0.14417702,-0.33325943,-0.17],[-0.14694051,0.98900044,0.01704224,0.18],[0.33205026,0.03309012,0.94268352,-1.72]]]
[[[1148.298095703125,0,984.3199462890625],[0,1148.298095703125,575.9381713867188],[0,0,1]],[[0.96209192,0.13724154,-0.2356897,-0.24],[-0.13428175,0.99053133,0.02864257,0.19],[0.23738864,0.00409201,0.97140872,-1.73]]]
[[[1148.298095703125,0,984.3199462890625],[0,1148.298095703125,575.9381713867188],[0,0,1]],[[0.97753394,0.14096674,-0.15672182,-0.24],[-0.13863289,0.99001068,0.02578027,0.19],[0.15879028,-0.0034743,0.98730886,-1.76]]]
[[[1148.298095703125,0,984.3199462890625],[0,1148.298095703125,575.9381713867188],[0,0,1]],[[0.98509002,0.12049342,-0.12282068,-0.29],[-0.11747718,0.99257708,0.03153806,0.18],[0.12570907,-0.01663918,0.99193025,-1.81]]]
[[[1148.298095703125,0,984.3199462890625],[0,1148.298095703125,575.9381713867188],[0,0,1]],[[0.98654026,0.10521907,-0.12519367,-0.3],[-0.10061147,0.99401635,0.04259262,0.17],[0.12892604,-0.02942335,0.99122053,-1.88]]]
[[[1148.298095703125,0,984.3199462890625],[0,1148.298095703125,575.9381713867188],[0,0,1]],[[0.97973764,0.14534745,-0.13782141,-0.33],[-0.13685435,0.98816919,0.06926783,0.19],[0.14625864,-0.04900271,0.98803496,-1.95]]]
[[[1148.298095703125,0,984.3199462890625],[0,1148.298095703125,575.9381713867188],[0,0,1]],[[0.97736883,0.1657445,-0.13147421,-0.36],[-0.16254957,0.98609114,0.03474765,0.2],[0.13540469,-0.01259014,0.9907133,-2.02]]]
[[[1148.298095703125,0,984.3199462890625],[0,1148.298095703125,575.9381713867188],[0,0,1]],[[0.97420394,0.18812473,-0.12466849,-0.37],[-0.19012766,0.98175281,-0.00425956,0.21],[0.12159228,0.02785255,0.99219215,-2.07]]]
[[[1148.298095703125,0,984.3199462890625],[0,1148.298095703125,575.9381713867188],[0,0,1]],[[0.97767419,0.17404628,-0.1177617,-0.37],[-0.17777252,0.98383212,-0.02183359,0.19],[0.11205768,0.04228082,0.99280483,-2.11]]]
[[[1148.298095703125,0,984.3199462890625],[0,1148.298095703125,575.9381713867188],[0,0,1]],[[0.97965872,0.16225809,-0.11810167,-0.38],[-0.16563967,0.98599946,-0.01933798,0.19],[0.1133104,0.03850684,0.99281621,-2.17]]]
[[[1148.298095703125,0,984.3199462890625],[0,1148.298095703125,575.9381713867188],[0,0,1]],[[0.98323798,0.126754,-0.13108666,-0.39],[-0.12735908,0.9918521,0.0037914,0.17],[0.13049906,0.01296719,0.99136668,-2.22]]]
[[[1148.298095703125,0,984.3199462890625],[0,1148.298095703125,575.9381713867188],[0,0,1]],[[0.97799349,0.11674992,-0.17293039,-0.45],[-0.10793985,0.99237561,0.05953494,0.16],[0.17856243,-0.0395586,0.98313606,-2.28]]]
[[[1148.298095703125,0,984.3199462890625],[0,1148.298095703125,575.9381713867188],[0,0,1]],[[0.97480989,0.14168741,-0.1722703,-0.41],[-0.1296991,0.98840249,0.07901717,0.16],[0.18146795,-0.05468325,0.98187834,-2.33]]]
[[[1148.298095703125,0,984.3199462890625],[0,1148.298095703125,575.9381713867188],[0,0,1]],[[0.9608205,0.16274938,-0.22437236,-0.42],[-0.14750575,0.98555654,0.08321983,0.16],[0.23467527,-0.04686296,0.97094667,-2.43]]]
[[[1148.298095703125,0,984.3199462890625],[0,1148.298095703125,575.9381713867188],[0,0,1]],[[0.9380675,0.17163847,-0.30095908,-0.43],[-0.14593209,0.98359269,0.10608836,0.14],[0.31422937,-0.05559827,0.94772089,-2.51]]]
[[[1148.298095703125,0,984.3199462890625],[0,1148.298095703125,575.9381713867188],[0,0,1]],[[0.91590118,0.19351737,-0.35168546,-0.39],[-0.15278541,0.97824067,0.14038196,0.15],[0.37119862,-0.07484336,0.92553568,-2.58]]]
[[[1148.298095703125,0,984.3199462890625],[0,1148.298095703125,575.9381713867188],[0,0,1]],[[0.89378685,0.19375239,-0.40448946,-0.37],[-0.15400925,0.97962344,0.12893541,0.15],[0.42122796,-0.05294545,0.90541136,-2.64]]]
[[[1148.298095703125,0,984.3199462890625],[0,1148.298095703125,575.9381713867188],[0,0,1]],[[0.86943316,0.1891885,-0.45639941,-0.35],[-0.1445871,0.98076922,0.13111643,0.14],[0.47242719,-0.04800731,0.88006467,-2.71]]]
[[[1148.298095703125,0,984.3199462890625],[0,1148.298095703125,575.9381713867188],[0,0,1]],[[0.85341251,0.18203734,-0.48842236,-0.35],[-0.13080554,0.98184544,0.13738415,0.11],[0.50456333,-0.0533568,0.86172813,-2.76]]]
[[[1148.298095703125,0,984.3199462890625],[0,1148.298095703125,575.9381713867188],[0,0,1]],[[0.84838033,0.17242652,-0.50052679,-0.32],[-0.11376548,0.98276526,0.14572333,0.14],[0.51702589,-0.06668589,0.85337222,-2.83]]]
[[[1148.298095703125,0,984.3199462890625],[0,1148.298095703125,575.9381713867188],[0,0,1]],[[0.83459705,0.17446753,-0.52250952,-0.32],[-0.11055159,0.98227358,0.1514018,0.16],[0.53966081,-0.06859501,0.83908767,-2.89]]]
[[[1148.298095703125,0,984.3199462890625],[0,1148.298095703125,575.9381713867188],[0,0,1]],[[0.81409848,0.15542041,-0.55954963,-0.31],[-0.09444959,0.98613137,0.13649139,0.15],[0.57300162,-0.05826802,0.81748468,-2.96]]]
[[[1148.298095703125,0,984.3199462890625],[0,1148.298095703125,575.9381713867188],[0,0,1]],[[0.7885775,0.15726987,-0.59449065,-0.28],[-0.09601489,0.98637885,0.13358073,0.15],[0.60739964,-0.04825863,0.79293376,-3.01]]]
[[[1148.298095703125,0,984.3199462890625],[0,1148.298095703125,575.9381713867188],[0,0,1]],[[0.72985965,0.15922739,-0.66479987,-0.27],[-0.07509498,0.98528725,0.15354389,0.15],[0.67946535,-0.06214215,0.73107618,-3.09]]]
[[[1148.298095703125,0,984.3199462890625],[0,1148.298095703125,575.9381713867188],[0,0,1]],[[0.7018925,0.16989185,-0.69173068,-0.26],[-0.06846802,0.982737,0.17189041,0.16],[0.70898998,-0.07328689,0.70140535,-3.14]]]
[[[1148.298095703125,0,984.3199462890625],[0,1148.298095703125,575.9381713867188],[0,0,1]],[[0.65815413,0.16874036,-0.73373526,-0.25],[-0.06328938,0.98351389,0.1694131,0.17],[0.75022346,-0.065062,0.65798086,-3.21]]]
[[[1148.298095703125,0,984.3199462890625],[0,1148.298095703125,575.9381713867188],[0,0,1]],[[0.62948585,0.17121845,-0.75791776,-0.24],[-0.06591978,0.98367411,0.16746891,0.18],[0.77421552,-0.0554573,0.6304934,-3.27]]]
[[[1148.298095703125,0,984.3199462890625],[0,1148.298095703125,575.9381713867188],[0,0,1]],[[0.5988735,0.16642661,-0.78336483,-0.22],[-0.04360255,0.98349667,0.17561129,0.19],[0.79966044,-0.07101196,0.59624451,-3.34]]]
[[[1148.298095703125,0,984.3199462890625],[0,1148.298095703125,575.9381713867188],[0,0,1]],[[0.57733136,0.15950115,-0.80078435,-0.2],[-0.030514,0.98426741,0.17404824,0.22],[0.81594414,-0.07604809,0.5731132,-3.39]]]
[[[1148.298095703125,0,984.3199462890625],[0,1148.298095703125,575.9381713867188],[0,0,1]],[[0.56567651,0.17654105,-0.80551279,-0.2],[-0.04239837,0.98175263,0.18539239,0.22],[0.82354099,-0.07071944,0.56283748,-3.47]]]
[[[1148.298095703125,0,984.3199462890625],[0,1148.298095703125,575.9381713867188],[0,0,1]],[[0.56156015,0.18629928,-0.80619508,-0.2],[-0.05225803,0.98036683,0.19014713,0.25],[0.82578862,-0.06464868,0.5602687,-3.55]]]
[[[1148.298095703125,0,984.3199462890625],[0,1148.298095703125,575.9381713867188],[0,0,1]],[[0.54377872,0.16063331,-0.82371682,-0.19],[-0.00466158,0.98207706,0.18843797,0.26],[0.83922011,-0.09862841,0.53477955,-3.63]]]
[[[1148.298095703125,0,984.3199462890625],[0,1148.298095703125,575.9381713867188],[0,0,1]],[[0.49204946,0.19795659,-0.84776652,-0.18],[-0.04474882,0.97827107,0.20245744,0.28],[0.86942053,-0.06168231,0.49021435,-3.72]]]
[[[1148.298095703125,0,984.3199462890625],[0,1148.298095703125,575.9381713867188],[0,0,1]],[[0.446105,0.24417412,-0.86103255,-0.15],[-0.05612957,0.96780556,0.24537224,0.28],[0.89322287,-0.06113215,0.44544679,-3.77]]]
[[[1148.298095703125,0,984.3199462890625],[0,1148.298095703125,575.9381713867188],[0,0,1]],[[3.7634945e-01,2.4630035e-01,-8.9314324e-01,-1.2000000e-01],[1.1190000e-03,9.6389705e-01,2.6628357e-01,2.8000000e-01],[9.2648101e-01,-1.0121474e-01,3.6248514e-01,-3.8600000e+00]]]
[[[1148.298095703125,0,984.3199462890625],[0,1148.298095703125,575.9381713867188],[0,0,1]],[[0.33452249,0.23285729,-0.91317016,-0.09],[-0.01772003,0.9703778,0.24095373,0.28],[0.94222504,-0.06442279,0.32873812,-3.96]]]
[[[1148.298095703125,0,984.3199462890625],[0,1148.298095703125,575.9381713867188],[0,0,1]],[[0.34498805,0.22553672,-0.91111153,-0.09],[-0.06949183,0.97417778,0.21483536,0.29],[0.9360351,-0.01080081,0.35175127,-4.05]]]
[[[1148.298095703125,0,984.3199462890625],[0,1148.298095703125,575.9381713867188],[0,0,1]],[[0.35999426,0.27397367,-0.89182413,-0.1],[-0.09561083,0.96171331,0.25684968,0.32],[0.92804635,-0.00719635,0.37240475,-4.15]]]
[[[1148.298095703125,0,984.3199462890625],[0,1148.298095703125,575.9381713867188],[0,0,1]],[[0.39405409,0.26445875,-0.8802219,-0.08],[-0.06503382,0.9633339,0.26031524,0.33],[0.91678756,-0.04533399,0.39680305,-4.22]]]
[[[1148.298095703125,0,984.3199462890625],[0,1148.298095703125,575.9381713867188],[0,0,1]],[[0.3963992,0.24538864,-0.88468075,-0.11],[-0.03281762,0.96679193,0.25345963,0.32],[0.91749567,-0.07143789,0.39128724,-4.33]]]
[[[1148.298095703125,0,984.3199462890625],[0,1148.298095703125,575.9381713867188],[0,0,1]],[[0.39035988,0.2887648,-0.87420917,-0.1],[-0.07946636,0.95656633,0.2804845,0.36],[0.91723043,-0.04001954,0.39635083,-4.41]]]
[[[1148.298095703125,0,984.3199462890625],[0,1148.298095703125,575.9381713867188],[0,0,1]],[[0.40577844,0.30846864,-0.86034799,-0.07],[-0.10963818,0.95095831,0.28924569,0.36],[0.90737575,-0.02304263,0.4196969,-4.44]]]
[[[1148.298095703125,0,984.3199462890625],[0,1148.298095703125,575.9381713867188],[0,0,1]],[[0.42635283,0.31321189,-0.84860432,-0.07],[-0.13502456,0.94966769,0.28267485,0.39],[0.89442658,-0.00593676,0.44718322,-4.52]]]
[[[1148.298095703125,0,984.3199462890625],[0,1148.298095703125,575.9381713867188],[0,0,1]],[[0.46364117,0.29276159,-0.83626264,-0.05],[-0.12532714,0.9560163,0.2652013,0.39],[0.87711871,-0.01815179,0.47993779,-4.57]]]
[[[1148.298095703125,0,984.3199462890625],[0,1148.298095703125,575.9381713867188],[0,0,1]],[[0.51569819,0.27153414,-0.8126083,-0.03],[-0.13786124,0.96239287,0.2340951,0.4],[0.8456105,-0.0086952,0.53373635,-4.64]]]
[[[1148.298095703125,0,984.3199462890625],[0,1148.298095703125,575.9381713867188],[0,0,1]],[[0.56261021,0.25923052,-0.78503299,-0.01],[-0.12689078,0.96539581,0.22785011,0.39],[0.81693077,-0.02857721,0.57603341,-4.69]]]
[[[1148.298095703125,0,984.3199462890625],[0,1148.298095703125,575.9381713867188],[0,0,1]],[[0.56882048,0.28534108,-0.77138269,0.],[-0.13942876,0.9577719,0.25147262,0.4],[0.81056184,-0.03548971,0.58458304,-4.74]]]
[[[1148.298095703125,0,984.3199462890625],[0,1148.298095703125,575.9381713867188],[0,0,1]],[[0.56126547,0.28071463,-0.77858084,0.04],[-0.12226564,0.95852691,0.25745431,0.4],[0.81855953,-0.04930633,0.57230771,-4.77]]]
[[[1148.298095703125,0,984.3199462890625],[0,1148.298095703125,575.9381713867188],[0,0,1]],[[0.51008892,0.26307237,-0.81890762,0.11],[-0.09511343,0.96349412,0.25027522,0.39],[0.85485077,-0.04977328,0.5164876,-4.8]]]
[[[1148.298095703125,0,984.3199462890625],[0,1148.298095703125,575.9381713867188],[0,0,1]],[[0.43737411,0.28001708,-0.85457712,0.16],[-0.07053344,0.95804298,0.27782023,0.4],[0.8965134,-0.06123485,0.43877208,-4.84]]]
[[[1148.298095703125,0,984.3199462890625],[0,1148.298095703125,575.9381713867188],[0,0,1]],[[0.36071324,0.28711453,-0.88738859,0.16],[-0.05391378,0.95626915,0.28748542,0.36],[0.93112093,-0.05585707,0.36041701,-4.89]]]
[[[1148.298095703125,0,984.3199462890625],[0,1148.298095703125,575.9381713867188],[0,0,1]],[[0.30296168,0.29338083,-0.90672433,0.2],[-0.03558355,0.95425707,0.29687113,0.38],[0.95234185,-0.05767586,0.29954174,-4.94]]]
[[[1148.298095703125,0,984.3199462890625],[0,1148.298095703125,575.9381713867188],[0,0,1]],[[0.24685766,0.28457603,-0.92632872,0.25],[-0.0190849,0.95715362,0.28895974,0.39],[0.9688673,-0.05365279,0.24171083,-4.99]]]
[[[1148.298095703125,0,984.3199462890625],[0,1148.298095703125,575.9381713867188],[0,0,1]],[[0.19955975,0.24247597,-0.94941503,0.29],[-0.01192762,0.96943182,0.24508113,0.39],[0.97981656,-0.03758389,0.19635084,-5.06]]]
[[[1148.298095703125,0,984.3199462890625],[0,1148.298095703125,575.9381713867188],[0,0,1]],[[1.8367790e-01,2.2047724e-01,-9.5794553e-01,3.3000000e-01],[3.5681700e-03,9.7436839e-01,2.2494124e-01,3.8000000e-01],[9.8298335e-01,-4.4734650e-02,1.7818242e-01,-5.0900000e+00]]]
[[[1148.298095703125,0,984.3199462890625],[0,1148.298095703125,575.9381713867188],[0,0,1]],[[0.15527125,0.25080541,-0.95550776,0.37],[-0.02175245,0.96787071,0.2505157,0.38],[0.98763579,-0.01811316,0.15573737,-5.15]]]
[[[1148.298095703125,0,984.3199462890625],[0,1148.298095703125,575.9381713867188],[0,0,1]],[[1.1642599e-01,2.5171608e-01,-9.6077651e-01,4.1000000e-01],[4.3283600e-03,9.6721601e-01,2.5392771e-01,3.5000000e-01],[9.9319333e-01,-3.3722240e-02,1.1151898e-01,-5.1900000e+00]]]
[[[1148.298095703125,0,984.3199462890625],[0,1148.298095703125,575.9381713867188],[0,0,1]],[[0.04715543,0.25615627,-0.96548849,0.45],[0.04305774,0.96514279,0.25816751,0.31],[0.99796265,-0.05374559,0.03448182,-5.26]]]
[[[1148.298095703125,0,984.3199462890625],[0,1148.298095703125,575.9381713867188],[0,0,1]],[[-4.0179200e-03,3.0240127e-01,-9.5317614e-01,5.0000000e-01],[2.8312860e-02,9.5283496e-01,3.0217361e-01,3.3000000e-01],[9.9959439e-01,-2.5772900e-02,-1.2390420e-02,-5.3200000e+00]]]
[[[1148.298095703125,0,984.3199462890625],[0,1148.298095703125,575.9381713867188],[0,0,1]],[[-0.03590843,0.32962847,-0.94343179,0.56],[0.08060563,0.94191867,0.3260318,0.34],[0.99610263,-0.06433841,-0.06039282,-5.36]]]
[[[1148.298095703125,0,984.3199462890625],[0,1148.298095703125,575.9381713867188],[0,0,1]],[[-0.06344016,0.32347453,-0.94411188,0.61],[0.04848867,0.94589788,0.32082826,0.34],[0.99681038,-0.02542517,-0.07569278,-5.4]]]
[[[1148.298095703125,0,984.3199462890625],[0,1148.298095703125,575.9381713867188],[0,0,1]],[[-0.06457193,0.30402359,-0.9504776,0.64],[0.06692436,0.951639,0.29984847,0.31],[0.99566984,-0.04424811,-0.08179584,-5.47]]]
[[[1148.298095703125,0,984.3199462890625],[0,1148.298095703125,575.9381713867188],[0,0,1]],[[-5.4139770e-02,3.1770906e-01,-9.4664544e-01,7.1000000e-01],[2.2149510e-02,9.4818336e-01,3.1695849e-01,3.4000000e-01],[9.9829108e-01,-3.8075800e-03,-5.8371600e-02,-5.4900000e+00]]]
[[[1148.298095703125,0,984.3199462890625],[0,1148.298095703125,575.9381713867188],[0,0,1]],[[-0.03806684,0.32566801,-0.9447217,0.76],[-0.0063111,0.94530851,0.32612464,0.34],[0.99925864,0.01837677,-0.03392969,-5.53]]]
[[[1148.298095703125,0,984.3199462890625],[0,1148.298095703125,575.9381713867188],[0,0,1]],[[-3.4947360e-02,3.2686764e-01,-9.4442797e-01,8.0000000e-01],[7.0137600e-03,9.4506097e-01,3.2682720e-01,3.4000000e-01],[9.9936807e-01,4.7978400e-03,-3.5320160e-02,-5.5600000e+00]]]
[[[1148.298095703125,0,984.3199462890625],[0,1148.298095703125,575.9381713867188],[0,0,1]],[[-0.04481555,0.31168211,-0.94913334,0.85],[0.00700901,0.95016128,0.31168878,0.35],[0.99897432,0.00731605,-0.04476669,-5.57]]]
[[[1148.298095703125,0,984.3199462890625],[0,1148.298095703125,575.9381713867188],[0,0,1]],[[-0.06845114,0.31543311,-0.9464801,0.89],[0.00971576,0.94886971,0.3155269,0.34],[0.99761081,0.01240244,-0.06801593,-5.6]]]
[[[1148.298095703125,0,984.3199462890625],[0,1148.298095703125,575.9381713867188],[0,0,1]],[[-0.0875247,0.31184095,-0.9460988,0.92],[-0.00688814,0.94953007,0.31360921,0.34],[0.99614233,0.0339654,-0.08095938,-5.67]]]
[[[1148.298095703125,0,984.3199462890625],[0,1148.298095703125,575.9381713867188],[0,0,1]],[[-0.0941313,0.32132286,-0.94228405,0.96],[0.01963534,0.94690013,0.32093564,0.34],[0.99536991,0.01170801,-0.09544218,-5.67]]]
[[[1148.298095703125,0,984.3199462890625],[0,1148.298095703125,575.9381713867188],[0,0,1]],[[-0.11345163,0.31185484,-0.94333607,1.],[0.01372015,0.94986629,0.31236359,0.33],[0.99345273,0.02249544,-0.11204251,-5.71]]]
[[[1148.298095703125,0,984.3199462890625],[0,1148.298095703125,575.9381713867188],[0,0,1]],[[-1.1333495e-01,3.0882984e-01,-9.4434470e-01,1.0500000e+00],[3.4001480e-02,9.5111650e-01,3.0696377e-01,3.3000000e-01],[9.9297887e-01,2.6806600e-03,-1.1829530e-01,-5.7200000e+00]]]
[[[1148.298095703125,0,984.3199462890625],[0,1148.298095703125,575.9381713867188],[0,0,1]],[[-0.11310107,0.29741141,-0.94803059,1.07],[0.0458549,0.95469761,0.29403242,0.31],[0.99252874,-0.01021636,-0.12161494,-5.76]]]
[[[1148.298095703125,0,984.3199462890625],[0,1148.298095703125,575.9381713867188],[0,0,1]],[[-0.09311699,0.2930209,-0.95156473,1.12],[0.04268714,0.95601219,0.2902132,0.31],[0.9947437,-0.0135957,-0.10152917,-5.76]]]
[[[1148.298095703125,0,984.3199462890625],[0,1148.298095703125,575.9381713867188],[0,0,1]],[[-8.5587130e-02,3.1310809e-01,-9.4585711e-01,1.1400000e+00],[2.5504900e-02,9.4971687e-01,3.1207788e-01,3.0000000e-01],[9.9600816e-01,2.5859400e-03,-8.9269270e-02,-5.8100000e+00]]]
[[[1148.298095703125,0,984.3199462890625],[0,1148.298095703125,575.9381713867188],[0,0,1]],[[-0.06264903,0.32692096,-0.94297689,1.19],[0.03250549,0.94499892,0.32546231,0.31],[0.99751019,-0.01026197,-0.06982997,-5.8]]]
[[[1148.298095703125,0,984.3199462890625],[0,1148.298095703125,575.9381713867188],[0,0,1]],[[-0.06766753,0.32143679,-0.9445141,1.23],[0.05023034,0.94657999,0.31854111,0.31],[0.99644661,-0.02588825,-0.08019859,-5.82]]]
[[[1148.298095703125,0,984.3199462890625],[0,1148.298095703125,575.9381713867188],[0,0,1]],[[-0.09411065,0.30670109,-0.94714612,1.26],[0.09178635,0.94998813,0.29850128,0.27],[0.99132556,-0.05884277,-0.11755486,-5.87]]]
[[[1148.298095703125,0,984.3199462890625],[0,1148.298095703125,575.9381713867188],[0,0,1]],[[-0.1324411,0.32722121,-0.93562442,1.31],[0.07609352,0.94450939,0.31955716,0.29],[0.98826933,-0.02887236,-0.14999096,-5.9]]]
[[[1148.298095703125,0,984.3199462890625],[0,1148.298095703125,575.9381713867188],[0,0,1]],[[-1.4359450e-01,3.4232810e-01,-9.2854702e-01,1.3500000e+00],[5.0758690e-02,9.3958211e-01,3.3854687e-01,2.9000000e-01],[9.8833764e-01,1.4817300e-03,-1.5229470e-01,-5.8900000e+00]]]
[[[1148.298095703125,0,984.3199462890625],[0,1148.298095703125,575.9381713867188],[0,0,1]],[[-0.16483708,0.34644473,-0.92347813,1.4],[0.04968216,0.93801248,0.34302923,0.3],[0.98507231,0.01066355,-0.17183103,-5.91]]]
[[[1148.298095703125,0,984.3199462890625],[0,1148.298095703125,575.9381713867188],[0,0,1]],[[-1.7871903e-01,3.3329713e-01,-9.2573214e-01,1.4500000e+00],[5.7474040e-02,9.4280863e-01,3.2834950e-01,3.0000000e-01],[9.8222363e-01,5.4767800e-03,-1.8765360e-01,-5.9300000e+00]]]
[[[1148.298095703125,0,984.3199462890625],[0,1148.298095703125,575.9381713867188],[0,0,1]],[[-0.17479894,0.30569288,-0.93595117,1.51],[0.06643508,0.95208031,0.29855329,0.3],[0.98236376,-0.00999313,-0.18673101,-5.95]]]
[[[1148.298095703125,0,984.3199462890625],[0,1148.298095703125,575.9381713867188],[0,0,1]],[[-0.16724412,0.29908761,-0.93945903,1.55],[0.06255571,0.95417744,0.29263696,0.3],[0.98393255,-0.0098267,-0.17828989,-5.97]]]
[[[1148.298095703125,0,984.3199462890625],[0,1148.298095703125,575.9381713867188],[0,0,1]],[[-0.15586399,0.30203444,-0.94047272,1.58],[0.06050137,0.95323902,0.29610735,0.28],[0.9859274,-0.01074734,-0.16684899,-6.02]]]
[[[1148.298095703125,0,984.3199462890625],[0,1148.298095703125,575.9381713867188],[0,0,1]],[[-1.4698286e-01,3.1159523e-01,-9.3878180e-01,1.6300000e+00],[5.0262160e-02,9.5021546e-01,3.0752048e-01,2.9000000e-01],[9.8786443e-01,-1.9848800e-03,-1.5532656e-01,-6.0200000e+00]]]
[[[1148.298095703125,0,984.3199462890625],[0,1148.298095703125,575.9381713867188],[0,0,1]],[[-1.6376680e-01,2.9975179e-01,-9.3985987e-01,1.6900000e+00],[5.3570010e-02,9.5401770e-01,2.9493257e-01,2.9000000e-01],[9.8504680e-01,-2.0480600e-03,-1.7229390e-01,-6.0400000e+00]]]
[[[1148.298095703125,0,984.3199462890625],[0,1148.298095703125,575.9381713867188],[0,0,1]],[[-0.2032246,0.27615136,-0.93938649,1.72],[0.08374082,0.96079278,0.26432759,0.27],[0.97554773,-0.02494698,-0.21838154,-6.06]]]
[[[1148.298095703125,0,984.3199462890625],[0,1148.298095703125,575.9381713867188],[0,0,1]],[[-2.5205338e-01,2.9832634e-01,-9.2058545e-01,1.7800000e+00],[7.5949470e-02,9.5446223e-01,2.8850958e-01,2.6000000e-01],[9.6473163e-01,2.8019000e-03,-2.6323268e-01,-6.0900000e+00]]]
[[[1148.298095703125,0,984.3199462890625],[0,1148.298095703125,575.9381713867188],[0,0,1]],[[-0.29379472,0.33600497,-0.8948701,1.83],[0.12736087,0.94159681,0.31173593,0.26],[0.94734907,-0.02238494,-0.31942928,-6.06]]]
[[[1148.298095703125,0,984.3199462890625],[0,1148.298095703125,575.9381713867188],[0,0,1]],[[-0.35902974,0.32302633,-0.87564754,1.9],[0.09867464,0.9460789,0.30855003,0.26],[0.92809874,0.02437444,-0.37154391,-6.09]]]
[[[1148.298095703125,0,984.3199462890625],[0,1148.298095703125,575.9381713867188],[0,0,1]],[[-0.38071471,0.31961623,-0.86770338,1.94],[0.11291209,0.94741464,0.29943597,0.27],[0.91777653,0.01602552,-0.3967818,-6.09]]]
[[[1148.298095703125,0,984.3199462890625],[0,1148.298095703125,575.9381713867188],[0,0,1]],[[-3.9545268e-01,3.1095961e-01,-8.6425084e-01,1.9900000e+00],[1.3435625e-01,9.5041221e-01,2.8048351e-01,2.6000000e-01],[9.0861070e-01,-5.1995200e-03,-4.1762093e-01,-6.1600000e+00]]]
[[[1148.298095703125,0,984.3199462890625],[0,1148.298095703125,575.9381713867188],[0,0,1]],[[-0.37655628,0.3127777,-0.87199962,2.03],[0.13975635,0.94968951,0.28029296,0.27],[0.91579545,-0.01632132,-0.40132287,-6.16]]]
[[[1148.298095703125,0,984.3199462890625],[0,1148.298095703125,575.9381713867188],[0,0,1]],[[-3.7572891e-01,3.1986019e-01,-8.6978483e-01,2.0800000e+00],[1.2145498e-01,9.4745183e-01,2.9595590e-01,2.6000000e-01],[9.1874087e-01,5.5594300e-03,-3.9483225e-01,-6.2200000e+00]]]
[[[1148.298095703125,0,984.3199462890625],[0,1148.298095703125,575.9381713867188],[0,0,1]],[[-0.3524439,0.3218374,-0.87875599,2.12],[0.0978661,0.94653469,0.30740941,0.25],[0.93070573,0.02234413,-0.36509615,-6.2]]]
[[[1148.298095703125,0,984.3199462890625],[0,1148.298095703125,575.9381713867188],[0,0,1]],[[-0.37478486,0.32690412,-0.86757058,2.19],[0.14330672,0.94495612,0.29415575,0.24],[0.91597372,-0.01408354,-0.40100136,-6.23]]]
[[[1148.298095703125,0,984.3199462890625],[0,1148.298095703125,575.9381713867188],[0,0,1]],[[-0.40429568,0.30489022,-0.86231989,2.24],[0.14557928,0.95223904,0.26842847,0.23],[0.90297288,-0.01701136,-0.4293704,-6.25]]]
[[[1148.298095703125,0,984.3199462890625],[0,1148.298095703125,575.9381713867188],[0,0,1]],[[-4.4190326e-01,3.0374706e-01,-8.4407794e-01,2.3100000e+00],[1.4201909e-01,9.5275539e-01,2.6850349e-01,2.2000000e-01],[8.8575399e-01,-1.2226300e-03,-4.6416193e-01,-6.3000000e+00]]]
[[[1148.298095703125,0,984.3199462890625],[0,1148.298095703125,575.9381713867188],[0,0,1]],[[-0.44785699,0.32721978,-0.8320815,2.35],[0.1145454,0.94395792,0.30956301,0.2],[0.886742,0.04332873,-0.46023801,-6.31]]]
[[[1148.298095703125,0,984.3199462890625],[0,1148.298095703125,575.9381713867188],[0,0,1]],[[-0.47077039,0.35138172,-0.80926752,2.41],[0.14001244,0.93540013,0.32469925,0.2],[0.87107933,0.03955119,-0.48955464,-6.31]]]
[[[1148.298095703125,0,984.3199462890625],[0,1148.298095703125,575.9381713867188],[0,0,1]],[[-0.49548739,0.33903226,-0.79972339,2.46],[0.13800609,0.93971783,0.31287593,0.19],[0.85758638,0.04465923,-0.51240504,-6.32]]]
[[[1148.298095703125,0,984.3199462890625],[0,1148.298095703125,575.9381713867188],[0,0,1]],[[-0.49648356,0.34243149,-0.79765457,2.53],[0.16706167,0.93942118,0.29930735,0.18],[0.85182291,0.01534364,-0.52361256,-6.34]]]
[[[1148.298095703125,0,984.3199462890625],[0,1148.298095703125,575.9381713867188],[0,0,1]],[[-0.49021661,0.30575594,-0.81621605,2.58],[0.14215381,0.95196295,0.27122954,0.18],[0.85993457,0.01693298,-0.5101307,-6.34]]]
[[[1148.298095703125,0,984.3199462890625],[0,1148.298095703125,575.9381713867188],[0,0,1]],[[-0.50705051,0.33453223,-0.79435217,2.63],[0.16909774,0.9423092,0.28890389,0.16],[0.8451702,0.01216574,-0.53436553,-6.39]]]
[[[1148.298095703125,0,984.3199462890625],[0,1148.298095703125,575.9381713867188],[0,0,1]],[[-0.51442271,0.31811282,-0.79635501,2.68],[0.09637903,0.9442156,0.31491891,0.17],[0.85210794,0.08524921,-0.51638383,-6.39]]]
[[[1148.298095703125,0,984.3199462890625],[0,1148.298095703125,575.9381713867188],[0,0,1]],[[-0.52333558,0.33264714,-0.78452128,2.71],[0.11860599,0.94013435,0.31950942,0.16],[0.84383672,0.07416151,-0.53145796,-6.37]]]
[[[1148.298095703125,0,984.3199462890625],[0,1148.298095703125,575.9381713867188],[0,0,1]],[[-0.54997426,0.31446651,-0.77372277,2.79],[0.11098149,0.94571203,0.30548075,0.18],[0.82777965,0.08213748,-0.55501556,-6.38]]]
[[[1148.298095703125,0,984.3199462890625],[0,1148.298095703125,575.9381713867188],[0,0,1]],[[-0.56498504,0.35496843,-0.7448476,2.84],[0.17940719,0.9339844,0.3090193,0.14],[0.8053652,0.04096023,-0.59136897,-6.36]]]
[[[1148.298095703125,0,984.3199462890625],[0,1148.298095703125,575.9381713867188],[0,0,1]],[[-0.59808075,0.37006831,-0.71088517,2.92],[0.15822378,0.92407513,0.34793252,0.13],[0.78566754,0.09561253,-0.6112231,-6.39]]]
[[[1148.298095703125,0,984.3199462890625],[0,1148.298095703125,575.9381713867188],[0,0,1]],[[-0.62308061,0.37902719,-0.68419129,2.98],[0.18015012,0.92077029,0.34602702,0.14],[0.76113421,0.09234529,-0.6419937,-6.36]]]
[[[1148.298095703125,0,984.3199462890625],[0,1148.298095703125,575.9381713867188],[0,0,1]],[[-0.65496933,0.37413898,-0.65653932,3.03],[0.21658364,0.9253245,0.31124425,0.12],[0.7239579,0.0616596,-0.68708903,-6.35]]]
[[[1148.298095703125,0,984.3199462890625],[0,1148.298095703125,575.9381713867188],[0,0,1]],[[-0.67299622,0.37185168,-0.63938379,3.09],[0.2370849,0.92728072,0.28973767,0.11],[0.70062518,0.04340399,-0.71221441,-6.34]]]
[[[1148.298095703125,0,984.3199462890625],[0,1148.298095703125,575.9381713867188],[0,0,1]],[[-0.68377137,0.363857,-0.63251376,3.13],[0.22423153,0.92964524,0.29238054,0.1],[0.69439566,0.05809177,-0.71725059,-6.31]]]
[[[1148.298095703125,0,984.3199462890625],[0,1148.298095703125,575.9381713867188],[0,0,1]],[[-0.70446414,0.37173453,-0.60460967,3.19],[0.23849925,0.92631966,0.29164401,0.09],[0.66847378,0.06125357,-0.74121505,-6.33]]]
[[[1148.298095703125,0,984.3199462890625],[0,1148.298095703125,575.9381713867188],[0,0,1]],[[-0.71210104,0.36594912,-0.59916788,3.23],[0.22316001,0.92713636,0.30103773,0.09],[0.66567272,0.08065878,-0.74187768,-6.32]]]
[[[1148.298095703125,0,984.3199462890625],[0,1148.298095703125,575.9381713867188],[0,0,1]],[[-0.72187918,0.39490539,-0.56828648,3.29],[0.25934008,0.91572636,0.30691037,0.07],[0.6415934,0.07417253,-0.76345611,-6.31]]]
[[[1148.298095703125,0,984.3199462890625],[0,1148.298095703125,575.9381713867188],[0,0,1]],[[-0.75686514,0.40434581,-0.51348662,3.35],[0.29305199,0.91220611,0.28636748,0.05],[0.58419532,0.06626309,-0.80890888,-6.3]]]
[[[1148.298095703125,0,984.3199462890625],[0,1148.298095703125,575.9381713867188],[0,0,1]],[[-0.78308767,0.396483,-0.47914872,3.38],[0.28415242,0.91341776,0.29142994,0.02],[0.55320835,0.09206367,-0.82794529,-6.24]]]
[[[1148.298095703125,0,984.3199462890625],[0,1148.298095703125,575.9381713867188],[0,0,1]],[[-0.80282509,0.41635644,-0.42676392,3.46],[0.30527279,0.90189242,0.30562103,0.02],[0.51214123,0.11508059,-0.85116184,-6.25]]]
[[[1148.298095703125,0,984.3199462890625],[0,1148.298095703125,575.9381713867188],[0,0,1]],[[-0.82435519,0.41698581,-0.38284397,3.5],[0.32049754,0.90127242,0.29153904,0.],[0.46661332,0.11763094,-0.87660915,-6.24]]]
[[[1148.298095703125,0,984.3199462890625],[0,1148.298095703125,575.9381713867188],[0,0,1]],[[-0.85329407,0.37400186,-0.36334616,3.6],[0.28202829,0.91712296,0.28169432,0.],[0.43858624,0.1378939,-0.88805211,-6.24]]]
[[[1148.298095703125,0,984.3199462890625],[0,1148.298095703125,575.9381713867188],[0,0,1]],[[-0.84387976,0.36809343,-0.39036137,3.64],[0.27584693,0.92168516,0.27278444,0.],[0.46019933,0.12251712,-0.8793264,-6.23]]]
[[[1148.298095703125,0,984.3199462890625],[0,1148.298095703125,575.9381713867188],[0,0,1]],[[-0.82249206,0.37479472,-0.42783642,3.72],[0.25931826,0.91656715,0.30440906,-0.01],[0.50623047,0.13942802,-0.85105807,-6.25]]]
[[[1148.298095703125,0,984.3199462890625],[0,1148.298095703125,575.9381713867188],[0,0,1]],[[-0.79480261,0.38169965,-0.47180799,3.78],[0.25551096,0.91564673,0.31034079,-0.02],[0.55046505,0.12610735,-0.82528478,-6.25]]]
[[[1148.298095703125,0,984.3199462890625],[0,1148.298095703125,575.9381713867188],[0,0,1]],[[-0.76743978,0.36444807,-0.52746803,3.87],[0.19690752,0.91694218,0.34706023,-0.01],[0.61014158,0.16248503,-0.7754584,-6.28]]]
[[[1148.298095703125,0,984.3199462890625],[0,1148.298095703125,575.9381713867188],[0,0,1]],[[-0.72161347,0.35170463,-0.5963102,3.9],[0.15592575,0.92178297,0.3549782,-0.01],[0.67451429,0.16317673,-0.72000897,-6.28]]]
[[[1148.298095703125,0,984.3199462890625],[0,1148.298095703125,575.9381713867188],[0,0,1]],[[-0.67770886,0.3658376,-0.63787293,3.96],[0.15073651,0.91815525,0.36643681,-0.],[0.71972084,0.15218642,-0.67738503,-6.28]]]
[[[1148.298095703125,0,984.3199462890625],[0,1148.298095703125,575.9381713867188],[0,0,1]],[[-0.65667164,0.35148236,-0.66727114,4.03],[0.13707177,0.9256506,0.35268807,-0.],[0.74162155,0.140136,-0.65602475,-6.27]]]
[[[1148.298095703125,0,984.3199462890625],[0,1148.298095703125,575.9381713867188],[0,0,1]],[[-0.6240567,0.35554489,-0.69580847,4.1],[0.11016914,0.92162514,0.37212425,-0.01],[0.77357918,0.15556981,-0.6143145,-6.27]]]
[[[1148.298095703125,0,984.3199462890625],[0,1148.298095703125,575.9381713867188],[0,0,1]],[[-0.59078294,0.36359891,-0.7202633,4.16],[0.11134063,0.92090344,0.37355942,-0.02],[0.79911655,0.14049788,-0.58453542,-6.27]]]
[[[1148.298095703125,0,984.3199462890625],[0,1148.298095703125,575.9381713867188],[0,0,1]],[[-0.55531067,0.35942861,-0.74996614,4.2],[0.09072409,0.92258549,0.37498152,-0.03],[0.82668507,0.14019108,-0.54492867,-6.27]]]
[[[1148.298095703125,0,984.3199462890625],[0,1148.298095703125,575.9381713867188],[0,0,1]],[[-0.48730633,0.35661662,-0.79709798,4.26],[0.07293774,0.92624509,0.36980554,-0.03],[0.87018478,0.12206996,-0.47737432,-6.23]]]
[[[1148.298095703125,0,984.3199462890625],[0,1148.298095703125,575.9381713867188],[0,0,1]],[[-0.46680447,0.35978806,-0.80786991,4.28],[0.08526705,0.92756033,0.36382321,-0.06],[0.88024533,0.10094962,-0.46366587,-6.21]]]
[[[1148.298095703125,0,984.3199462890625],[0,1148.298095703125,575.9381713867188],[0,0,1]],[[-0.46148381,0.3611716,-0.81030583,4.34],[0.04528467,0.92178011,0.38506755,-0.06],[0.88599712,0.14100796,-0.44174063,-6.21]]]
[[[1148.298095703125,0,984.3199462890625],[0,1148.298095703125,575.9381713867188],[0,0,1]],[[-0.46120897,0.36703253,-0.80782491,4.37],[0.06530218,0.92200941,0.38162881,-0.07],[0.88489032,0.12325785,-0.44920543,-6.15]]]
[[[1148.298095703125,0,984.3199462890625],[0,1148.298095703125,575.9381713867188],[0,0,1]],[[-0.50021505,0.35792702,-0.78846771,4.41],[0.071826,0.92458594,0.37415054,-0.08],[0.86292261,0.1305231,-0.48819849,-6.09]]]
[[[1148.298095703125,0,984.3199462890625],[0,1148.298095703125,575.9381713867188],[0,0,1]],[[-0.57450801,0.3780255,-0.72597909,4.46],[0.14188139,0.9195286,0.36652991,-0.11],[0.80611396,0.10757141,-0.58190906,-6.03]]]
[[[1148.298095703125,0,984.3199462890625],[0,1148.298095703125,575.9381713867188],[0,0,1]],[[-0.62901205,0.37855348,-0.67900622,4.49],[0.14425123,0.91510105,0.37654859,-0.13],[0.76390105,0.13890588,-0.63021392,-5.98]]]
[[[1148.298095703125,0,984.3199462890625],[0,1148.298095703125,575.9381713867188],[0,0,1]],[[-0.68051696,0.38127935,-0.62572438,4.54],[0.16910215,0.91262573,0.37218991,-0.16],[0.71295875,0.14747003,-0.68553019,-5.94]]]
[[[1148.298095703125,0,984.3199462890625],[0,1148.298095703125,575.9381713867188],[0,0,1]],[[-0.71209902,0.36467004,-0.59994936,4.57],[0.16720273,0.91802692,0.35955018,-0.17],[0.68188524,0.15572198,-0.71469748,-5.89]]]
[[[1148.298095703125,0,984.3199462890625],[0,1148.298095703125,575.9381713867188],[0,0,1]],[[-0.7273919,0.35836986,-0.58521837,4.6],[0.18405305,0.92344451,0.33672166,-0.19],[0.66108614,0.13721724,-0.73766249,-5.84]]]
[[[1148.298095703125,0,984.3199462890625],[0,1148.298095703125,575.9381713867188],[0,0,1]],[[-0.73559099,0.37301636,-0.56548518,4.62],[0.20451407,0.91808182,0.33956793,-0.22],[0.64582485,0.13413326,-0.75161725,-5.81]]]
[[[1148.298095703125,0,984.3199462890625],[0,1148.298095703125,575.9381713867188],[0,0,1]],[[-0.74773157,0.37592998,-0.54734176,4.66],[0.2156402,0.91710293,0.33530283,-0.23],[0.62801796,0.13268732,-0.76680994,-5.76]]]
[[[1148.298095703125,0,984.3199462890625],[0,1148.298095703125,575.9381713867188],[0,0,1]],[[-0.76560783,0.34404853,-0.54358464,4.73],[0.16652426,0.92216605,0.3491219,-0.24],[0.62138879,0.17677011,-0.76330751,-5.76]]]
[[[1148.298095703125,0,984.3199462890625],[0,1148.298095703125,575.9381713867188],[0,0,1]],[[-0.76245624,0.34432718,-0.54782104,4.73],[0.17026412,0.92358094,0.34353313,-0.25],[0.62424332,0.1686545,-0.76281399,-5.7]]]
[[[1148.298095703125,0,984.3199462890625],[0,1148.298095703125,575.9381713867188],[0,0,1]],[[-0.7729876,0.34427747,-0.53289062,4.77],[0.18716791,0.92632258,0.32695854,-0.26],[0.60619158,0.15299459,-0.78047085,-5.65]]]
[[[1148.298095703125,0,984.3199462890625],[0,1148.298095703125,575.9381713867188],[0,0,1]],[[-0.80353242,0.32104021,-0.5012759,4.8],[0.19619495,0.9378823,0.28616682,-0.28],[0.56200767,0.13159634,-0.81660253,-5.6]]]
[[[1148.298095703125,0,984.3199462890625],[0,1148.298095703125,575.9381713867188],[0,0,1]],[[-0.8359865,0.30208945,-0.45812434,4.84],[0.17766613,0.93887252,0.29489064,-0.3],[0.51920259,0.16513102,-0.83855271,-5.59]]]
[[[1148.298095703125,0,984.3199462890625],[0,1148.298095703125,575.9381713867188],[0,0,1]],[[-0.84876007,0.34698448,-0.39902049,4.88],[0.22495012,0.9198432,0.32139257,-0.32],[0.47855362,0.18302496,-0.85877728,-5.5]]]
