[[[1145.72705078125,0,984.3253173828125],[0,1145.72705078125,575.9371337890625],[0,0,1]],[[0.99998987,-0.00395948,-0.00214439,0.],[0.00391128,0.9997496,-0.02203187,-0.],[0.00223109,0.02202326,0.99975497,-0.]]]
[[[1145.72705078125,0,984.3253173828125],[0,1145.72705078125,575.9371337890625],[0,0,1]],[[0.99997431,-0.00686328,-0.00207039,0.],[0.00681866,0.99975961,-0.02083924,-0.],[0.00221292,0.02082459,0.99978071,-0.]]]
[[[1145.72705078125,0,984.3253173828125],[0,1145.72705078125,575.9371337890625],[0,0,1]],[[0.99997616,-0.00675187,-0.00143012,0.],[0.00672428,0.99980634,-0.01849608,-0.],[0.00155473,0.01848602,0.99982792,-0.]]]
[[[1145.72705078125,0,984.3253173828125],[0,1145.72705078125,575.9371337890625],[0,0,1]],[[0.9999792,-0.0063558,-0.0011104,0.],[0.00633656,0.99984294,-0.01655157,0.],[0.00121542,0.01654419,0.99986237,-0.]]]
[[[1145.72705078125,0,984.3253173828125],[0,1145.72705078125,575.9371337890625],[0,0,1]],[[0.99995905,-0.00899415,-0.00102586,0.],[0.00897663,0.99983221,-0.01596822,0.],[0.0011693,0.01595835,0.99987197,-0.]]]
[[[1145.72705078125,0,984.3253173828125],[0,1145.72705078125,575.9371337890625],[0,0,1]],[[0.99997622,-0.00679828,-0.00117622,0.],[0.00677959,0.99986106,-0.01522793,0.],[0.00127958,0.01521959,0.99988335,0.]]]
[[[1145.72705078125,0,984.3253173828125],[0,1145.72705078125,575.9371337890625],[0,0,1]],[[0.99997699,-0.00635445,-0.00238055,0.],[0.00632201,0.99989033,-0.01339318,0.],[0.00246539,0.01337782,0.99990749,0.]]]
[[[1145.72705078125,0,984.3253173828125],[0,1145.72705078125,575.9371337890625],[0,0,1]],[[0.99995995,-0.00782035,-0.00435506,0.],[0.00776915,0.99990195,-0.0116523,-0.],[0.00444575,0.01161799,0.99992263,-0.]]]
[[[1145.72705078125,0,984.3253173828125],[0,1145.72705078125,575.9371337890625],[0,0,1]],[[0.99995911,-0.00672485,-0.00604764,0.],[0.00666976,0.99993646,-0.00908459,-0.],[0.00610835,0.00904388,0.99994045,-0.]]]
[[[1145.72705078125,0,984.3253173828125],[0,1145.72705078125,575.9371337890625],[0,0,1]],[[0.99993622,-0.00430059,-0.01044029,0.01],[0.00422153,0.99996233,-0.00758338,-0.],[0.01047251,0.00753883,0.99991673,-0.]]]
[[[1145.72705078125,0,984.3253173828125],[0,1145.72705078125,575.9371337890625],[0,0,1]],[[0.99985188,-0.00439973,-0.01663936,0.01],[0.00429715,0.99997157,-0.0061954,-0.],[0.01666614,0.00612298,0.99984235,-0.]]]
[[[1145.72705078125,0,984.3253173828125],[0,1145.72705078125,575.9371337890625],[0,0,1]],[[9.99717236e-01,1.52710971e-04,-2.37794388e-02,1.00000000e-02],[-2.29429745e-04,9.99994755e-01,-3.22357076e-03,-0.00000000e+00],[2.37788200e-02,3.22811000e-03,9.99712050e-01,-0.00000000e+00]]]
[[[1145.72705078125,0,984.3253173828125],[0,1145.72705078125,575.9371337890625],[0,0,1]],[[9.99577110e-01,4.92926000e-03,-2.86585800e-02,1.00000000e-02],[-4.93222522e-03,9.99987841e-01,-3.26304362e-05,-1.00000000e-02],[2.86580715e-02,1.73967215e-04,9.99589264e-01,-0.00000000e+00]]]
[[[1145.72705078125,0,984.3253173828125],[0,1145.72705078125,575.9371337890625],[0,0,1]],[[0.99938291,0.00522291,-0.03473427,0.01],[-0.00518353,0.99998581,0.00122343,-0.01],[0.03474017,-0.00104263,0.99939585,-0.]]]
[[[1145.72705078125,0,984.3253173828125],[0,1145.72705078125,575.9371337890625],[0,0,1]],[[0.99919766,0.00443316,-0.039804,0.02],[-0.00432399,0.99998665,0.00282843,-0.01],[0.03981601,-0.00265405,0.9992035,-0.]]]
[[[1145.72705078125,0,984.3253173828125],[0,1145.72705078125,575.9371337890625],[0,0,1]],[[0.99856317,0.01733089,-0.05070725,0.02],[-0.01701261,0.99983281,0.00670174,-0.01],[0.05081492,-0.00582944,0.99869108,-0.01]]]
[[[1145.72705078125,0,984.3253173828125],[0,1145.72705078125,575.9371337890625],[0,0,1]],[[0.99811834,0.01994083,-0.05798414,0.02],[-0.01940646,0.99976397,0.0097644,-0.01],[0.05816517,-0.00862076,0.99826974,-0.01]]]
[[[1145.72705078125,0,984.3253173828125],[0,1145.72705078125,575.9371337890625],[0,0,1]],[[0.99717772,0.01633339,-0.07327903,0.02],[-0.01561496,0.99982435,0.01036632,-0.01],[0.07343548,-0.00919282,0.99725759,-0.01]]]
[[[1145.72705078125,0,984.3253173828125],[0,1145.72705078125,575.9371337890625],[0,0,1]],[[0.99642813,0.01387771,-0.0832973,0.03],[-0.01299941,0.99985415,0.01107738,-0.01],[0.08343887,-0.009955,0.99646318,-0.01]]]
[[[1145.72705078125,0,984.3253173828125],[0,1145.72705078125,575.9371337890625],[0,0,1]],[[0.99521452,0.01528681,-0.09651124,0.03],[-0.01412387,0.99981934,0.0127215,-0.01],[0.09668829,-0.01129751,0.99525058,-0.01]]]
[[[1145.72705078125,0,984.3253173828125],[0,1145.72705078125,575.9371337890625],[0,0,1]],[[0.9941327,0.01956729,-0.10638304,0.03],[-0.01801459,0.999717,0.01553691,-0.02],[0.10665695,-0.0135293,0.99420381,-0.01]]]
[[[1145.72705078125,0,984.3253173828125],[0,1145.72705078125,575.9371337890625],[0,0,1]],[[0.99285662,0.02585471,-0.11647863,0.03],[-0.02386059,0.99954444,0.01848225,-0.02],[0.11690342,-0.01557097,0.99302119,-0.01]]]
[[[1145.72705078125,0,984.3253173828125],[0,1145.72705078125,575.9371337890625],[0,0,1]],[[0.99148822,0.0249546,-0.12778263,0.04],[-0.02301027,0.99959624,0.0166698,-0.02],[0.12814702,-0.0135876,0.99166209,-0.01]]]
[[[1145.72705078125,0,984.3253173828125],[0,1145.72705078125,575.9371337890625],[0,0,1]],[[0.98854679,0.01849326,-0.14977726,0.04],[-0.01659758,0.99976569,0.01389692,-0.02],[0.14999917,-0.01125181,0.98862207,-0.02]]]
[[[1145.72705078125,0,984.3253173828125],[0,1145.72705078125,575.9371337890625],[0,0,1]],[[0.98669612,0.01592456,-0.16179353,0.04],[-0.01363661,0.99979085,0.0152419,-0.02],[0.16200241,-0.0128328,0.98670691,-0.02]]]
[[[1145.72705078125,0,984.3253173828125],[0,1145.72705078125,575.9371337890625],[0,0,1]],[[0.98471993,0.01222934,-0.17371555,0.04],[-0.00962941,0.99982876,0.01580155,-0.02],[0.17387904,-0.01388733,0.98466909,-0.02]]]
[[[1145.72705078125,0,984.3253173828125],[0,1145.72705078125,575.9371337890625],[0,0,1]],[[0.98236418,0.00973306,-0.18672407,0.04],[-0.00679372,0.99984282,0.01637505,-0.02],[0.18685409,-0.01481771,0.9822759,-0.02]]]
[[[1145.72705078125,0,984.3253173828125],[0,1145.72705078125,575.9371337890625],[0,0,1]],[[0.97927767,0.01225078,-0.20215137,0.04],[-0.00843223,0.99976957,0.01973996,-0.03],[0.20234664,-0.01762632,0.9791553,-0.02]]]
[[[1145.72705078125,0,984.3253173828125],[0,1145.72705078125,575.9371337890625],[0,0,1]],[[0.97663993,0.01722563,-0.21419093,0.05],[-0.01310997,0.99970144,0.0206207,-0.03],[0.21448219,-0.01733097,0.97657412,-0.02]]]
[[[1145.72705078125,0,984.3253173828125],[0,1145.72705078125,575.9371337890625],[0,0,1]],[[0.97211576,0.02107254,-0.23355274,0.06],[-0.01725155,0.99968201,0.01839127,-0.03],[0.23386602,-0.0138493,0.97217017,-0.02]]]
[[[1145.72705078125,0,984.3253173828125],[0,1145.72705078125,575.9371337890625],[0,0,1]],[[0.96392846,0.02540956,-0.26494581,0.07],[-0.02238547,0.99964529,0.01442768,-0.03],[0.26521844,-0.00797632,0.96415538,-0.03]]]
[[[1145.72705078125,0,984.3253173828125],[0,1145.72705078125,575.9371337890625],[0,0,1]],[[0.95660043,0.01772057,-0.2908636,0.07],[-0.0164757,0.99984163,0.0067286,-0.03],[0.2909368,-0.0016444,0.95674086,-0.03]]]
[[[1145.72705078125,0,984.3253173828125],[0,1145.72705078125,575.9371337890625],[0,0,1]],[[0.95255667,0.01314193,-0.30407748,0.06],[-0.01173414,0.9999103,0.00645664,-0.04],[0.30413505,-0.00258223,0.95262545,-0.03]]]
[[[1145.72705078125,0,984.3253173828125],[0,1145.72705078125,575.9371337890625],[0,0,1]],[[0.94641119,0.01176564,-0.32274979,0.06],[-0.00870438,0.99990243,0.01092661,-0.04],[0.32284683,-0.00753173,0.94642127,-0.04]]]
[[[1145.72705078125,0,984.3253173828125],[0,1145.72705078125,575.9371337890625],[0,0,1]],[[0.9374907,0.01619915,-0.34763318,0.07],[-0.01185433,0.99982285,0.01462159,-0.04],[0.34780842,-0.00958664,0.93751663,-0.04]]]
[[[1145.72705078125,0,984.3253173828125],[0,1145.72705078125,575.9371337890625],[0,0,1]],[[0.92708319,0.02288121,-0.37415671,0.07],[-0.01873307,0.99971616,0.01472005,-0.05],[0.37438732,-0.00663761,0.92724866,-0.04]]]
[[[1145.72705078125,0,984.3253173828125],[0,1145.72705078125,575.9371337890625],[0,0,1]],[[0.91316724,0.03445544,-0.40612608,0.07],[-0.02805498,0.99937069,0.02170477,-0.05],[0.40661836,-0.00842623,0.91355926,-0.05]]]
[[[1145.72705078125,0,984.3253173828125],[0,1145.72705078125,575.9371337890625],[0,0,1]],[[0.90214074,0.04104777,-0.42948472,0.08],[-0.03444108,0.99913859,0.02314802,-0.06],[0.43006498,-0.00609086,0.90277743,-0.05]]]
[[[1145.72705078125,0,984.3253173828125],[0,1145.72705078125,575.9371337890625],[0,0,1]],[[0.89247757,0.04298727,-0.4490388,0.08],[-0.03325606,0.99901021,0.02953962,-0.06],[0.44986421,-0.01143018,0.89302385,-0.05]]]
[[[1145.72705078125,0,984.3253173828125],[0,1145.72705078125,575.9371337890625],[0,0,1]],[[0.88574958,0.04590818,-0.46188763,0.08],[-0.03352641,0.99882537,0.03498308,-0.06],[0.46295109,-0.01550082,0.88624829,-0.05]]]
[[[1145.72705078125,0,984.3253173828125],[0,1145.72705078125,575.9371337890625],[0,0,1]],[[0.87823224,0.04499963,-0.47611254,0.08],[-0.03090741,0.99882257,0.03739192,-0.06],[0.4772346,-0.01812338,0.87858903,-0.05]]]
[[[1145.72705078125,0,984.3253173828125],[0,1145.72705078125,575.9371337890625],[0,0,1]],[[0.87378442,0.04471023,-0.48425388,0.08],[-0.02845352,0.99875915,0.04087216,-0.06],[0.48548043,-0.02193473,0.87397236,-0.05]]]
[[[1145.72705078125,0,984.3253173828125],[0,1145.72705078125,575.9371337890625],[0,0,1]],[[0.87287223,0.04641259,-0.48573649,0.08],[-0.02816508,0.99859869,0.0448042,-0.06],[0.48713529,-0.02542755,0.87295628,-0.05]]]
[[[1145.72705078125,0,984.3253173828125],[0,1145.72705078125,575.9371337890625],[0,0,1]],[[0.87794846,0.04908925,-0.47623184,0.08],[-0.03042937,0.99843973,0.04682012,-0.06],[0.47778717,-0.02661422,0.87807238,-0.05]]]
[[[1145.72705078125,0,984.3253173828125],[0,1145.72705078125,575.9371337890625],[0,0,1]],[[0.88542426,0.04407063,-0.46268961,0.08],[-0.02659161,0.99866718,0.04423491,-0.06],[0.46402237,-0.02686301,0.88541609,-0.05]]]
[[[1145.72705078125,0,984.3253173828125],[0,1145.72705078125,575.9371337890625],[0,0,1]],[[0.89003468,0.0392654,-0.45419878,0.08],[-0.02351437,0.9989118,0.04027767,-0.06],[0.45528603,-0.02516833,0.88998944,-0.06]]]
[[[1145.72705078125,0,984.3253173828125],[0,1145.72705078125,575.9371337890625],[0,0,1]],[[0.89904642,0.0412918,-0.43590194,0.07],[-0.02560496,0.99879771,0.04180323,-0.06],[0.43710399,-0.02642179,0.89902282,-0.05]]]
[[[1145.72705078125,0,984.3253173828125],[0,1145.72705078125,575.9371337890625],[0,0,1]],[[0.91449529,0.03941528,-0.40267208,0.07],[-0.02477656,0.99883121,0.04150069,-0.06],[0.40383723,-0.02797536,0.91440302,-0.05]]]
[[[1145.72705078125,0,984.3253173828125],[0,1145.72705078125,575.9371337890625],[0,0,1]],[[0.92980748,0.04164419,-0.36568266,0.06],[-0.02613954,0.998541,0.04725051,-0.05],[0.36711681,-0.03437511,0.92953944,-0.05]]]
[[[1145.72705078125,0,984.3253173828125],[0,1145.72705078125,575.9371337890625],[0,0,1]],[[0.94039893,0.04470486,-0.33712205,0.06],[-0.02916085,0.99827111,0.05103415,-0.05],[0.33882067,-0.0381617,0.94007671,-0.05]]]
[[[1145.72705078125,0,984.3253173828125],[0,1145.72705078125,575.9371337890625],[0,0,1]],[[0.94693112,0.04560827,-0.31818438,0.06],[-0.02940129,0.99802262,0.05555611,-0.05],[0.32008898,-0.04325278,0.94639963,-0.05]]]
[[[1145.72705078125,0,984.3253173828125],[0,1145.72705078125,575.9371337890625],[0,0,1]],[[0.95464075,0.05260333,-0.29307672,0.05],[-0.03638024,0.99750274,0.06053673,-0.05],[0.29552928,-0.04712863,0.95417053,-0.05]]]
[[[1145.72705078125,0,984.3253173828125],[0,1145.72705078125,575.9371337890625],[0,0,1]],[[0.95960891,0.05678514,-0.27554718,0.05],[-0.04063703,0.99712425,0.06396794,-0.05],[0.27838722,-0.05018679,0.95915687,-0.04]]]
[[[1145.72705078125,0,984.3253173828125],[0,1145.72705078125,575.9371337890625],[0,0,1]],[[0.9645434,0.05738018,-0.25761113,0.05],[-0.04141078,0.99689341,0.06699798,-0.05],[0.26065519,-0.05395458,0.9639231,-0.04]]]
[[[1145.72705078125,0,984.3253173828125],[0,1145.72705078125,575.9371337890625],[0,0,1]],[[0.96725047,0.0524158,-0.2483528,0.05],[-0.03803729,0.99732941,0.06234772,-0.05],[0.25095755,-0.05085919,0.9666611,-0.04]]]
[[[1145.72705078125,0,984.3253173828125],[0,1145.72705078125,575.9371337890625],[0,0,1]],[[0.9703123,0.04615114,-0.23741119,0.05],[-0.03343463,0.99779612,0.05731569,-0.05],[0.23953314,-0.04767637,0.96971691,-0.04]]]
[[[1145.72705078125,0,984.3253173828125],[0,1145.72705078125,575.9371337890625],[0,0,1]],[[0.9723236,0.04093173,-0.23002483,0.05],[-0.02921421,0.99810708,0.05411844,-0.05],[0.23180456,-0.04590064,0.97167885,-0.04]]]
[[[1145.72705078125,0,984.3253173828125],[0,1145.72705078125,575.9371337890625],[0,0,1]],[[0.97393447,0.04083928,-0.22312281,0.04],[-0.0295262,0.99811471,0.05380761,-0.05],[0.22489962,-0.04581712,0.97330415,-0.04]]]
[[[1145.72705078125,0,984.3253173828125],[0,1145.72705078125,575.9371337890625],[0,0,1]],[[0.97538424,0.04178158,-0.2165176,0.04],[-0.03081339,0.9980768,0.0537893,-0.05],[0.21834859,-0.04579359,0.97479582,-0.04]]]
[[[1145.72705078125,0,984.3253173828125],[0,1145.72705078125,575.9371337890625],[0,0,1]],[[0.97718281,0.04136518,-0.20833318,0.04],[-0.03094491,0.99811321,0.05303186,-0.04],[0.21013378,-0.04537497,0.97661912,-0.04]]]
[[[1145.72705078125,0,984.3253173828125],[0,1145.72705078125,575.9371337890625],[0,0,1]],[[0.97834826,0.04003856,-0.20305581,0.04],[-0.03105938,0.99840164,0.04721692,-0.04],[0.20462175,-0.0398878,0.97802806,-0.04]]]
[[[1145.72705078125,0,984.3253173828125],[0,1145.72705078125,575.9371337890625],[0,0,1]],[[0.97833502,0.04110578,-0.20290612,0.04],[-0.03357754,0.99861896,0.04040751,-0.04],[0.20428686,-0.032719,0.97836411,-0.04]]]
[[[1145.72705078125,0,984.3253173828125],[0,1145.72705078125,575.9371337890625],[0,0,1]],[[0.97985363,0.04570944,-0.19441593,0.04],[-0.04048353,0.99870628,0.03077101,-0.04],[0.19557095,-0.02228044,0.98043644,-0.05]]]
[[[1145.72705078125,0,984.3253173828125],[0,1145.72705078125,575.9371337890625],[0,0,1]],[[0.98204035,0.04290546,-0.18372765,0.04],[-0.03967703,0.99898732,0.02121381,-0.03],[0.18445179,-0.01354305,0.98274827,-0.05]]]
[[[1145.72705078125,0,984.3253173828125],[0,1145.72705078125,575.9371337890625],[0,0,1]],[[0.98396969,0.03282403,-0.17528909,0.04],[-0.03124572,0.99944258,0.01175714,-0.04],[0.17557731,-0.00609163,0.98444682,-0.05]]]
[[[1145.72705078125,0,984.3253173828125],[0,1145.72705078125,575.9371337890625],[0,0,1]],[[0.98308599,-0.00368808,-0.18310757,0.04],[0.01103099,0.99917442,0.03909929,-0.05],[0.1828122,-0.04045782,0.98231506,-0.05]]]
[[[1145.72705078125,0,984.3253173828125],[0,1145.72705078125,575.9371337890625],[0,0,1]],[[0.98062229,-0.04146995,-0.19146858,0.04],[0.05114766,0.99763668,0.04588006,-0.04],[0.18911342,-0.05478418,0.98042583,-0.05]]]
[[[1145.72705078125,0,984.3253173828125],[0,1145.72705078125,575.9371337890625],[0,0,1]],[[0.97824204,-0.06863111,-0.19578634,0.04],[0.07941124,0.99569792,0.04774368,-0.05],[0.19166736,-0.06225251,0.97948366,-0.05]]]
[[[1145.72705078125,0,984.3253173828125],[0,1145.72705078125,575.9371337890625],[0,0,1]],[[0.97436517,-0.09282301,-0.20493026,0.04],[0.10617562,0.992818,0.05512835,-0.05],[0.19834127,-0.07547374,0.9772228,-0.05]]]
[[[1145.72705078125,0,984.3253173828125],[0,1145.72705078125,575.9371337890625],[0,0,1]],[[0.97089797,-0.11985844,-0.207343,0.04],[0.13551046,0.98877358,0.06295835,-0.05],[0.19746919,-0.08922327,0.97624028,-0.05]]]
[[[1145.72705078125,0,984.3253173828125],[0,1145.72705078125,575.9371337890625],[0,0,1]],[[0.96796769,-0.14136523,-0.20749566,0.04],[0.15730685,0.9855783,0.06236969,-0.06],[0.19568631,-0.09301233,0.97624564,-0.05]]]
[[[1145.72705078125,0,984.3253173828125],[0,1145.72705078125,575.9371337890625],[0,0,1]],[[0.9616344,-0.1715472,-0.21408133,0.04],[0.18794093,0.98043203,0.05857632,-0.06],[0.1998436,-0.09656365,0.97505796,-0.05]]]
[[[1145.72705078125,0,984.3253173828125],[0,1145.72705078125,575.9371337890625],[0,0,1]],[[0.95992732,-0.17781362,-0.21661457,0.04],[0.19404823,0.97939438,0.05596364,-0.06],[0.2022,-0.0957547,0.97465181,-0.05]]]
[[[1145.72705078125,0,984.3253173828125],[0,1145.72705078125,575.9371337890625],[0,0,1]],[[0.96560228,-0.14998125,-0.21240962,0.04],[0.16552906,0.98453838,0.05730888,-0.06],[0.20053017,-0.09049755,0.9754988,-0.05]]]
[[[1145.72705078125,0,984.3253173828125],[0,1145.72705078125,575.9371337890625],[0,0,1]],[[0.97577196,-0.08888898,-0.19991955,0.03],[0.10040971,0.99377674,0.04822531,-0.06],[0.19438872,-0.06713077,0.97862482,-0.06]]]
[[[1145.72705078125,0,984.3253173828125],[0,1145.72705078125,575.9371337890625],[0,0,1]],[[0.98411363,-0.04204858,-0.17248856,0.03],[0.04919841,0.99808908,0.03738565,-0.05],[0.17058693,-0.04527788,0.98430181,-0.06]]]
[[[1145.72705078125,0,984.3253173828125],[0,1145.72705078125,575.9371337890625],[0,0,1]],[[0.98693037,-0.0017307,-0.1611381,0.04],[0.00738731,0.99937701,0.03451165,-0.04],[0.16097797,-0.03525097,0.98632824,-0.06]]]
[[[1145.72705078125,0,984.3253173828125],[0,1145.72705078125,575.9371337890625],[0,0,1]],[[0.98639202,0.04841599,-0.15711986,0.03],[-0.04442066,0.99859643,0.02884327,-0.04],[0.1582958,-0.02147141,0.98715824,-0.06]]]
[[[1145.72705078125,0,984.3253173828125],[0,1145.72705078125,575.9371337890625],[0,0,1]],[[0.9844721,0.09253873,-0.14916874,0.03],[-0.08998197,0.99565864,0.0238136,-0.04],[0.15072484,-0.01002133,0.98852497,-0.06]]]
[[[1145.72705078125,0,984.3253173828125],[0,1145.72705078125,575.9371337890625],[0,0,1]],[[0.98036027,0.15128252,-0.1265202,0.03],[-0.14963213,0.98848563,0.02250403,-0.04],[0.12846787,-0.00313058,0.99170876,-0.06]]]
[[[1145.72705078125,0,984.3253173828125],[0,1145.72705078125,575.9371337890625],[0,0,1]],[[0.9783994,0.17278118,-0.11349587,0.05],[-0.1705979,0.98492122,0.02874979,-0.04],[0.11675191,-0.00876662,0.9931224,-0.06]]]
[[[1145.72705078125,0,984.3253173828125],[0,1145.72705078125,575.9371337890625],[0,0,1]],[[0.97654855,0.18188009,-0.11520672,0.05],[-0.17927426,0.98325628,0.03267785,-0.04],[0.11922118,-0.0112579,0.99280387,-0.06]]]
[[[1145.72705078125,0,984.3253173828125],[0,1145.72705078125,575.9371337890625],[0,0,1]],[[0.97820413,0.16623469,-0.1244293,0.05],[-0.1624691,0.98590684,0.03989378,-0.04],[0.12930743,-0.01880834,0.99142617,-0.06]]]
[[[1145.72705078125,0,984.3253173828125],[0,1145.72705078125,575.9371337890625],[0,0,1]],[[0.98001063,0.14630595,-0.13481019,0.05],[-0.14122188,0.98888123,0.0465861,-0.04],[0.14012711,-0.02661673,0.98977572,-0.06]]]
[[[1145.72705078125,0,984.3253173828125],[0,1145.72705078125,575.9371337890625],[0,0,1]],[[0.98083013,0.12589939,-0.14873348,0.05],[-0.11920197,0.99144626,0.05315284,-0.05],[0.15415315,-0.03440459,0.9874478,-0.06]]]
[[[1145.72705078125,0,984.3253173828125],[0,1145.72705078125,575.9371337890625],[0,0,1]],[[0.98304325,0.09344078,-0.15778083,0.05],[-0.08377952,0.99424112,0.06682543,-0.05],[0.1631164,-0.05247348,0.98521042,-0.06]]]
[[[1145.72705078125,0,984.3253173828125],[0,1145.72705078125,575.9371337890625],[0,0,1]],[[0.98380494,0.06894112,-0.16545388,0.05],[-0.0577217,0.99575526,0.07169128,-0.05],[0.16969407,-0.06097996,0.98360837,-0.06]]]
[[[1145.72705078125,0,984.3253173828125],[0,1145.72705078125,575.9371337890625],[0,0,1]],[[0.98287052,0.05724707,-0.17518084,0.05],[-0.04456508,0.99614996,0.0754932,-0.05],[0.17882814,-0.06639309,0.98163766,-0.06]]]
[[[1145.72705078125,0,984.3253173828125],[0,1145.72705078125,575.9371337890625],[0,0,1]],[[0.9815588,0.03934902,-0.18706691,0.05],[-0.02539094,0.99675119,0.07643515,-0.05],[0.18946683,-0.07027578,0.97936898,-0.06]]]
[[[1145.72705078125,0,984.3253173828125],[0,1145.72705078125,575.9371337890625],[0,0,1]],[[0.98059225,0.03565689,-0.19278839,0.05],[-0.02033502,0.99651659,0.08087789,-0.05],[0.19500068,-0.07538788,0.97790152,-0.06]]]
[[[1145.72705078125,0,984.3253173828125],[0,1145.72705078125,575.9371337890625],[0,0,1]],[[0.98057395,0.03559243,-0.19289352,0.05],[-0.02058943,0.99664348,0.07923289,-0.05],[0.19506617,-0.07372214,0.97801548,-0.06]]]
[[[1145.72705078125,0,984.3253173828125],[0,1145.72705078125,575.9371337890625],[0,0,1]],[[0.98068804,0.03502138,-0.19241759,0.05],[-0.0199548,0.99662,0.07968903,-0.05],[0.19455805,-0.07431043,0.97807217,-0.06]]]
[[[1145.72705078125,0,984.3253173828125],[0,1145.72705078125,575.9371337890625],[0,0,1]],[[0.9809432,0.03390309,-0.19131385,0.05],[-0.01869661,0.99656004,0.08073729,-0.05],[0.19339298,-0.07562178,0.9782027,-0.06]]]
[[[1145.72705078125,0,984.3253173828125],[0,1145.72705078125,575.9371337890625],[0,0,1]],[[0.98123145,0.03351062,-0.18989967,0.05],[-0.01916074,0.99685436,0.07690424,-0.05],[0.19187941,-0.07182224,0.97878695,-0.06]]]
[[[1145.72705078125,0,984.3253173828125],[0,1145.72705078125,575.9371337890625],[0,0,1]],[[0.98130149,0.03191096,-0.18981324,0.05],[-0.01886669,0.99735898,0.07013619,-0.05],[0.19155006,-0.0652436,0.97931194,-0.06]]]
[[[1145.72705078125,0,984.3253173828125],[0,1145.72705078125,575.9371337890625],[0,0,1]],[[0.98163265,0.02671879,-0.18890062,0.05],[-0.01493384,0.9978677,0.06353746,-0.05],[0.19019547,-0.05954944,0.97993857,-0.06]]]
[[[1145.72705078125,0,984.3253173828125],[0,1145.72705078125,575.9371337890625],[0,0,1]],[[0.98148412,0.0209102,-0.19039886,0.05],[-0.01141009,0.99864084,0.05085618,-0.04],[0.19120349,-0.04774206,0.98038864,-0.07]]]
[[[1145.72705078125,0,984.3253173828125],[0,1145.72705078125,575.9371337890625],[0,0,1]],[[0.9813385,0.01146469,-0.19194596,0.05],[-0.00453361,0.99932301,0.0365099,-0.04],[0.19223459,-0.03495836,0.98072612,-0.07]]]
[[[1145.72705078125,0,984.3253173828125],[0,1145.72705078125,575.9371337890625],[0,0,1]],[[0.98113626,0.00260995,-0.19329971,0.05],[0.00197207,0.99972171,0.02350801,-0.03],[0.19330728,-0.02344577,0.98085809,-0.06]]]
[[[1145.72705078125,0,984.3253173828125],[0,1145.72705078125,575.9371337890625],[0,0,1]],[[0.98127735,-0.00409898,-0.19255626,0.05],[0.00642217,0.99991393,0.01144238,-0.03],[0.19249278,-0.01246478,0.98121923,-0.06]]]
[[[1145.72705078125,0,984.3253173828125],[0,1145.72705078125,575.9371337890625],[0,0,1]],[[0.98112231,-0.00638803,-0.1932828,0.05],[0.00675108,0.99997646,0.00121972,-0.03],[0.19327046,-0.00250156,0.98114234,-0.06]]]
[[[1145.72705078125,0,984.3253173828125],[0,1145.72705078125,575.9371337890625],[0,0,1]],[[0.98124176,-0.0088463,-0.19257808,0.05],[0.00759699,0.99994504,-0.00722473,-0.02],[0.19263139,0.00562619,0.98125505,-0.06]]]
[[[1145.72705078125,0,984.3253173828125],[0,1145.72705078125,575.9371337890625],[0,0,1]],[[0.98128551,-0.0148009,-0.19198875,0.05],[0.01148578,0.99976528,-0.01836881,-0.02],[0.19221558,0.01581991,0.98122519,-0.06]]]
[[[1145.72705078125,0,984.3253173828125],[0,1145.72705078125,575.9371337890625],[0,0,1]],[[0.98085636,-0.02484874,-0.19314064,0.05],[0.01849781,0.99922943,-0.03461673,-0.02],[0.19385199,0.03038136,0.98056024,-0.06]]]
[[[1145.72705078125,0,984.3253173828125],[0,1145.72705078125,575.9371337890625],[0,0,1]],[[0.98052937,-0.03072677,-0.19395353,0.05],[0.02242113,0.99874103,-0.04487421,-0.01],[0.19508819,0.03965183,0.97998387,-0.06]]]
[[[1145.72705078125,0,984.3253173828125],[0,1145.72705078125,575.9371337890625],[0,0,1]],[[0.9801352,-0.03492925,-0.19523041,0.05],[0.02544233,0.99838001,-0.05089239,-0.01],[0.19669177,0.04491431,0.9794361,-0.06]]]
[[[1145.72705078125,0,984.3253173828125],[0,1145.72705078125,575.9371337890625],[0,0,1]],[[0.97993714,-0.03701043,-0.19584024,0.05],[0.02671038,0.99813026,-0.05497715,-0.01],[0.19750881,0.04864318,0.97909349,-0.06]]]
[[[1145.72705078125,0,984.3253173828125],[0,1145.72705078125,575.9371337890625],[0,0,1]],[[0.97980297,-0.03675872,-0.19655766,0.05],[0.0267258,0.99821258,-0.05345506,-0.02],[0.19817127,0.04712227,0.97903407,-0.06]]]
[[[1145.72705078125,0,984.3253173828125],[0,1145.72705078125,575.9371337890625],[0,0,1]],[[0.97978163,-0.03082627,-0.19768068,0.05],[0.02249653,0.99876732,-0.044246,-0.02],[0.19880095,0.03890429,0.97926742,-0.06]]]
[[[1145.72705078125,0,984.3253173828125],[0,1145.72705078125,575.9371337890625],[0,0,1]],[[0.97971362,-0.0197924,-0.19942285,0.05],[0.01453754,0.99950832,-0.02778041,-0.03],[0.19987465,0.02431773,0.97951967,-0.06]]]
[[[1145.72705078125,0,984.3253173828125],[0,1145.72705078125,575.9371337890625],[0,0,1]],[[0.97992831,-0.01084065,-0.19905531,0.05],[0.00891649,0.99990445,-0.01056036,-0.04],[0.19915077,0.00857352,0.97993135,-0.06]]]
[[[1145.72705078125,0,984.3253173828125],[0,1145.72705078125,575.9371337890625],[0,0,1]],[[0.98032767,-0.00305924,-0.1973533,0.05],[0.00438225,0.99997073,0.0062674,-0.04],[0.19732836,-0.00700896,0.98031241,-0.06]]]
[[[1145.72705078125,0,984.3253173828125],[0,1145.72705078125,575.9371337890625],[0,0,1]],[[9.79946730e-01,3.85841000e-03,-1.99222310e-01,5.00000000e-02],[5.35307801e-04,9.99757946e-01,2.19957754e-02,-5.00000000e-02],[1.99258940e-01,-2.16613300e-02,9.79707420e-01,-6.00000000e-02]]]
[[[1145.72705078125,0,984.3253173828125],[0,1145.72705078125,575.9371337890625],[0,0,1]],[[0.97966248,0.00920512,-0.20044136,0.05],[-0.00186101,0.99932104,0.03679735,-0.05],[0.20064399,-0.03567596,0.9790144,-0.06]]]
[[[1145.72705078125,0,984.3253173828125],[0,1145.72705078125,575.9371337890625],[0,0,1]],[[0.97911787,0.01442105,-0.20278122,0.05],[-0.00482045,0.99884725,0.04775906,-0.05],[0.20323621,-0.04578425,0.9780587,-0.06]]]
[[[1145.72705078125,0,984.3253173828125],[0,1145.72705078125,575.9371337890625],[0,0,1]],[[0.97918737,0.02102534,-0.20186628,0.05],[-0.00895066,0.99812549,0.06054284,-0.06],[0.2027608,-0.05747595,0.97754008,-0.06]]]
[[[1145.72705078125,0,984.3253173828125],[0,1145.72705078125,575.9371337890625],[0,0,1]],[[0.97950011,0.02505733,-0.19987911,0.05],[-0.01158573,0.99759853,0.06828592,-0.06],[0.20111015,-0.06457032,0.97743815,-0.06]]]
[[[1145.72705078125,0,984.3253173828125],[0,1145.72705078125,575.9371337890625],[0,0,1]],[[0.97927564,0.03066942,-0.20019639,0.05],[-0.01591155,0.99706304,0.07491419,-0.06],[0.201906,-0.0701762,0.97688752,-0.06]]]
[[[1145.72705078125,0,984.3253173828125],[0,1145.72705078125,575.9371337890625],[0,0,1]],[[0.97880048,0.03410236,-0.20195696,0.06],[-0.0187408,0.99681669,0.07749324,-0.06],[0.20395678,-0.07206558,0.97632378,-0.07]]]
[[[1145.72705078125,0,984.3253173828125],[0,1145.72705078125,575.9371337890625],[0,0,1]],[[0.97789717,0.03479118,-0.20617162,0.06],[-0.01883098,0.9967066,0.07887524,-0.06],[0.20823677,-0.07324946,0.97533172,-0.07]]]
[[[1145.72705078125,0,984.3253173828125],[0,1145.72705078125,575.9371337890625],[0,0,1]],[[0.97618741,0.03986716,-0.21323396,0.06],[-0.02288454,0.99640834,0.08152719,-0.06],[0.21571837,-0.07470605,0.97359365,-0.07]]]
[[[1145.72705078125,0,984.3253173828125],[0,1145.72705078125,575.9371337890625],[0,0,1]],[[0.97698289,0.03892245,-0.2097366,0.06],[-0.0219443,0.99633467,0.08267793,-0.06],[0.21218587,-0.0761724,0.9742561,-0.07]]]
[[[1145.72705078125,0,984.3253173828125],[0,1145.72705078125,575.9371337890625],[0,0,1]],[[0.97979707,0.03083116,-0.19760342,0.05],[-0.01612751,0.99700838,0.07559203,-0.06],[0.19934286,-0.070878,0.97736317,-0.07]]]
[[[1145.72705078125,0,984.3253173828125],[0,1145.72705078125,575.9371337890625],[0,0,1]],[[0.98192716,0.02977897,-0.1869017,0.05],[-0.01658941,0.99728531,0.07174113,-0.06],[0.1885307,-0.06734398,0.97975558,-0.07]]]
[[[1145.72705078125,0,984.3253173828125],[0,1145.72705078125,575.9371337890625],[0,0,1]],[[0.98419797,0.02826399,-0.17480116,0.05],[-0.01500778,0.99694139,0.07669813,-0.06],[0.17643429,-0.07286277,0.98161191,-0.07]]]
[[[1145.72705078125,0,984.3253173828125],[0,1145.72705078125,575.9371337890625],[0,0,1]],[[0.98516262,0.03383138,-0.16825591,0.05],[-0.02088305,0.99672371,0.07813893,-0.06],[0.17034821,-0.07346585,0.98264146,-0.07]]]
[[[1145.72705078125,0,984.3253173828125],[0,1145.72705078125,575.9371337890625],[0,0,1]],[[0.98771966,0.03353346,-0.15259571,0.05],[-0.02217936,0.99689835,0.07550973,-0.06],[0.15465452,-0.07119797,0.98539984,-0.07]]]
[[[1145.72705078125,0,984.3253173828125],[0,1145.72705078125,575.9371337890625],[0,0,1]],[[0.98977244,0.03165709,-0.13909832,0.04],[-0.02113319,0.99684602,0.07649413,-0.06],[0.14108118,-0.07277219,0.98731977,-0.07]]]
[[[1145.72705078125,0,984.3253173828125],[0,1145.72705078125,575.9371337890625],[0,0,1]],[[0.99149454,0.03402727,-0.12562157,0.04],[-0.02405982,0.99650234,0.08002665,-0.06],[0.12790526,-0.07632355,0.98884529,-0.07]]]
[[[1145.72705078125,0,984.3253173828125],[0,1145.72705078125,575.9371337890625],[0,0,1]],[[0.99283409,0.03506107,-0.11424191,0.03],[-0.02581551,0.99634492,0.0814272,-0.06],[0.11667926,-0.07789449,0.99011028,-0.07]]]
[[[1145.72705078125,0,984.3253173828125],[0,1145.72705078125,575.9371337890625],[0,0,1]],[[0.99408031,0.03041406,-0.10430427,0.04],[-0.02188054,0.99639183,0.08200346,-0.06],[0.10642198,-0.07923579,0.99115896,-0.07]]]
[[[1145.72705078125,0,984.3253173828125],[0,1145.72705078125,575.9371337890625],[0,0,1]],[[0.99474907,0.02776832,-0.09850504,0.04],[-0.01967511,0.99642158,0.08220042,-0.06],[0.10043511,-0.07983068,0.99173576,-0.06]]]
[[[1145.72705078125,0,984.3253173828125],[0,1145.72705078125,575.9371337890625],[0,0,1]],[[0.99520093,0.02931222,-0.09335893,0.04],[-0.02147701,0.99624681,0.08385133,-0.06],[0.0954664,-0.08144385,0.99209529,-0.06]]]
[[[1145.72705078125,0,984.3253173828125],[0,1145.72705078125,575.9371337890625],[0,0,1]],[[0.99550527,0.03151283,-0.08930966,0.03],[-0.02383948,0.99603409,0.08571891,-0.06],[0.09165671,-0.08320453,0.99230844,-0.06]]]
[[[1145.72705078125,0,984.3253173828125],[0,1145.72705078125,575.9371337890625],[0,0,1]],[[0.99613154,0.03240337,-0.081682,0.03],[-0.02538519,0.99601126,0.08554073,-0.06],[0.08412799,-0.08313631,0.99298078,-0.06]]]
[[[1145.72705078125,0,984.3253173828125],[0,1145.72705078125,575.9371337890625],[0,0,1]],[[0.99738795,0.0326359,-0.06443788,0.03],[-0.02709357,0.99600524,0.08508544,-0.06],[0.06695731,-0.08311734,0.99428779,-0.06]]]
[[[1145.72705078125,0,984.3253173828125],[0,1145.72705078125,575.9371337890625],[0,0,1]],[[0.9980818,0.03214671,-0.05290889,0.03],[-0.02763124,0.99608535,0.08396746,-0.06],[0.05540105,-0.08234446,0.99506289,-0.06]]]
[[[1145.72705078125,0,984.3253173828125],[0,1145.72705078125,575.9371337890625],[0,0,1]],[[0.998272,0.03261579,-0.04888,0.03],[-0.02861295,0.99634665,0.08046506,-0.06],[0.05132585,-0.07892741,0.9955582,-0.06]]]
[[[1145.72705078125,0,984.3253173828125],[0,1145.72705078125,575.9371337890625],[0,0,1]],[[0.99863029,0.03273314,-0.0408181,0.03],[-0.02938456,0.99635375,0.08009861,-0.06],[0.04329114,-0.07878947,0.99595088,-0.06]]]
[[[1145.72705078125,0,984.3253173828125],[0,1145.72705078125,575.9371337890625],[0,0,1]],[[0.99910146,0.02665946,-0.03294769,0.03],[-0.02403869,0.99670029,0.07752867,-0.06],[0.03490584,-0.07666698,0.99644554,-0.06]]]
[[[1145.72705078125,0,984.3253173828125],[0,1145.72705078125,575.9371337890625],[0,0,1]],[[0.99949884,0.02198407,-0.02277699,0.03],[-0.0201425,0.99673831,0.07814737,-0.06],[0.0244207,-0.07764941,0.99668157,-0.06]]]
[[[1145.72705078125,0,984.3253173828125],[0,1145.72705078125,575.9371337890625],[0,0,1]],[[0.99970841,0.01673604,-0.01740642,0.03],[-0.0153092,0.99674892,0.0791029,-0.06],[0.0186737,-0.07881335,0.99671447,-0.06]]]
[[[1145.72705078125,0,984.3253173828125],[0,1145.72705078125,575.9371337890625],[0,0,1]],[[0.99980515,0.01317731,-0.01469831,0.03],[-0.01198056,0.99682379,0.07873215,-0.06],[0.0156891,-0.07854071,0.99678743,-0.06]]]
[[[1145.72705078125,0,984.3253173828125],[0,1145.72705078125,575.9371337890625],[0,0,1]],[[0.99988329,0.0104256,-0.01116962,0.03],[-0.00950661,0.99679852,0.07938702,-0.06],[0.01196152,-0.07927157,0.99678129,-0.06]]]
[[[1145.72705078125,0,984.3253173828125],[0,1145.72705078125,575.9371337890625],[0,0,1]],[[0.9998582,0.01036741,-0.0132719,0.04],[-0.00926303,0.99669313,0.08072792,-0.06],[0.01406495,-0.08059353,0.99664783,-0.05]]]
[[[1145.72705078125,0,984.3253173828125],[0,1145.72705078125,575.9371337890625],[0,0,1]],[[0.99967414,0.01478072,-0.02081097,0.04],[-0.0130036,0.99645793,0.0830816,-0.06],[0.02196526,-0.0827839,0.99632543,-0.05]]]
[[[1145.72705078125,0,984.3253173828125],[0,1145.72705078125,575.9371337890625],[0,0,1]],[[0.99942887,0.01818857,-0.02847929,0.04],[-0.01570905,0.99625802,0.08498928,-0.06],[0.02991856,-0.08449335,0.99597478,-0.05]]]
[[[1145.72705078125,0,984.3253173828125],[0,1145.72705078125,575.9371337890625],[0,0,1]],[[0.99914545,0.01611174,-0.03806245,0.05],[-0.01279707,0.99623215,0.08577731,-0.06],[0.03930106,-0.08521692,0.99558699,-0.05]]]
[[[1145.72705078125,0,984.3253173828125],[0,1145.72705078125,575.9371337890625],[0,0,1]],[[0.99877447,0.01635407,-0.04671316,0.05],[-0.01226367,0.99617237,0.08654588,-0.06],[0.04794974,-0.08586694,0.99515212,-0.05]]]
[[[1145.72705078125,0,984.3253173828125],[0,1145.72705078125,575.9371337890625],[0,0,1]],[[0.99829179,0.01966214,-0.05501773,0.05],[-0.01470458,0.99591374,0.08910456,-0.07],[0.0565449,-0.08814333,0.99450159,-0.05]]]
[[[1145.72705078125,0,984.3253173828125],[0,1145.72705078125,575.9371337890625],[0,0,1]],[[0.99765289,0.02105791,-0.06515585,0.05],[-0.01512363,0.99580282,0.09026643,-0.07],[0.0667832,-0.08906917,0.99378401,-0.06]]]
[[[1145.72705078125,0,984.3253173828125],[0,1145.72705078125,575.9371337890625],[0,0,1]],[[0.99704766,0.02099998,-0.07385744,0.05],[-0.01435228,0.99589127,0.08941267,-0.07],[0.07543164,-0.08808868,0.99325246,-0.06]]]
[[[1145.72705078125,0,984.3253173828125],[0,1145.72705078125,575.9371337890625],[0,0,1]],[[0.99634421,0.02162039,-0.0826486,0.05],[-0.0140169,0.99570692,0.09149473,-0.07],[0.08427193,-0.09000177,0.99236983,-0.05]]]
[[[1145.72705078125,0,984.3253173828125],[0,1145.72705078125,575.9371337890625],[0,0,1]],[[0.99567795,0.02207828,-0.09021085,0.05],[-0.01371197,0.99563402,0.0923302,-0.07],[0.09185549,-0.09069417,0.99163359,-0.05]]]
[[[1145.72705078125,0,984.3253173828125],[0,1145.72705078125,575.9371337890625],[0,0,1]],[[0.99488562,0.01823432,-0.09934838,0.06],[-0.00898516,0.99564779,0.09276196,-0.07],[0.10060744,-0.09139489,0.9907195,-0.05]]]
[[[1145.72705078125,0,984.3253173828125],[0,1145.72705078125,575.9371337890625],[0,0,1]],[[0.99382222,0.01645918,-0.10975637,0.06],[-0.00778297,0.9968431,0.07901441,-0.07],[0.11071039,-0.07767205,0.99081296,-0.06]]]
[[[1145.72705078125,0,984.3253173828125],[0,1145.72705078125,575.9371337890625],[0,0,1]],[[0.9934057,0.01758632,-0.11329529,0.06],[-0.00952164,0.99740702,0.07133455,-0.07],[0.11425602,-0.06978539,0.99099725,-0.06]]]
[[[1145.72705078125,0,984.3253173828125],[0,1145.72705078125,575.9371337890625],[0,0,1]],[[0.99345803,0.01936558,-0.11254372,0.06],[-0.01220097,0.99787503,0.06400423,-0.07],[0.11354405,-0.06221237,0.99158329,-0.06]]]
[[[1145.72705078125,0,984.3253173828125],[0,1145.72705078125,575.9371337890625],[0,0,1]],[[0.99161071,0.00876622,-0.12896243,0.07],[-0.0012705,0.99831045,0.05809114,-0.08],[0.12925377,-0.05743995,0.98994654,-0.06]]]
[[[1145.72705078125,0,984.3253173828125],[0,1145.72705078125,575.9371337890625],[0,0,1]],[[0.98992974,0.03293815,-0.13767432,0.05],[-0.02477402,0.99785471,0.06059912,-0.08],[0.13937499,-0.05657812,0.98862201,-0.06]]]
[[[1145.72705078125,0,984.3253173828125],[0,1145.72705078125,575.9371337890625],[0,0,1]],[[0.98866493,0.031586,-0.14677873,0.07],[-0.02356078,0.99814731,0.05609643,-0.08],[0.14827865,-0.05200235,0.98757744,-0.06]]]
[[[1145.72705078125,0,984.3253173828125],[0,1145.72705078125,575.9371337890625],[0,0,1]],[[0.98768103,0.03702555,-0.15203704,0.07],[-0.02784739,0.99768382,0.06206022,-0.09],[0.15398271,-0.05706187,0.98642451,-0.06]]]
[[[1145.72705078125,0,984.3253173828125],[0,1145.72705078125,575.9371337890625],[0,0,1]],[[0.98678017,0.03241796,-0.15878926,0.07],[-0.02231994,0.99763757,0.0649698,-0.09],[0.16052033,-0.06056675,0.98517251,-0.06]]]
[[[1145.72705078125,0,984.3253173828125],[0,1145.72705078125,575.9371337890625],[0,0,1]],[[0.98532623,0.01962258,-0.16955003,0.08],[-0.0086567,0.99783629,0.06517519,-0.1],[0.17046207,-0.06275108,0.98336411,-0.06]]]
[[[1145.72705078125,0,984.3253173828125],[0,1145.72705078125,575.9371337890625],[0,0,1]],[[0.98430353,0.01807728,-0.17555551,0.08],[-0.00612922,0.99764162,0.06836376,-0.11],[0.17637731,-0.06621467,0.98209298,-0.06]]]
[[[1145.72705078125,0,984.3253173828125],[0,1145.72705078125,575.9371337890625],[0,0,1]],[[0.98296851,0.01494145,-0.18316579,0.08],[-0.00235531,0.99763179,0.06874026,-0.11],[0.18375909,-0.06713811,0.98067582,-0.06]]]
[[[1145.72705078125,0,984.3253173828125],[0,1145.72705078125,575.9371337890625],[0,0,1]],[[9.82109190e-01,1.22071800e-02,-1.87916370e-01,8.00000000e-02],[7.80180097e-04,9.97624397e-01,6.88838437e-02,-1.10000000e-01],[1.88310830e-01,-6.77980700e-02,9.79766550e-01,-6.00000000e-02]]]
[[[1145.72705078125,0,984.3253173828125],[0,1145.72705078125,575.9371337890625],[0,0,1]],[[0.98137701,0.00684243,-0.19196953,0.08],[0.00600468,0.99778426,0.06626114,-0.12],[0.19199757,-0.06617986,0.97916144,-0.06]]]
[[[1145.72705078125,0,984.3253173828125],[0,1145.72705078125,575.9371337890625],[0,0,1]],[[9.80508327e-01,2.65457202e-04,-1.96477264e-01,8.00000000e-02],[1.33244500e-02,9.97607050e-01,6.78427700e-02,-1.20000000e-01],[1.96025100e-01,-6.91383600e-02,9.78158470e-01,-6.00000000e-02]]]
[[[1145.72705078125,0,984.3253173828125],[0,1145.72705078125,575.9371337890625],[0,0,1]],[[0.97966647,-0.00224167,-0.2006205,0.08],[0.01619869,0.99755687,0.06795477,-0.12],[0.19997802,-0.0698228,0.97730935,-0.06]]]
[[[1145.72705078125,0,984.3253173828125],[0,1145.72705078125,575.9371337890625],[0,0,1]],[[0.98040247,-0.00121872,-0.19700116,0.08],[0.01534654,0.99741459,0.07020374,-0.12],[0.19640628,-0.07185122,0.9778865,-0.06]]]
[[[1145.72705078125,0,984.3253173828125],[0,1145.72705078125,575.9371337890625],[0,0,1]],[[0.98078501,-0.00502334,-0.19502698,0.08],[0.01910229,0.99733758,0.07037627,-0.13],[0.19415422,-0.07274946,0.9782697,-0.06]]]
[[[1145.72705078125,0,984.3253173828125],[0,1145.72705078125,575.9371337890625],[0,0,1]],[[0.98126876,-0.00867941,-0.19244821,0.08],[0.02268987,0.99723828,0.07071733,-0.13],[0.19130294,-0.07375932,0.97875571,-0.06]]]
[[[1145.72705078125,0,984.3253173828125],[0,1145.72705078125,575.9371337890625],[0,0,1]],[[0.98160255,-0.00736789,-0.19079342,0.08],[0.0213383,0.99722862,0.07127216,-0.13],[0.18973956,-0.07403214,0.97903937,-0.06]]]
[[[1145.72705078125,0,984.3253173828125],[0,1145.72705078125,575.9371337890625],[0,0,1]],[[0.98185372,-0.00926873,-0.18941307,0.08],[0.02297144,0.99726301,0.07027624,-0.13],[0.18824327,-0.07335208,0.97937936,-0.06]]]
[[[1145.72705078125,0,984.3253173828125],[0,1145.72705078125,575.9371337890625],[0,0,1]],[[0.98140025,-0.01331556,-0.19151053,0.08],[0.02693873,0.99727297,0.06870863,-0.13],[0.19007337,-0.07258971,0.97908264,-0.06]]]
[[[1145.72705078125,0,984.3253173828125],[0,1145.72705078125,575.9371337890625],[0,0,1]],[[0.98090041,-0.01366375,-0.19403012,0.08],[0.02685936,0.99748832,0.06554104,-0.13],[0.19264723,-0.06950075,0.97880369,-0.06]]]
[[[1145.72705078125,0,984.3253173828125],[0,1145.72705078125,575.9371337890625],[0,0,1]],[[0.98108178,-0.01258138,-0.19318433,0.09],[0.02516074,0.99770886,0.06280112,-0.14],[0.19195159,-0.0664737,0.97915059,-0.06]]]
[[[1145.72705078125,0,984.3253173828125],[0,1145.72705078125,575.9371337890625],[0,0,1]],[[0.98115873,-0.01037892,-0.19292423,0.09],[0.02304595,0.99771374,0.06353039,-0.14],[0.19182378,-0.06677953,0.97915483,-0.06]]]
[[[1145.72705078125,0,984.3253173828125],[0,1145.72705078125,575.9371337890625],[0,0,1]],[[0.98073882,-0.00939738,-0.19509767,0.09],[0.02171299,0.99789649,0.06108302,-0.14],[0.19411327,-0.06414264,0.97887987,-0.06]]]
[[[1145.72705078125,0,984.3253173828125],[0,1145.72705078125,575.9371337890625],[0,0,1]],[[0.98065174,-0.01079416,-0.19546255,0.09],[0.02301558,0.99791116,0.06036271,-0.14],[0.19440269,-0.06369349,0.97885174,-0.06]]]
[[[1145.72705078125,0,984.3253173828125],[0,1145.72705078125,575.9371337890625],[0,0,1]],[[0.98134482,-0.00577846,-0.19216901,0.08],[0.01729496,0.99814898,0.05830576,-0.14],[0.19147637,-0.06054161,0.97962826,-0.06]]]
[[[1145.72705078125,0,984.3253173828125],[0,1145.72705078125,575.9371337890625],[0,0,1]],[[0.98169595,-0.00752914,-0.19030595,0.08],[0.01908676,0.99807715,0.05897207,-0.14],[0.18949601,-0.06152496,0.97995204,-0.06]]]
