[[[1144.2352294921875,0,935.9679565429688],[0,1144.2352294921875,504.10003662109375],[0,0,1]],[[0.8249566,0.03367195,-0.56421655,-18.],[0.05858181,0.9877705,0.14460245,-0.44],[0.56217694,-0.15234248,0.81288397,-19.74]]]
[[[1144.2352294921875,0,935.9679565429688],[0,1144.2352294921875,504.10003662109375],[0,0,1]],[[8.4542274e-01,1.2864160e-02,-5.3396899e-01,-1.7990000e+01],[7.8192320e-02,9.8597509e-01,1.4755301e-01,-4.4000000e-01],[5.2837014e-01,-1.6649568e-01,8.3254796e-01,-1.9820000e+01]]]
[[[1144.2352294921875,0,935.9679565429688],[0,1144.2352294921875,504.10003662109375],[0,0,1]],[[8.7375963e-01,9.2873600e-03,-4.8629826e-01,-1.7960000e+01],[6.1047420e-02,9.8983359e-01,1.2859005e-01,-4.4000000e-01],[4.8254114e-01,-1.4204299e-01,8.6429739e-01,-1.9870000e+01]]]
[[[1144.2352294921875,0,935.9679565429688],[0,1144.2352294921875,504.10003662109375],[0,0,1]],[[8.8929021e-01,-1.2400300e-02,-4.5720625e-01,-1.7940000e+01],[7.9871380e-02,9.8849899e-01,1.2854265e-01,-4.2000000e-01],[4.5034668e-01,-1.5082820e-01,8.8004017e-01,-1.9940000e+01]]]
[[[1144.2352294921875,0,935.9679565429688],[0,1144.2352294921875,504.10003662109375],[0,0,1]],[[0.89365536,-0.02707728,-0.44796783,-17.92],[0.08288428,0.99098158,0.10544573,-0.44],[0.44106561,-0.13136068,0.88782758,-20.]]]
[[[1144.2352294921875,0,935.9679565429688],[0,1144.2352294921875,504.10003662109375],[0,0,1]],[[8.9660448e-01,-1.2944890e-02,-4.4267467e-01,-1.7900000e+01],[6.4638270e-02,9.9271029e-01,1.0188931e-01,-4.2000000e-01],[4.3812174e-01,-1.1996731e-01,8.9089251e-01,-2.0080000e+01]]]
[[[1144.2352294921875,0,935.9679565429688],[0,1144.2352294921875,504.10003662109375],[0,0,1]],[[8.97140324e-01,-2.26729549e-04,-4.41777587e-01,-1.79000000e+01],[5.79539700e-02,9.91435170e-01,1.17179810e-01,-4.40000000e-01],[4.37960390e-01,-1.30728570e-01,8.89456750e-01,-2.01400000e+01]]]
[[[1144.2352294921875,0,935.9679565429688],[0,1144.2352294921875,504.10003662109375],[0,0,1]],[[0.87475586,-0.02609962,-0.48388979,-17.9],[0.07992852,0.99265969,0.09094895,-0.41],[0.47795662,-0.11823407,0.87040836,-20.2]]]
[[[1144.2352294921875,0,935.9679565429688],[0,1144.2352294921875,504.10003662109375],[0,0,1]],[[0.83184004,-0.02216438,-0.55459815,-17.91],[0.08768231,0.99191993,0.0918715,-0.4],[0.5480721,-0.12505013,0.82705015,-20.25]]]
[[[1144.2352294921875,0,935.9679565429688],[0,1144.2352294921875,504.10003662109375],[0,0,1]],[[8.1666619e-01,-1.5968540e-02,-5.7691419e-01,-1.7880000e+01],[9.2708860e-02,9.9028248e-01,1.0382512e-01,-3.9000000e-01],[5.6964099e-01,-1.3827470e-01,8.1019855e-01,-2.0270000e+01]]]
[[[1144.2352294921875,0,935.9679565429688],[0,1144.2352294921875,504.10003662109375],[0,0,1]],[[0.82427549,-0.02288128,-0.56575185,-17.84],[0.08545662,0.99278194,0.08435345,-0.4],[0.55972898,-0.11787724,0.82026863,-20.29]]]
[[[1144.2352294921875,0,935.9679565429688],[0,1144.2352294921875,504.10003662109375],[0,0,1]],[[0.85927004,-0.02300177,-0.511033,-17.81],[0.061902,0.99633998,0.05923778,-0.37],[0.50779176,-0.0825353,0.85753572,-20.33]]]
[[[1144.2352294921875,0,935.9679565429688],[0,1144.2352294921875,504.10003662109375],[0,0,1]],[[8.8069540e-01,-1.9817050e-02,-4.7329903e-01,-1.7800000e+01],[7.1493660e-02,9.9325788e-01,9.1443640e-02,-3.4000000e-01],[4.6828818e-01,-1.1437139e-01,8.7616086e-01,-2.0380000e+01]]]
[[[1144.2352294921875,0,935.9679565429688],[0,1144.2352294921875,504.10003662109375],[0,0,1]],[[9.0593922e-01,9.8966100e-03,-4.2332590e-01,-1.7770000e+01],[5.0391610e-02,9.9011987e-01,1.3098663e-01,-3.5000000e-01],[4.2043293e-01,-1.3999709e-01,8.9647603e-01,-2.0410000e+01]]]
[[[1144.2352294921875,0,935.9679565429688],[0,1144.2352294921875,504.10003662109375],[0,0,1]],[[9.3499905e-01,1.2557550e-02,-3.5446870e-01,-1.7770000e+01],[4.5520710e-02,9.8687762e-01,1.5503213e-01,-3.6000000e-01],[3.5175824e-01,-1.6108933e-01,9.2214364e-01,-2.0470000e+01]]]
[[[1144.2352294921875,0,935.9679565429688],[0,1144.2352294921875,504.10003662109375],[0,0,1]],[[9.4143254e-01,8.4343200e-03,-3.3713892e-01,-1.7770000e+01],[5.0238640e-02,9.8504269e-01,1.6492879e-01,-3.9000000e-01],[3.3348173e-01,-1.7220534e-01,9.2691302e-01,-2.0540000e+01]]]
[[[1144.2352294921875,0,935.9679565429688],[0,1144.2352294921875,504.10003662109375],[0,0,1]],[[9.3364733e-01,1.6016830e-02,-3.5787588e-01,-1.7750000e+01],[5.8780620e-02,9.7862780e-01,1.9714756e-01,-3.9000000e-01],[3.5337904e-01,-2.0510054e-01,9.1273725e-01,-2.0630000e+01]]]
[[[1144.2352294921875,0,935.9679565429688],[0,1144.2352294921875,504.10003662109375],[0,0,1]],[[9.2927057e-01,1.9684740e-02,-3.6891416e-01,-1.7740000e+01],[6.0258920e-02,9.7714788e-01,2.0392591e-01,-4.0000000e-01],[3.6449176e-01,-2.1173081e-01,9.0683413e-01,-2.0670000e+01]]]
[[[1144.2352294921875,0,935.9679565429688],[0,1144.2352294921875,504.10003662109375],[0,0,1]],[[9.1010267e-01,-1.1704300e-03,-4.1441637e-01,-1.7720000e+01],[7.8434600e-02,9.8242623e-01,1.6947469e-01,-3.9000000e-01],[4.0692830e-01,-1.8674235e-01,8.9418638e-01,-2.0720000e+01]]]
[[[1144.2352294921875,0,935.9679565429688],[0,1144.2352294921875,504.10003662109375],[0,0,1]],[[8.9020586e-01,-1.4304960e-02,-4.5536608e-01,-1.7720000e+01],[9.7648030e-02,9.8228741e-01,1.6003528e-01,-3.6000000e-01],[4.4500357e-01,-1.8692835e-01,8.7582111e-01,-2.0780000e+01]]]
[[[1144.2352294921875,0,935.9679565429688],[0,1144.2352294921875,504.10003662109375],[0,0,1]],[[9.01112616e-01,5.76319173e-04,-4.33618963e-01,-1.76800000e+01],[8.46403700e-02,9.80547250e-01,1.77194760e-01,-3.70000000e-01],[4.25278810e-01,-1.96372350e-01,8.83520660e-01,-2.08200000e+01]]]
[[[1144.2352294921875,0,935.9679565429688],[0,1144.2352294921875,504.10003662109375],[0,0,1]],[[9.2123473e-01,1.2270640e-02,-3.8885167e-01,-1.7650000e+01],[6.1357720e-02,9.8242867e-01,1.7636356e-01,-3.8000000e-01],[3.8417661e-01,-1.8632965e-01,9.0428019e-01,-2.0860000e+01]]]
[[[1144.2352294921875,0,935.9679565429688],[0,1144.2352294921875,504.10003662109375],[0,0,1]],[[9.5734924e-01,1.8509380e-02,-2.8839129e-01,-1.7600000e+01],[4.4957320e-02,9.7627515e-01,2.1189779e-01,-3.7000000e-01],[2.8546634e-01,-2.1582329e-01,9.3378925e-01,-2.0910000e+01]]]
[[[1144.2352294921875,0,935.9679565429688],[0,1144.2352294921875,504.10003662109375],[0,0,1]],[[9.7756547e-01,-1.4897920e-02,-2.1017551e-01,-1.7600000e+01],[6.5905960e-02,9.6908236e-01,2.3784611e-01,-3.7000000e-01],[2.0013025e-01,-2.4635926e-01,9.4830811e-01,-2.0980000e+01]]]
[[[1144.2352294921875,0,935.9679565429688],[0,1144.2352294921875,504.10003662109375],[0,0,1]],[[0.99364996,-0.02678774,-0.10941713,-17.63],[0.05324703,0.96766078,0.24664156,-0.38],[0.09926959,-0.25089869,0.9629271,-21.03]]]
[[[1144.2352294921875,0,935.9679565429688],[0,1144.2352294921875,504.10003662109375],[0,0,1]],[[9.9753755e-01,-6.4603630e-02,-2.7839060e-02,-1.7640000e+01],[6.9508650e-02,9.6610999e-01,2.4866542e-01,-3.7000000e-01],[1.0830130e-02,-2.4998535e-01,9.6820611e-01,-2.1090000e+01]]]
[[[1144.2352294921875,0,935.9679565429688],[0,1144.2352294921875,504.10003662109375],[0,0,1]],[[9.9687600e-01,-7.8650060e-02,-9.0781200e-03,-1.7660000e+01],[7.8405800e-02,9.6478039e-01,2.5116864e-01,-3.8000000e-01],[-1.0996470e-02,-2.5109291e-01,9.6791756e-01,-2.1140000e+01]]]
[[[1144.2352294921875,0,935.9679565429688],[0,1144.2352294921875,504.10003662109375],[0,0,1]],[[9.9704367e-01,-7.6889240e-02,4.6870700e-03,-1.7670000e+01],[7.1913340e-02,9.5087045e-01,3.0117828e-01,-3.6000000e-01],[-2.7614340e-02,-2.9994717e-01,9.5357347e-01,-2.1230000e+01]]]
[[[1144.2352294921875,0,935.9679565429688],[0,1144.2352294921875,504.10003662109375],[0,0,1]],[[9.9562299e-01,-9.2773830e-02,1.2574650e-02,-1.7690000e+01],[8.5549050e-02,9.5608526e-01,2.8038713e-01,-3.9000000e-01],[-3.8035030e-02,-2.7808082e-01,9.5982176e-01,-2.1280000e+01]]]
[[[1144.2352294921875,0,935.9679565429688],[0,1144.2352294921875,504.10003662109375],[0,0,1]],[[9.9729043e-01,-7.0374890e-02,-2.2128020e-02,-1.7690000e+01],[7.3597550e-02,9.6976429e-01,2.3275653e-01,-3.7000000e-01],[5.0780800e-03,-2.3375183e-01,9.7230029e-01,-2.1330000e+01]]]
[[[1144.2352294921875,0,935.9679565429688],[0,1144.2352294921875,504.10003662109375],[0,0,1]],[[0.99595541,-0.07027911,-0.05625067,-17.68],[0.08163056,0.96851796,0.23525341,-0.34],[0.0379452,-0.23889104,0.97032195,-21.38]]]
[[[1144.2352294921875,0,935.9679565429688],[0,1144.2352294921875,504.10003662109375],[0,0,1]],[[9.9789125e-01,-5.9485750e-02,-2.6550810e-02,-1.7660000e+01],[6.4200500e-02,9.6714222e-01,2.4606721e-01,-3.5000000e-01],[1.1040170e-02,-2.4725012e-01,9.6890610e-01,-2.1430000e+01]]]
[[[1144.2352294921875,0,935.9679565429688],[0,1144.2352294921875,504.10003662109375],[0,0,1]],[[0.99791384,-0.05244534,0.03805086,-17.66],[0.04068244,0.9642126,0.26205736,-0.34],[-0.05043255,-0.2599597,0.96431911,-21.51]]]
[[[1144.2352294921875,0,935.9679565429688],[0,1144.2352294921875,504.10003662109375],[0,0,1]],[[0.99336815,-0.07936542,0.08337519,-17.67],[0.05511224,0.96382391,0.26084709,-0.36],[-0.10106019,-0.25451928,0.96179038,-21.58]]]
[[[1144.2352294921875,0,935.9679565429688],[0,1144.2352294921875,504.10003662109375],[0,0,1]],[[0.98282844,-0.09629392,0.15749948,-17.66],[0.05013898,0.9603591,0.27428275,-0.34],[-0.17766559,-0.26167294,0.94868106,-21.66]]]
[[[1144.2352294921875,0,935.9679565429688],[0,1144.2352294921875,504.10003662109375],[0,0,1]],[[0.9716723,-0.12473269,0.20081043,-17.68],[0.06607568,0.95892668,0.27591336,-0.36],[-0.22697487,-0.25482565,0.93998915,-21.7]]]
[[[1144.2352294921875,0,935.9679565429688],[0,1144.2352294921875,504.10003662109375],[0,0,1]],[[0.96136457,-0.1348321,0.24005975,-17.7],[0.06540103,0.95877564,0.27659845,-0.38],[-0.26745412,-0.25020891,0.93053591,-21.77]]]
[[[1144.2352294921875,0,935.9679565429688],[0,1144.2352294921875,504.10003662109375],[0,0,1]],[[0.96057111,-0.13589817,0.24262135,-17.71],[0.06735466,0.96019197,0.27116352,-0.39],[-0.2698099,-0.24412741,0.93147087,-21.81]]]
[[[1144.2352294921875,0,935.9679565429688],[0,1144.2352294921875,504.10003662109375],[0,0,1]],[[0.9654147,-0.13395467,0.22374322,-17.73],[0.06824354,0.95787501,0.2790215,-0.4],[-0.25169086,-0.25409955,0.93387306,-21.89]]]
[[[1144.2352294921875,0,935.9679565429688],[0,1144.2352294921875,504.10003662109375],[0,0,1]],[[0.9683764,-0.11639177,0.2207503,-17.72],[0.05448298,0.96185529,0.26814306,-0.42],[-0.24353616,-0.24763344,0.93776405,-21.93]]]
[[[1144.2352294921875,0,935.9679565429688],[0,1144.2352294921875,504.10003662109375],[0,0,1]],[[0.97570509,-0.12055016,0.18302543,-17.74],[0.06691119,0.95912284,0.27502996,-0.4],[-0.20869598,-0.25609863,0.94387156,-21.99]]]
[[[1144.2352294921875,0,935.9679565429688],[0,1144.2352294921875,504.10003662109375],[0,0,1]],[[0.98179418,-0.11201391,0.15350682,-17.73],[0.06759904,0.96084398,0.26878408,-0.41],[-0.17760132,-0.25351068,0.95090711,-22.06]]]
[[[1144.2352294921875,0,935.9679565429688],[0,1144.2352294921875,504.10003662109375],[0,0,1]],[[0.98338085,-0.09664559,0.15379554,-17.7],[0.05290848,0.96240538,0.26648161,-0.44],[-0.17376561,-0.25391281,0.95150846,-22.13]]]
[[[1144.2352294921875,0,935.9679565429688],[0,1144.2352294921875,504.10003662109375],[0,0,1]],[[0.97480577,-0.08190846,0.20754778,-17.69],[0.02834439,0.96812165,0.24894378,-0.47],[-0.22131896,-0.23678631,0.94603634,-22.21]]]
[[[1144.2352294921875,0,935.9679565429688],[0,1144.2352294921875,504.10003662109375],[0,0,1]],[[0.96050465,-0.08528136,0.2649323,-17.72],[0.02269851,0.97274637,0.23083548,-0.48],[-0.27739385,-0.21570265,0.93624765,-22.28]]]
[[[1144.2352294921875,0,935.9679565429688],[0,1144.2352294921875,504.10003662109375],[0,0,1]],[[0.95319396,-0.10589455,0.28326505,-17.74],[0.03855045,0.97161043,0.23350169,-0.48],[-0.29994541,-0.21165006,0.93019986,-22.37]]]
[[[1144.2352294921875,0,935.9679565429688],[0,1144.2352294921875,504.10003662109375],[0,0,1]],[[9.3515158e-01,-8.6923140e-02,3.4346378e-01,-1.7730000e+01],[1.0415120e-02,9.7577918e-01,2.1859288e-01,-5.0000000e-01],[-3.5414016e-01,-2.0083816e-01,9.1339135e-01,-2.2470000e+01]]]
[[[1144.2352294921875,0,935.9679565429688],[0,1144.2352294921875,504.10003662109375],[0,0,1]],[[0.92344028,-0.09914838,0.3707549,-17.78],[0.0257298,0.97989035,0.19796178,-0.5],[-0.38292092,-0.17326483,0.90740597,-22.53]]]
[[[1144.2352294921875,0,935.9679565429688],[0,1144.2352294921875,504.10003662109375],[0,0,1]],[[0.92742908,-0.11242817,0.35674497,-17.82],[0.04726332,0.98135376,0.18640511,-0.55],[-0.37104467,-0.15601535,0.9154343,-22.63]]]
[[[1144.2352294921875,0,935.9679565429688],[0,1144.2352294921875,504.10003662109375],[0,0,1]],[[0.93877971,-0.13260731,0.31802478,-17.86],[0.0676967,0.97598755,0.20712689,-0.56],[-0.33784977,-0.1729157,0.92519885,-22.78]]]
[[[1144.2352294921875,0,935.9679565429688],[0,1144.2352294921875,504.10003662109375],[0,0,1]],[[0.94544375,-0.12483013,0.30097428,-17.92],[0.06911533,0.97953027,0.18915541,-0.6],[-0.31842101,-0.15803257,0.93470275,-22.9]]]
[[[1144.2352294921875,0,935.9679565429688],[0,1144.2352294921875,504.10003662109375],[0,0,1]],[[0.96482438,-0.0948223,0.2452645,-17.93],[0.05395308,0.98427761,0.1682952,-0.61],[-0.25736269,-0.14914151,0.95475483,-22.99]]]
[[[1144.2352294921875,0,935.9679565429688],[0,1144.2352294921875,504.10003662109375],[0,0,1]],[[0.9803676,-0.09988849,0.1700992,-17.96],[0.06991543,0.98229909,0.17388782,-0.61],[-0.18445513,-0.15858026,0.96998161,-23.07]]]
[[[1144.2352294921875,0,935.9679565429688],[0,1144.2352294921875,504.10003662109375],[0,0,1]],[[0.98529834,-0.0905674,0.14497289,-17.96],[0.06673048,0.98461866,0.16158579,-0.65],[-0.15737531,-0.14953503,0.9761703,-23.14]]]
[[[1144.2352294921875,0,935.9679565429688],[0,1144.2352294921875,504.10003662109375],[0,0,1]],[[0.98434454,-0.07026922,0.16174263,-17.94],[0.04813788,0.98943293,0.13690296,-0.68],[-0.16965118,-0.12697309,0.97730893,-23.2]]]
[[[1144.2352294921875,0,935.9679565429688],[0,1144.2352294921875,504.10003662109375],[0,0,1]],[[0.97919017,-0.07401098,0.18905398,-17.97],[0.04297728,0.985663,0.16327398,-0.65],[-0.19842473,-0.15175022,0.96831602,-23.28]]]
[[[1144.2352294921875,0,935.9679565429688],[0,1144.2352294921875,504.10003662109375],[0,0,1]],[[0.96700543,-0.10115563,0.23388107,-17.97],[0.06226874,0.98382694,0.16805996,-0.67],[-0.24709508,-0.14795038,0.95764875,-23.31]]]
[[[1144.2352294921875,0,935.9679565429688],[0,1144.2352294921875,504.10003662109375],[0,0,1]],[[0.94533104,-0.09928994,0.3106814,-17.99],[0.0423365,0.9818508,0.18496925,-0.67],[-0.32340339,-0.1617028,0.93236196,-23.39]]]
[[[1144.2352294921875,0,935.9679565429688],[0,1144.2352294921875,504.10003662109375],[0,0,1]],[[0.93352973,-0.10509275,0.34279707,-18.01],[0.04713555,0.98377025,0.17323755,-0.69],[-0.35543406,-0.1455635,0.92331684,-23.44]]]
[[[1144.2352294921875,0,935.9679565429688],[0,1144.2352294921875,504.10003662109375],[0,0,1]],[[0.94087267,-0.10238898,0.32296646,-18.04],[0.05394827,0.98637325,0.15554549,-0.71],[-0.33448648,-0.12892416,0.93355966,-23.49]]]
[[[1144.2352294921875,0,935.9679565429688],[0,1144.2352294921875,504.10003662109375],[0,0,1]],[[0.95618731,-0.11234486,0.27040085,-18.07],[0.07214446,0.98540568,0.1542979,-0.69],[-0.28378481,-0.12802905,0.95032138,-23.54]]]
[[[1144.2352294921875,0,935.9679565429688],[0,1144.2352294921875,504.10003662109375],[0,0,1]],[[0.97142053,-0.10193124,0.21444064,-18.06],[0.06988496,0.9859159,0.15206344,-0.7],[-0.22691704,-0.1327306,0.96484578,-23.59]]]
[[[1144.2352294921875,0,935.9679565429688],[0,1144.2352294921875,504.10003662109375],[0,0,1]],[[0.99094915,-0.08430455,0.10461996,-18.07],[0.06779126,0.98600483,0.15243411,-0.69],[-0.11600515,-0.14396119,0.98277873,-23.63]]]
[[[1144.2352294921875,0,935.9679565429688],[0,1144.2352294921875,504.10003662109375],[0,0,1]],[[0.99722952,-0.06793472,0.03083417,-18.06],[0.06273512,0.98727489,0.14625296,-0.68],[-0.04037721,-0.14391248,0.98878461,-23.65]]]
[[[1144.2352294921875,0,935.9679565429688],[0,1144.2352294921875,504.10003662109375],[0,0,1]],[[9.9722421e-01,-6.8728090e-02,-2.9201720e-02,-1.8010000e+01],[7.2218320e-02,9.8710608e-01,1.4298071e-01,-7.0000000e-01],[1.8997630e-02,-1.4469174e-01,9.8931271e-01,-2.3680000e+01]]]
[[[1144.2352294921875,0,935.9679565429688],[0,1144.2352294921875,504.10003662109375],[0,0,1]],[[9.9793810e-01,-6.2066180e-02,-1.7314750e-02,-1.8000000e+01],[6.3704450e-02,9.9071175e-01,1.2028876e-01,-7.1000000e-01],[9.6874600e-03,-1.2114316e-01,9.9260598e-01,-2.3710000e+01]]]
[[[1144.2352294921875,0,935.9679565429688],[0,1144.2352294921875,504.10003662109375],[0,0,1]],[[0.99797589,-0.05443808,0.03336038,-18.],[0.04851093,0.9862377,0.15817536,-0.69],[-0.04151173,-0.15623553,0.98686546,-23.75]]]
[[[1144.2352294921875,0,935.9679565429688],[0,1144.2352294921875,504.10003662109375],[0,0,1]],[[0.99250227,-0.07750729,0.09467876,-18.],[0.06047076,0.98340642,0.17115144,-0.67],[-0.10637181,-0.16414143,0.98070323,-23.82]]]
[[[1144.2352294921875,0,935.9679565429688],[0,1144.2352294921875,504.10003662109375],[0,0,1]],[[0.98532486,-0.07309234,0.15435275,-18.],[0.04317953,0.98105919,0.18893501,-0.69],[-0.16523649,-0.17949571,0.96980131,-23.86]]]
[[[1144.2352294921875,0,935.9679565429688],[0,1144.2352294921875,504.10003662109375],[0,0,1]],[[0.9824475,-0.0830405,0.16713476,-18.01],[0.05546367,0.98502177,0.16338398,-0.7],[-0.17819622,-0.15124498,0.97232085,-23.9]]]
[[[1144.2352294921875,0,935.9679565429688],[0,1144.2352294921875,504.10003662109375],[0,0,1]],[[0.98434669,-0.10291088,0.14319186,-18.02],[0.08207317,0.9861123,0.14451802,-0.7],[-0.15607348,-0.13050267,0.97910535,-23.96]]]
[[[1144.2352294921875,0,935.9679565429688],[0,1144.2352294921875,504.10003662109375],[0,0,1]],[[0.98886704,-0.11241548,0.09766214,-18.02],[0.09964887,0.98690289,0.12701204,-0.69],[-0.11065971,-0.11586532,0.98710024,-24.02]]]
[[[1144.2352294921875,0,935.9679565429688],[0,1144.2352294921875,504.10003662109375],[0,0,1]],[[0.99295777,-0.11155388,0.04028887,-18.03],[0.10626453,0.98761678,0.11558652,-0.7],[-0.05268366,-0.11049047,0.99249852,-24.05]]]
[[[1144.2352294921875,0,935.9679565429688],[0,1144.2352294921875,504.10003662109375],[0,0,1]],[[9.9345434e-01,-1.1383762e-01,-1.1061170e-02,-1.8010000e+01],[1.1427201e-01,9.8381639e-01,1.3815463e-01,-6.8000000e-01],[-4.8454800e-03,-1.3851309e-01,9.9036747e-01,-2.4090000e+01]]]
[[[1144.2352294921875,0,935.9679565429688],[0,1144.2352294921875,504.10003662109375],[0,0,1]],[[0.99034911,-0.11739802,-0.07388864,-17.99],[0.12669183,0.98243803,0.13712934,-0.68],[0.05649079,-0.14516558,0.98781234,-24.14]]]
[[[1144.2352294921875,0,935.9679565429688],[0,1144.2352294921875,504.10003662109375],[0,0,1]],[[0.98740309,-0.11187129,-0.11204031,-17.97],[0.12681258,0.98250079,0.13656607,-0.7],[0.09479972,-0.1490524,0.98429352,-24.2]]]
[[[1144.2352294921875,0,935.9679565429688],[0,1144.2352294921875,504.10003662109375],[0,0,1]],[[0.98814231,-0.10317186,-0.11385733,-17.95],[0.11713177,0.98541224,0.12362373,-0.69],[0.09943968,-0.13549289,0.98579466,-24.28]]]
[[[1144.2352294921875,0,935.9679565429688],[0,1144.2352294921875,504.10003662109375],[0,0,1]],[[0.98595107,-0.11815901,-0.11820385,-17.95],[0.13220149,0.98407382,0.11900124,-0.7],[0.10225793,-0.13295493,0.98585188,-24.34]]]
[[[1144.2352294921875,0,935.9679565429688],[0,1144.2352294921875,504.10003662109375],[0,0,1]],[[0.98921555,-0.1103303,-0.09650417,-17.94],[0.12437913,0.98017913,0.154332,-0.69],[0.07756202,-0.16466889,0.9833138,-24.39]]]
[[[1144.2352294921875,0,935.9679565429688],[0,1144.2352294921875,504.10003662109375],[0,0,1]],[[0.98867011,-0.11998447,-0.09038152,-17.95],[0.13213485,0.98083913,0.14329973,-0.71],[0.07145423,-0.15361705,0.9855628,-24.44]]]
[[[1144.2352294921875,0,935.9679565429688],[0,1144.2352294921875,504.10003662109375],[0,0,1]],[[0.98197442,-0.12332212,-0.14335878,-17.97],[0.14088292,0.98279929,0.11957332,-0.73],[0.12614411,-0.13761339,0.98243994,-24.5]]]
[[[1144.2352294921875,0,935.9679565429688],[0,1144.2352294921875,504.10003662109375],[0,0,1]],[[0.96776521,-0.12488017,-0.2187907,-17.98],[0.1533519,0.98108143,0.11833388,-0.71],[0.19986984,-0.14806983,0.96858954,-24.56]]]
[[[1144.2352294921875,0,935.9679565429688],[0,1144.2352294921875,504.10003662109375],[0,0,1]],[[0.9617129,-0.11256012,-0.2499449,-17.97],[0.14327285,0.98376721,0.10823885,-0.73],[0.23369952,-0.13990358,0.96221101,-24.59]]]
[[[1144.2352294921875,0,935.9679565429688],[0,1144.2352294921875,504.10003662109375],[0,0,1]],[[0.94705898,-0.10774837,-0.30249563,-17.98],[0.14618978,0.98343045,0.1073955,-0.7],[0.28590605,-0.14593011,0.94710118,-24.63]]]
[[[1144.2352294921875,0,935.9679565429688],[0,1144.2352294921875,504.10003662109375],[0,0,1]],[[0.9282124,-0.09498384,-0.35976949,-17.98],[0.14460453,0.98297197,0.11356343,-0.7],[0.34284988,-0.15743357,0.92612505,-24.68]]]
[[[1144.2352294921875,0,935.9679565429688],[0,1144.2352294921875,504.10003662109375],[0,0,1]],[[0.9216373,-0.06392875,-0.3827951,-17.96],[0.1315113,0.9794482,0.15305886,-0.71],[0.365136,-0.19140433,0.91108692,-24.72]]]
[[[1144.2352294921875,0,935.9679565429688],[0,1144.2352294921875,504.10003662109375],[0,0,1]],[[0.92693901,-0.06185964,-0.3701241,-17.93],[0.12525871,0.98077434,0.14977735,-0.74],[0.35373604,-0.18519354,0.91684979,-24.76]]]
[[[1144.2352294921875,0,935.9679565429688],[0,1144.2352294921875,504.10003662109375],[0,0,1]],[[0.94976348,-0.05699048,-0.3077918,-17.92],[0.10828631,0.98241502,0.1522375,-0.72],[0.29369739,-0.1779172,0.93921602,-24.84]]]
[[[1144.2352294921875,0,935.9679565429688],[0,1144.2352294921875,504.10003662109375],[0,0,1]],[[0.96897531,-0.08087704,-0.23362374,-17.91],[0.11880467,0.98106098,0.15312167,-0.72],[0.21681064,-0.17612471,0.96021485,-24.91]]]
[[[1144.2352294921875,0,935.9679565429688],[0,1144.2352294921875,504.10003662109375],[0,0,1]],[[0.99008751,-0.08910704,-0.108724,-17.91],[0.10636741,0.98056591,0.1649776,-0.72],[0.09190831,-0.17490494,0.98030627,-24.97]]]
[[[1144.2352294921875,0,935.9679565429688],[0,1144.2352294921875,504.10003662109375],[0,0,1]],[[0.99175495,-0.11497548,-0.05689543,-17.94],[0.1231728,0.97741127,0.17186271,-0.73],[0.03584918,-0.17745163,0.98349649,-25.03]]]
[[[1144.2352294921875,0,935.9679565429688],[0,1144.2352294921875,504.10003662109375],[0,0,1]],[[9.9197507e-01,-1.2187564e-01,-3.4152460e-02,-1.7950000e+01],[1.2584779e-01,9.7853643e-01,1.6330975e-01,-7.5000000e-01],[1.3515250e-02,-1.6629539e-01,9.8600358e-01,-2.5090000e+01]]]
[[[1144.2352294921875,0,935.9679565429688],[0,1144.2352294921875,504.10003662109375],[0,0,1]],[[9.9171805e-01,-1.2557578e-01,-2.7580590e-02,-1.7970000e+01],[1.2856480e-01,9.7053206e-01,2.0391142e-01,-7.2000000e-01],[1.1610300e-03,-2.0576598e-01,9.7862095e-01,-2.5170000e+01]]]
[[[1144.2352294921875,0,935.9679565429688],[0,1144.2352294921875,504.10003662109375],[0,0,1]],[[9.9301392e-01,-1.1802782e-01,-5.2478500e-03,-1.7960000e+01],[1.1710482e-01,9.7741568e-01,1.7603052e-01,-7.6000000e-01],[-1.5647310e-02,-1.7541333e-01,9.8439091e-01,-2.5190000e+01]]]
[[[1144.2352294921875,0,935.9679565429688],[0,1144.2352294921875,504.10003662109375],[0,0,1]],[[9.9220920e-01,-1.1613046e-01,-4.5492100e-02,-1.7990000e+01],[1.2226586e-01,9.7770870e-01,1.7081821e-01,-7.1000000e-01],[2.4639930e-02,-1.7504759e-01,9.8427218e-01,-2.5230000e+01]]]
[[[1144.2352294921875,0,935.9679565429688],[0,1144.2352294921875,504.10003662109375],[0,0,1]],[[0.98948556,-0.11062611,-0.09335448,-18.],[0.12576209,0.97634667,0.17599231,-0.71],[0.07167524,-0.18588021,0.97997534,-25.27]]]
[[[1144.2352294921875,0,935.9679565429688],[0,1144.2352294921875,504.10003662109375],[0,0,1]],[[0.98812056,-0.11611052,-0.10085178,-17.97],[0.13281246,0.97488952,0.17886792,-0.72],[0.07754903,-0.19013526,0.97871107,-25.31]]]
[[[1144.2352294921875,0,935.9679565429688],[0,1144.2352294921875,504.10003662109375],[0,0,1]],[[0.99021459,-0.11586241,-0.07801228,-17.96],[0.12728305,0.97851402,0.1623321,-0.73],[0.05752645,-0.17067142,0.98366803,-25.36]]]
[[[1144.2352294921875,0,935.9679565429688],[0,1144.2352294921875,504.10003662109375],[0,0,1]],[[9.9290818e-01,-1.1707049e-01,-2.1517460e-02,-1.7950000e+01],[1.1901850e-01,9.7365588e-01,1.9460563e-01,-7.1000000e-01],[-1.8323300e-03,-1.9578412e-01,9.8066616e-01,-2.5450000e+01]]]
[[[1144.2352294921875,0,935.9679565429688],[0,1144.2352294921875,504.10003662109375],[0,0,1]],[[0.98919672,-0.14364484,0.02985108,-17.96],[0.13329697,0.96493959,0.22619967,-0.71],[-0.06129618,-0.21977416,0.9736442,-25.52]]]
[[[1144.2352294921875,0,935.9679565429688],[0,1144.2352294921875,504.10003662109375],[0,0,1]],[[0.98047978,-0.15177092,0.1251394,-17.95],[0.11677447,0.96103764,0.25062555,-0.74],[-0.15829879,-0.23111731,0.95998293,-25.57]]]
[[[1144.2352294921875,0,935.9679565429688],[0,1144.2352294921875,504.10003662109375],[0,0,1]],[[0.96918952,-0.15852325,0.1886189,-17.97],[0.11581919,0.96882117,0.21912187,-0.76],[-0.21747024,-0.1905228,0.95731342,-25.62]]]
[[[1144.2352294921875,0,935.9679565429688],[0,1144.2352294921875,504.10003662109375],[0,0,1]],[[0.96307677,-0.17672828,0.20318782,-18.],[0.13636801,0.9707045,0.19793832,-0.78],[-0.23221271,-0.16291986,0.95894498,-25.68]]]
[[[1144.2352294921875,0,935.9679565429688],[0,1144.2352294921875,504.10003662109375],[0,0,1]],[[0.95268959,-0.2146596,0.21526477,-18.01],[0.16411914,0.95922732,0.2301974,-0.75],[-0.25589758,-0.18397555,0.9490577,-25.76]]]
[[[1144.2352294921875,0,935.9679565429688],[0,1144.2352294921875,504.10003662109375],[0,0,1]],[[0.95102495,-0.20060983,0.23524867,-18.04],[0.14662421,0.9625603,0.22808367,-0.76],[-0.27219218,-0.18241812,0.9448154,-25.81]]]
[[[1144.2352294921875,0,935.9679565429688],[0,1144.2352294921875,504.10003662109375],[0,0,1]],[[0.95766383,-0.17308848,0.23011991,-18.02],[0.1195124,0.9660244,0.22925264,-0.77],[-0.26197785,-0.19204257,0.94579506,-25.84]]]
[[[1144.2352294921875,0,935.9679565429688],[0,1144.2352294921875,504.10003662109375],[0,0,1]],[[0.97258145,-0.14962436,0.17813678,-18.03],[0.1089851,0.96956265,0.21934803,-0.77],[-0.20553103,-0.19391733,0.95926756,-25.91]]]
[[[1144.2352294921875,0,935.9679565429688],[0,1144.2352294921875,504.10003662109375],[0,0,1]],[[0.97099853,-0.14418668,0.19080643,-18.03],[0.10297436,0.97215492,0.21060359,-0.79],[-0.21585593,-0.18484551,0.9587906,-25.96]]]
[[[1144.2352294921875,0,935.9679565429688],[0,1144.2352294921875,504.10003662109375],[0,0,1]],[[0.96258765,-0.13119008,0.23716918,-18.01],[0.08904926,0.97956997,0.18043172,-0.81],[-0.25599021,-0.15256013,0.95458657,-26.02]]]
[[[1144.2352294921875,0,935.9679565429688],[0,1144.2352294921875,504.10003662109375],[0,0,1]],[[0.94649267,-0.14899039,0.28633702,-18.04],[0.09614088,0.9769783,0.19056019,-0.8],[-0.30813128,-0.15283369,0.93900907,-26.07]]]
[[[1144.2352294921875,0,935.9679565429688],[0,1144.2352294921875,504.10003662109375],[0,0,1]],[[0.92953962,-0.18103378,0.3212758,-18.07],[0.09498817,0.9593693,0.26576447,-0.76],[-0.35632816,-0.21651852,0.90895051,-26.16]]]
[[[1144.2352294921875,0,935.9679565429688],[0,1144.2352294921875,504.10003662109375],[0,0,1]],[[0.90892023,-0.17314152,0.37936956,-18.07],[0.06088854,0.95510328,0.29002309,-0.78],[-0.41254467,-0.2405054,0.87863821,-26.2]]]
[[[1144.2352294921875,0,935.9679565429688],[0,1144.2352294921875,504.10003662109375],[0,0,1]],[[0.88166624,-0.19568996,0.42942426,-18.11],[0.07273187,0.95546359,0.28608096,-0.81],[-0.46627396,-0.22099218,0.8566165,-26.24]]]
[[[1144.2352294921875,0,935.9679565429688],[0,1144.2352294921875,504.10003662109375],[0,0,1]],[[0.88431031,-0.20538935,0.41934007,-18.15],[0.09531325,0.95857376,0.26850522,-0.83],[-0.45710808,-0.19747089,0.86723626,-26.28]]]
[[[1144.2352294921875,0,935.9679565429688],[0,1144.2352294921875,504.10003662109375],[0,0,1]],[[0.89688009,-0.21605507,0.38595596,-18.19],[0.11132885,0.95477653,0.27577335,-0.81],[-0.42807609,-0.2043651,0.88035625,-26.32]]]
[[[1144.2352294921875,0,935.9679565429688],[0,1144.2352294921875,504.10003662109375],[0,0,1]],[[0.89975578,-0.21573935,0.37938344,-18.19],[0.11089755,0.95378089,0.27936912,-0.82],[-0.42211187,-0.20928869,0.88207757,-26.37]]]
[[[1144.2352294921875,0,935.9679565429688],[0,1144.2352294921875,504.10003662109375],[0,0,1]],[[0.91025305,-0.21376558,0.35465389,-18.21],[0.11214682,0.95172358,0.28581229,-0.83],[-0.39862204,-0.2203854,0.89026511,-26.42]]]
[[[1144.2352294921875,0,935.9679565429688],[0,1144.2352294921875,504.10003662109375],[0,0,1]],[[0.92955518,-0.20631263,0.30561048,-18.24],[0.11273711,0.94816327,0.29718664,-0.82],[-0.35107571,-0.24179454,0.90461171,-26.48]]]
[[[1144.2352294921875,0,935.9679565429688],[0,1144.2352294921875,504.10003662109375],[0,0,1]],[[0.93850535,-0.18983953,0.28845075,-18.22],[0.10482755,0.95254892,0.28584045,-0.85],[-0.32902139,-0.23802204,0.91385514,-26.52]]]
[[[1144.2352294921875,0,935.9679565429688],[0,1144.2352294921875,504.10003662109375],[0,0,1]],[[0.93564278,-0.1806024,0.30329949,-18.22],[0.1026479,0.96129787,0.25575918,-0.87],[-0.33774579,-0.20816353,0.91795242,-26.58]]]
[[[1144.2352294921875,0,935.9679565429688],[0,1144.2352294921875,504.10003662109375],[0,0,1]],[[0.93042195,-0.17621267,0.32140175,-18.24],[0.08629172,0.95753503,0.27517837,-0.83],[-0.35623693,-0.2282947,0.90610021,-26.63]]]
[[[1144.2352294921875,0,935.9679565429688],[0,1144.2352294921875,504.10003662109375],[0,0,1]],[[0.91438919,-0.21079439,0.34567776,-18.29],[0.11231716,0.95235169,0.28364414,-0.84],[-0.38899034,-0.22053277,0.89447898,-26.67]]]
[[[1144.2352294921875,0,935.9679565429688],[0,1144.2352294921875,504.10003662109375],[0,0,1]],[[0.88079107,-0.2164003,0.42120409,-18.29],[0.08989529,0.94972992,0.29995796,-0.85],[-0.46493262,-0.2263332,0.85595089,-26.73]]]
[[[1144.2352294921875,0,935.9679565429688],[0,1144.2352294921875,504.10003662109375],[0,0,1]],[[0.85953754,-0.23040281,0.45622885,-18.34],[0.09844713,0.9505657,0.29457748,-0.87],[-0.5015378,-0.20828341,0.83971363,-26.78]]]
[[[1144.2352294921875,0,935.9679565429688],[0,1144.2352294921875,504.10003662109375],[0,0,1]],[[0.85996819,-0.23476368,0.45318371,-18.38],[0.10425968,0.95003074,0.29430324,-0.89],[-0.49962094,-0.2058401,0.84145701,-26.83]]]
[[[1144.2352294921875,0,935.9679565429688],[0,1144.2352294921875,504.10003662109375],[0,0,1]],[[0.87290245,-0.25499067,0.41599986,-18.44],[0.10941358,0.93317878,0.34241661,-0.88],[-0.47550637,-0.2533769,0.84245771,-26.87]]]
[[[1144.2352294921875,0,935.9679565429688],[0,1144.2352294921875,504.10003662109375],[0,0,1]],[[0.87677503,-0.23741558,0.41825145,-18.45],[0.10018125,0.9407593,0.32400435,-0.91],[-0.47038877,-0.2421748,0.84860295,-26.91]]]
[[[1144.2352294921875,0,935.9679565429688],[0,1144.2352294921875,504.10003662109375],[0,0,1]],[[0.90508735,-0.20600006,0.37204245,-18.47],[0.08686502,0.94597185,0.31246597,-0.9],[-0.41630185,-0.25048816,0.87406504,-26.96]]]
[[[1144.2352294921875,0,935.9679565429688],[0,1144.2352294921875,504.10003662109375],[0,0,1]],[[0.92525619,-0.21346769,0.31363583,-18.49],[0.11192153,0.94349408,0.31198663,-0.9],[-0.36250582,-0.25356153,0.89684856,-27.]]]
[[[1144.2352294921875,0,935.9679565429688],[0,1144.2352294921875,504.10003662109375],[0,0,1]],[[0.93042958,-0.20719077,0.30233717,-18.48],[0.10989643,0.9446578,0.30917221,-0.92],[-0.34965628,-0.25443375,0.90169013,-27.05]]]
[[[1144.2352294921875,0,935.9679565429688],[0,1144.2352294921875,504.10003662109375],[0,0,1]],[[0.91821778,-0.18560258,0.34994698,-18.47],[0.07865968,0.95129514,0.29815042,-0.94],[-0.38823298,-0.24623699,0.88807875,-27.11]]]
[[[1144.2352294921875,0,935.9679565429688],[0,1144.2352294921875,504.10003662109375],[0,0,1]],[[0.89419127,-0.21520069,0.39261401,-18.5],[0.08065246,0.9400062,0.33155203,-0.96],[-0.44040155,-0.26480201,0.85788566,-27.17]]]
[[[1144.2352294921875,0,935.9679565429688],[0,1144.2352294921875,504.10003662109375],[0,0,1]],[[0.87660903,-0.24285698,0.41546628,-18.54],[0.09248197,0.93226504,0.34981719,-0.93],[-0.47227144,-0.26822612,0.83967596,-27.23]]]
[[[1144.2352294921875,0,935.9679565429688],[0,1144.2352294921875,504.10003662109375],[0,0,1]],[[0.83594394,-0.24688575,0.49018383,-18.57],[0.07454005,0.93592894,0.34427267,-0.94],[-0.54376316,-0.25125086,0.80077207,-27.27]]]
[[[1144.2352294921875,0,935.9679565429688],[0,1144.2352294921875,504.10003662109375],[0,0,1]],[[0.8077606,-0.25990269,0.52915823,-18.62],[0.07751289,0.93662542,0.34171283,-0.96],[-0.58442426,-0.23500238,0.77670038,-27.31]]]
[[[1144.2352294921875,0,935.9679565429688],[0,1144.2352294921875,504.10003662109375],[0,0,1]],[[0.80859739,-0.26798081,0.52382427,-18.66],[0.09496915,0.93805021,0.33329543,-0.98],[-0.58067936,-0.21975176,0.78394008,-27.34]]]
[[[1144.2352294921875,0,935.9679565429688],[0,1144.2352294921875,504.10003662109375],[0,0,1]],[[0.82129204,-0.28756201,0.49277055,-18.72],[0.10492197,0.92510539,0.36498564,-0.96],[-0.56081021,-0.24805389,0.78993839,-27.39]]]
[[[1144.2352294921875,0,935.9679565429688],[0,1144.2352294921875,504.10003662109375],[0,0,1]],[[0.82286698,-0.26471752,0.50284171,-18.73],[0.08236437,0.9311049,0.35539106,-1.],[-0.56226599,-0.25101984,0.78796405,-27.42]]]
[[[1144.2352294921875,0,935.9679565429688],[0,1144.2352294921875,504.10003662109375],[0,0,1]],[[0.85595405,-0.24482217,0.45545569,-18.77],[0.0861723,0.93605107,0.34121233,-0.99],[-0.50985646,-0.25281087,0.82229823,-27.47]]]
[[[1144.2352294921875,0,935.9679565429688],[0,1144.2352294921875,504.10003662109375],[0,0,1]],[[0.88905352,-0.24687299,0.38558111,-18.8],[0.11084458,0.93319511,0.3419112,-0.98],[-0.44422275,-0.26123405,0.85700899,-27.51]]]
[[[1144.2352294921875,0,935.9679565429688],[0,1144.2352294921875,504.10003662109375],[0,0,1]],[[0.90082186,-0.2401062,0.36180723,-18.8],[0.11975113,0.93828928,0.32452422,-1.01],[-0.41739237,-0.2490081,0.87396812,-27.55]]]
[[[1144.2352294921875,0,935.9679565429688],[0,1144.2352294921875,504.10003662109375],[0,0,1]],[[0.89582604,-0.22750187,0.3818039,-18.79],[0.11587037,0.94891602,0.29355672,-1.02],[-0.42907661,-0.21873292,0.87640792,-27.61]]]
[[[1144.2352294921875,0,935.9679565429688],[0,1144.2352294921875,504.10003662109375],[0,0,1]],[[0.8781625,-0.23777516,0.41512588,-18.84],[0.10472116,0.94225317,0.31817552,-1.03],[-0.46679926,-0.23593391,0.85233533,-27.67]]]
[[[1144.2352294921875,0,935.9679565429688],[0,1144.2352294921875,504.10003662109375],[0,0,1]],[[0.84628499,-0.25296971,0.46887532,-18.87],[0.08921099,0.93496001,0.34341609,-1.03],[-0.52524382,-0.24879527,0.81379479,-27.75]]]
[[[1144.2352294921875,0,935.9679565429688],[0,1144.2352294921875,504.10003662109375],[0,0,1]],[[0.79792833,-0.26311192,0.54232705,-18.92],[0.06933324,0.93381518,0.35103482,-1.05],[-0.59878349,-0.24249567,0.76334542,-27.79]]]
[[[1144.2352294921875,0,935.9679565429688],[0,1144.2352294921875,504.10003662109375],[0,0,1]],[[0.77682984,-0.26865339,0.56955856,-18.96],[0.06241061,0.93284601,0.35488978,-1.07],[-0.62664092,-0.24013886,0.74141526,-27.82]]]
[[[1144.2352294921875,0,935.9679565429688],[0,1144.2352294921875,504.10003662109375],[0,0,1]],[[0.76932758,-0.28519693,0.57169396,-19.01],[0.08022904,0.93089598,0.35642636,-1.09],[-0.63382733,-0.22833873,0.73903078,-27.85]]]
[[[1144.2352294921875,0,935.9679565429688],[0,1144.2352294921875,504.10003662109375],[0,0,1]],[[0.77241367,-0.30157185,0.55898821,-19.03],[0.08859068,0.92266059,0.37535736,-1.11],[-0.6289416,-0.24040642,0.73937768,-27.89]]]
[[[1144.2352294921875,0,935.9679565429688],[0,1144.2352294921875,504.10003662109375],[0,0,1]],[[0.78596878,-0.31058562,0.53462708,-19.09],[0.11016244,0.92120612,0.37321272,-1.11],[-0.60840476,-0.23443426,0.75823909,-27.92]]]
[[[1144.2352294921875,0,935.9679565429688],[0,1144.2352294921875,504.10003662109375],[0,0,1]],[[0.82333958,-0.28410026,0.49136114,-19.1],[0.11647055,0.93187457,0.34364039,-1.11],[-0.55550468,-0.22570033,0.80032259,-27.97]]]
[[[1144.2352294921875,0,935.9679565429688],[0,1144.2352294921875,504.10003662109375],[0,0,1]],[[0.85004818,-0.28055808,0.44580486,-19.11],[0.13654613,0.93480271,0.32793778,-1.1],[-0.50873554,-0.21788684,0.83292007,-28.03]]]
[[[1144.2352294921875,0,935.9679565429688],[0,1144.2352294921875,504.10003662109375],[0,0,1]],[[0.85566193,-0.26909629,0.44211602,-19.11],[0.13525507,0.94080663,0.31085855,-1.12],[-0.49958709,-0.20618851,0.84139246,-28.09]]]
[[[1144.2352294921875,0,935.9679565429688],[0,1144.2352294921875,504.10003662109375],[0,0,1]],[[0.84777236,-0.26115119,0.4616482,-19.14],[0.11959888,0.94211137,0.31331536,-1.1],[-0.51673687,-0.21040456,0.82991278,-28.16]]]
[[[1144.2352294921875,0,935.9679565429688],[0,1144.2352294921875,504.10003662109375],[0,0,1]],[[0.82593036,-0.27945697,0.48967329,-19.16],[0.12443727,0.9374705,0.32512856,-1.13],[-0.54990315,-0.20759703,0.80904406,-28.22]]]
[[[1144.2352294921875,0,935.9679565429688],[0,1144.2352294921875,504.10003662109375],[0,0,1]],[[0.80163485,-0.2853505,0.52535111,-19.19],[0.11193991,0.93486035,0.33697173,-1.14],[-0.58727372,-0.21131757,0.7813431,-28.28]]]
[[[1144.2352294921875,0,935.9679565429688],[0,1144.2352294921875,504.10003662109375],[0,0,1]],[[0.77074385,-0.30226818,0.56091428,-19.23],[0.11720288,0.93256873,0.34150147,-1.15],[-0.62630415,-0.19746667,0.75418323,-28.31]]]
[[[1144.2352294921875,0,935.9679565429688],[0,1144.2352294921875,504.10003662109375],[0,0,1]],[[0.76281083,-0.30890417,0.56809783,-19.29],[0.12280664,0.93175715,0.34174758,-1.17],[-0.63488424,-0.19091986,0.74867487,-28.34]]]
[[[1144.2352294921875,0,935.9679565429688],[0,1144.2352294921875,504.10003662109375],[0,0,1]],[[0.76599884,-0.30809626,0.56423366,-19.31],[0.13995686,0.93656617,0.32140297,-1.2],[-0.62745327,-0.16722371,0.7605136,-28.37]]]
[[[1144.2352294921875,0,935.9679565429688],[0,1144.2352294921875,504.10003662109375],[0,0,1]],[[0.77723533,-0.31406063,0.54525959,-19.32],[0.15068741,0.93424088,0.32331267,-1.22],[-0.61093211,-0.1691241,0.7734347,-28.43]]]
[[[1144.2352294921875,0,935.9679565429688],[0,1144.2352294921875,504.10003662109375],[0,0,1]],[[0.80242884,-0.31312206,0.50803494,-19.39],[0.16527733,0.93461651,0.31499085,-1.22],[-0.57343757,-0.16878891,0.80169934,-28.48]]]
[[[1144.2352294921875,0,935.9679565429688],[0,1144.2352294921875,504.10003662109375],[0,0,1]],[[0.83025086,-0.30365708,0.46745354,-19.42],[0.16713814,0.93564266,0.31093672,-1.22],[-0.5317775,-0.18002374,0.82755435,-28.52]]]
[[[1144.2352294921875,0,935.9679565429688],[0,1144.2352294921875,504.10003662109375],[0,0,1]],[[0.84564894,-0.30583248,0.43747178,-19.43],[0.16945899,0.93102342,0.32330051,-1.23],[-0.50616252,-0.19926243,0.83912808,-28.58]]]
[[[1144.2352294921875,0,935.9679565429688],[0,1144.2352294921875,504.10003662109375],[0,0,1]],[[0.83927143,-0.29129896,0.45913574,-19.43],[0.15236923,0.93657261,0.31568882,-1.25],[-0.52196372,-0.19498764,0.83040702,-28.63]]]
[[[1144.2352294921875,0,935.9679565429688],[0,1144.2352294921875,504.10003662109375],[0,0,1]],[[0.81542039,-0.26652715,0.51389706,-19.46],[0.10721225,0.94190103,0.31838992,-1.27],[-0.56888866,-0.20452252,0.79660439,-28.74]]]
[[[1144.2352294921875,0,935.9679565429688],[0,1144.2352294921875,504.10003662109375],[0,0,1]],[[0.77754706,-0.26795274,0.56891054,-19.51],[0.09918173,0.94562805,0.30983037,-1.31],[-0.62098551,-0.18447946,0.7618311,-28.79]]]
[[[1144.2352294921875,0,935.9679565429688],[0,1144.2352294921875,504.10003662109375],[0,0,1]],[[0.74951142,-0.28212774,0.59889394,-19.54],[0.0927528,0.94049507,0.32697117,-1.33],[-0.65549159,-0.18951671,0.73106527,-28.84]]]
[[[1144.2352294921875,0,935.9679565429688],[0,1144.2352294921875,504.10003662109375],[0,0,1]],[[0.6977331,-0.28620702,0.65672785,-19.61],[0.07725568,0.94146127,0.32821757,-1.36],[-0.71220791,-0.17826976,0.67898613,-28.9]]]
[[[1144.2352294921875,0,935.9679565429688],[0,1144.2352294921875,504.10003662109375],[0,0,1]],[[0.66864115,-0.28101143,0.68846858,-19.66],[0.0702596,0.94559848,0.31772861,-1.4],[-0.74028563,-0.16407278,0.65199661,-28.96]]]
[[[1144.2352294921875,0,935.9679565429688],[0,1144.2352294921875,504.10003662109375],[0,0,1]],[[0.6642946,-0.26379836,0.69940007,-19.72],[0.07080531,0.9536773,0.29245576,-1.45],[-0.74413693,-0.14475371,0.65218788,-29.06]]]
[[[1144.2352294921875,0,935.9679565429688],[0,1144.2352294921875,504.10003662109375],[0,0,1]],[[0.68799609,-0.26726031,0.67473763,-19.79],[0.08628069,0.95327091,0.28961086,-1.48],[-0.72059524,-0.14103259,0.67889231,-29.15]]]
