[[[1147.0411376953125,0,984.3319702148438],[0,1147.0411376953125,575.9387817382812],[0,0,1]],[[0.98562747,0.01902085,0.16785842,-0.],[0.00375996,0.99092484,-0.1343642,-0.01],[-0.1688908,0.13306417,0.97661132,-0.04]]]
[[[1147.0411376953125,0,984.3319702148438],[0,1147.0411376953125,575.9387817382812],[0,0,1]],[[0.97995132,0.01197782,0.19887674,0.01],[0.02011446,0.98714352,-0.15856566,-0.],[-0.1982192,0.15938689,0.96711165,-0.1]]]
[[[1147.0411376953125,0,984.3319702148438],[0,1147.0411376953125,575.9387817382812],[0,0,1]],[[0.9899413,0.02057694,0.13997401,0.03],[0.00628917,0.98198837,-0.18883672,0.03],[-0.14133859,0.18781757,0.97198147,-0.16]]]
[[[1147.0411376953125,0,984.3319702148438],[0,1147.0411376953125,575.9387817382812],[0,0,1]],[[0.99627614,0.00402539,0.08612302,0.03],[0.01176789,0.98321182,-0.18208699,0.02],[-0.08541024,0.18242241,0.97950339,-0.22]]]
[[[1147.0411376953125,0,984.3319702148438],[0,1147.0411376953125,575.9387817382812],[0,0,1]],[[0.99365073,-0.00794232,0.11222585,0.02],[0.02317731,0.99055928,-0.13510981,0.],[-0.11009338,0.13685307,0.98445439,-0.27]]]
[[[1147.0411376953125,0,984.3319702148438],[0,1147.0411376953125,575.9387817382812],[0,0,1]],[[0.98189795,0.00186816,0.18939987,0.02],[0.01900727,0.99393177,-0.10834224,0.],[-0.18845308,0.10998099,0.97590441,-0.3]]]
[[[1147.0411376953125,0,984.3319702148438],[0,1147.0411376953125,575.9387817382812],[0,0,1]],[[0.96906227,0.01031894,0.24659902,0.02],[0.02069152,0.99221176,-0.12283072,0.03],[-0.24594606,0.1241331,0.96130186,-0.34]]]
[[[1147.0411376953125,0,984.3319702148438],[0,1147.0411376953125,575.9387817382812],[0,0,1]],[[0.9552173,0.03416143,0.29392499,0.02],[0.00495177,0.9913289,-0.13130978,0.04],[-0.29586223,0.1268848,0.9467659,-0.37]]]
[[[1147.0411376953125,0,984.3319702148438],[0,1147.0411376953125,575.9387817382812],[0,0,1]],[[0.94663048,0.03347979,0.32057577,0.03],[0.00301202,0.99362832,-0.11266521,0.05],[-0.32230535,0.10761788,0.94049859,-0.42]]]
[[[1147.0411376953125,0,984.3319702148438],[0,1147.0411376953125,575.9387817382812],[0,0,1]],[[0.95622981,0.00828028,0.29249829,0.03],[0.01448176,0.99703556,-0.07556838,0.07],[-0.2922571,0.07649658,0.95327568,-0.46]]]
[[[1147.0411376953125,0,984.3319702148438],[0,1147.0411376953125,575.9387817382812],[0,0,1]],[[0.97146171,0.01208546,0.23688732,0.03],[0.01201969,0.99491006,-0.10005017,0.08],[-0.23689081,0.10004219,0.96637207,-0.5]]]
[[[1147.0411376953125,0,984.3319702148438],[0,1147.0411376953125,575.9387817382812],[0,0,1]],[[0.98497164,0.0073448,0.17255865,0.03],[0.01250377,0.99344188,-0.11365701,0.08],[-0.17226182,0.11410651,0.97842044,-0.55]]]
[[[1147.0411376953125,0,984.3319702148438],[0,1147.0411376953125,575.9387817382812],[0,0,1]],[[0.98930365,0.00932069,0.14557165,0.03],[0.00730376,0.99353993,-0.11325091,0.08],[-0.14568688,0.1131027,0.98284489,-0.59]]]
[[[1147.0411376953125,0,984.3319702148438],[0,1147.0411376953125,575.9387817382812],[0,0,1]],[[0.98563457,0.01033534,0.16857542,0.03],[0.00881577,0.9936173,-0.11246301,0.14],[-0.16866186,0.11233345,0.97925258,-0.67]]]
[[[1147.0411376953125,0,984.3319702148438],[0,1147.0411376953125,575.9387817382812],[0,0,1]],[[0.98255324,0.02041804,0.18485785,0.03],[0.00430941,0.99118978,-0.13238485,0.13],[-0.18593226,0.13087173,0.97380865,-0.7]]]
[[[1147.0411376953125,0,984.3319702148438],[0,1147.0411376953125,575.9387817382812],[0,0,1]],[[0.98248345,0.02898878,0.18408197,0.04],[-0.00198909,0.98940206,-0.14519237,0.13],[-0.18634008,0.14228287,0.97212869,-0.78]]]
[[[1147.0411376953125,0,984.3319702148438],[0,1147.0411376953125,575.9387817382812],[0,0,1]],[[0.99445766,0.02223643,0.10276036,0.04],[-0.00622755,0.98812139,-0.15355378,0.16],[-0.10495424,0.15206274,0.98278326,-0.86]]]
[[[1147.0411376953125,0,984.3319702148438],[0,1147.0411376953125,575.9387817382812],[0,0,1]],[[0.99877983,0.04625644,0.01730526,0.05],[-0.04280404,0.98555011,-0.16389249,0.16],[-0.02463635,0.16295177,0.98632735,-0.95]]]
[[[1147.0411376953125,0,984.3319702148438],[0,1147.0411376953125,575.9387817382812],[0,0,1]],[[0.99890924,0.04435992,0.01459316,0.06],[-0.04158431,0.98715568,-0.15426141,0.15],[-0.0212488,0.15348628,0.98792338,-1.02]]]
[[[1147.0411376953125,0,984.3319702148438],[0,1147.0411376953125,575.9387817382812],[0,0,1]],[[0.99603927,0.05100294,0.07283508,0.08],[-0.0386281,0.98600262,-0.16220084,0.2],[-0.08008835,0.1587449,0.98406708,-1.11]]]
[[[1147.0411376953125,0,984.3319702148438],[0,1147.0411376953125,575.9387817382812],[0,0,1]],[[0.99176967,0.05075399,0.11754876,0.1],[-0.03058085,0.98540664,-0.16745506,0.19],[-0.12433235,0.16248208,0.97884804,-1.19]]]
[[[1147.0411376953125,0,984.3319702148438],[0,1147.0411376953125,575.9387817382812],[0,0,1]],[[0.99443638,0.03282752,0.10009807,0.12],[-0.01666361,0.9872632,-0.15822943,0.19],[-0.10401745,0.15568106,0.98231685,-1.29]]]
[[[1147.0411376953125,0,984.3319702148438],[0,1147.0411376953125,575.9387817382812],[0,0,1]],[[0.99872571,0.04993532,0.00738848,0.15],[-0.0477666,0.98221743,-0.18157737,0.23],[-0.01632429,0.18099296,0.9833504,-1.37]]]
[[[1147.0411376953125,0,984.3319702148438],[0,1147.0411376953125,575.9387817382812],[0,0,1]],[[0.99797696,0.03170848,-0.05511564,0.17],[-0.04169484,0.98075825,-0.19072956,0.22],[0.04800726,0.1926416,0.98009562,-1.45]]]
[[[1147.0411376953125,0,984.3319702148438],[0,1147.0411376953125,575.9387817382812],[0,0,1]],[[0.99985611,0.01168918,-0.01232986,0.2],[-0.01339109,0.98882741,-0.14847112,0.24],[0.0104565,0.14861478,0.98884124,-1.53]]]
[[[1147.0411376953125,0,984.3319702148438],[0,1147.0411376953125,575.9387817382812],[0,0,1]],[[0.99806541,0.01486924,0.06037768,0.21],[-0.00508839,0.98726368,-0.15902025,0.27],[-0.06197324,0.15840529,0.98542869,-1.6]]]
[[[1147.0411376953125,0,984.3319702148438],[0,1147.0411376953125,575.9387817382812],[0,0,1]],[[0.99204057,0.02710834,0.12296968,0.23],[-0.00403402,0.98289466,-0.18413219,0.27],[-0.12585777,0.18217041,0.97518015,-1.67]]]
[[[1147.0411376953125,0,984.3319702148438],[0,1147.0411376953125,575.9387817382812],[0,0,1]],[[0.99367243,0.0091412,0.11194848,0.26],[0.00979239,0.98583895,-0.16741745,0.31],[-0.11189356,0.16745423,0.9795109,-1.76]]]
[[[1147.0411376953125,0,984.3319702148438],[0,1147.0411376953125,575.9387817382812],[0,0,1]],[[0.99811244,0.04553887,0.04121274,0.26],[-0.03741613,0.98296046,-0.1799767,0.32],[-0.04870648,0.17809488,0.98280859,-1.84]]]
[[[1147.0411376953125,0,984.3319702148438],[0,1147.0411376953125,575.9387817382812],[0,0,1]],[[0.99803257,0.03927571,0.04888082,0.26],[-0.02897836,0.98019439,-0.19591388,0.34],[-0.05560741,0.19411185,0.97940361,-1.92]]]
[[[1147.0411376953125,0,984.3319702148438],[0,1147.0411376953125,575.9387817382812],[0,0,1]],[[0.99101007,0.01879807,0.13246356,0.26],[0.00697815,0.98147178,-0.19148774,0.37],[-0.13360885,0.19069055,0.97251678,-1.98]]]
[[[1147.0411376953125,0,984.3319702148438],[0,1147.0411376953125,575.9387817382812],[0,0,1]],[[0.97831202,0.03189875,0.20466821,0.25],[0.01284574,0.9768281,-0.21364671,0.38],[-0.20674066,0.21164221,0.95523244,-2.02]]]
[[[1147.0411376953125,0,984.3319702148438],[0,1147.0411376953125,575.9387817382812],[0,0,1]],[[0.96083856,0.04578369,0.27330318,0.26],[0.01593994,0.97549438,-0.21945378,0.38],[-0.27665293,0.21521595,0.93656212,-2.07]]]
[[[1147.0411376953125,0,984.3319702148438],[0,1147.0411376953125,575.9387817382812],[0,0,1]],[[9.61396754e-01,4.03432176e-04,2.75168478e-01,2.80000000e-01],[5.19678700e-02,9.81738920e-01,-1.83007050e-01,3.90000000e-01],[-2.70217150e-01,1.90242170e-01,9.43818810e-01,-2.13000000e+00]]]
[[[1147.0411376953125,0,984.3319702148438],[0,1147.0411376953125,575.9387817382812],[0,0,1]],[[0.97118098,0.00377054,0.23831706,0.27],[0.04694041,0.97726864,-0.20675148,0.43],[-0.23367915,0.21197967,0.94892681,-2.16]]]
[[[1147.0411376953125,0,984.3319702148438],[0,1147.0411376953125,575.9387817382812],[0,0,1]],[[0.97072148,0.01546386,0.23971316,0.28],[0.0381168,0.97536761,-0.21727504,0.43],[-0.23716819,0.22005048,0.94622004,-2.21]]]
[[[1147.0411376953125,0,984.3319702148438],[0,1147.0411376953125,575.9387817382812],[0,0,1]],[[0.95236367,0.00551624,0.30491742,0.32],[0.05570458,0.9798708,-0.19171144,0.45],[-0.29983696,0.19956419,0.93288547,-2.26]]]
[[[1147.0411376953125,0,984.3319702148438],[0,1147.0411376953125,575.9387817382812],[0,0,1]],[[0.92928672,0.00735767,0.36928856,0.32],[0.07022524,0.97804713,-0.19620286,0.49],[-0.36262476,0.20826192,0.90836865,-2.29]]]
[[[1147.0411376953125,0,984.3319702148438],[0,1147.0411376953125,575.9387817382812],[0,0,1]],[[0.90823501,0.01716635,0.41811076,0.33],[0.06154458,0.98281509,-0.17404057,0.5],[-0.41391271,0.18380204,0.89156967,-2.34]]]
[[[1147.0411376953125,0,984.3319702148438],[0,1147.0411376953125,575.9387817382812],[0,0,1]],[[9.0404642e-01,2.2802600e-03,4.2743075e-01,3.3000000e-01],[5.9486770e-02,9.8958492e-01,-1.3109788e-01,5.2000000e-01],[-4.2327738e-01,1.4394490e-01,8.9449400e-01,-2.3600000e+00]]]
[[[1147.0411376953125,0,984.3319702148438],[0,1147.0411376953125,575.9387817382812],[0,0,1]],[[0.89689267,0.00563108,0.44221517,0.33],[0.06106274,0.98876697,-0.13643697,0.58],[-0.43801531,0.14937201,0.88647276,-2.4]]]
[[[1147.0411376953125,0,984.3319702148438],[0,1147.0411376953125,575.9387817382812],[0,0,1]],[[0.88498914,-0.00479163,0.46558973,0.34],[0.0607677,0.99258506,-0.10529142,0.6],[-0.46163207,0.12147442,0.87871677,-2.44]]]
[[[1147.0411376953125,0,984.3319702148438],[0,1147.0411376953125,575.9387817382812],[0,0,1]],[[0.83603102,-0.02482852,0.54812229,0.38],[0.07296959,0.99513531,-0.06622071,0.68],[-0.54381073,0.09535871,0.83377445,-2.51]]]
[[[1147.0411376953125,0,984.3319702148438],[0,1147.0411376953125,575.9387817382812],[0,0,1]],[[0.8051762,-0.00732835,0.59299195,0.4],[0.06484529,0.99501777,-0.07575145,0.69],[-0.58948153,0.0994459,0.8016389,-2.55]]]
[[[1147.0411376953125,0,984.3319702148438],[0,1147.0411376953125,575.9387817382812],[0,0,1]],[[0.80227411,-0.01047652,0.59686553,0.43],[0.0674453,0.99503684,-0.07319079,0.74],[-0.59313536,0.09897473,0.7989977,-2.64]]]
[[[1147.0411376953125,0,984.3319702148438],[0,1147.0411376953125,575.9387817382812],[0,0,1]],[[0.86137748,-0.05001898,0.50549811,0.48],[0.09582558,0.99327528,-0.06500391,0.81],[-0.49884644,0.1044324,0.86037707,-2.74]]]
[[[1147.0411376953125,0,984.3319702148438],[0,1147.0411376953125,575.9387817382812],[0,0,1]],[[0.92761797,-0.01142595,0.37335739,0.52],[0.05534445,0.99270594,-0.1071249,0.84],[-0.36940938,0.1200341,0.9214831,-2.84]]]
[[[1147.0411376953125,0,984.3319702148438],[0,1147.0411376953125,575.9387817382812],[0,0,1]],[[0.93807966,-0.01986828,0.34585157,0.54],[0.05885667,0.99298215,-0.1025971,0.84],[-0.34138525,0.11659978,0.93266445,-2.95]]]
[[[1147.0411376953125,0,984.3319702148438],[0,1147.0411376953125,575.9387817382812],[0,0,1]],[[0.93548095,-0.02661598,0.35237572,0.58],[0.07259586,0.99036807,-0.11792073,0.86],[-0.34584227,0.13589342,0.92840111,-3.06]]]
[[[1147.0411376953125,0,984.3319702148438],[0,1147.0411376953125,575.9387817382812],[0,0,1]],[[0.93615353,-0.00946931,0.35146591,0.58],[0.06118581,0.988774,-0.13633268,0.87],[-0.34622863,0.14913283,0.92622226,-3.11]]]
[[[1147.0411376953125,0,984.3319702148438],[0,1147.0411376953125,575.9387817382812],[0,0,1]],[[0.95320141,-0.01839177,0.30177829,0.6],[0.06039112,0.98961741,-0.13044037,0.85],[-0.29624531,0.1425605,0.9444139,-3.19]]]
[[[1147.0411376953125,0,984.3319702148438],[0,1147.0411376953125,575.9387817382812],[0,0,1]],[[9.7665799e-01,-2.9083400e-03,2.1478350e-01,5.7000000e-01],[3.8388310e-02,9.8617619e-01,-1.6120464e-01,9.0000000e-01],[-2.1134500e-01,1.6568674e-01,9.6326715e-01,-3.2300000e+00]]]
[[[1147.0411376953125,0,984.3319702148438],[0,1147.0411376953125,575.9387817382812],[0,0,1]],[[0.99369049,0.0090819,0.11179308,0.58],[0.01321445,0.98029709,-0.19709645,0.91],[-0.11138003,0.19732991,0.97399044,-3.31]]]
[[[1147.0411376953125,0,984.3319702148438],[0,1147.0411376953125,575.9387817382812],[0,0,1]],[[9.9869865e-01,-2.7866400e-03,5.0933670e-02,5.3000000e-01],[1.1254960e-02,9.8593819e-01,-1.6674341e-01,9.4000000e-01],[-4.9752500e-02,1.6709945e-01,9.8468506e-01,-3.3600000e+00]]]
[[[1147.0411376953125,0,984.3319702148438],[0,1147.0411376953125,575.9387817382812],[0,0,1]],[[9.96569340e-01,1.39228500e-02,8.15882300e-02,5.20000000e-01],[4.91090410e-04,9.84740138e-01,-1.74042106e-01,9.50000000e-01],[-8.27660300e-02,1.73484880e-01,9.81353640e-01,-3.42000000e+00]]]
[[[1147.0411376953125,0,984.3319702148438],[0,1147.0411376953125,575.9387817382812],[0,0,1]],[[9.90198550e-01,2.28100400e-02,1.37795450e-01,5.10000000e-01],[-6.29303220e-04,9.87294793e-01,-1.58910081e-01,9.50000000e-01],[-1.39669110e-01,1.57265660e-01,9.77631090e-01,-3.49000000e+00]]]
[[[1147.0411376953125,0,984.3319702148438],[0,1147.0411376953125,575.9387817382812],[0,0,1]],[[9.8402798e-01,-3.2030100e-03,1.7798847e-01,4.9000000e-01],[2.3404180e-02,9.9348915e-01,-1.1151399e-01,9.7000000e-01],[-1.7647201e-01,1.1389843e-01,9.7769487e-01,-3.5100000e+00]]]
[[[1147.0411376953125,0,984.3319702148438],[0,1147.0411376953125,575.9387817382812],[0,0,1]],[[0.97676367,0.01790681,0.21357256,0.52],[0.01605627,0.98759115,-0.15623623,0.99],[-0.21371958,0.1560349,0.9643544,-3.57]]]
[[[1147.0411376953125,0,984.3319702148438],[0,1147.0411376953125,575.9387817382812],[0,0,1]],[[0.93729407,-0.01226885,0.34832519,0.57],[0.08842359,0.97505683,-0.20359161,1.],[-0.3371383,0.2216251,0.91499859,-3.62]]]
[[[1147.0411376953125,0,984.3319702148438],[0,1147.0411376953125,575.9387817382812],[0,0,1]],[[0.90360403,-0.02296685,0.42775398,0.59],[0.10130913,0.98169374,-0.16130047,1.02],[-0.41621807,0.18908691,0.88938802,-3.67]]]
[[[1147.0411376953125,0,984.3319702148438],[0,1147.0411376953125,575.9387817382812],[0,0,1]],[[0.86966521,-0.02632023,0.49294153,0.62],[0.1240571,0.97818536,-0.16663654,1.],[-0.47780129,0.2060706,0.85395759,-3.73]]]
[[[1147.0411376953125,0,984.3319702148438],[0,1147.0411376953125,575.9387817382812],[0,0,1]],[[0.86582112,-0.07465934,0.49475414,0.63],[0.17404924,0.97199571,-0.1579107,1.02],[-0.4691084,0.22283368,0.85456735,-3.79]]]
[[[1147.0411376953125,0,984.3319702148438],[0,1147.0411376953125,575.9387817382812],[0,0,1]],[[0.90632993,-0.02566843,0.42179301,0.62],[0.12278041,0.97109002,-0.20472892,1.03],[-0.40434295,0.23733945,0.88327777,-3.82]]]
[[[1147.0411376953125,0,984.3319702148438],[0,1147.0411376953125,575.9387817382812],[0,0,1]],[[0.91789776,-0.01733595,0.39644107,0.61],[0.10432911,0.97444367,-0.19894648,1.01],[-0.38285962,0.22397247,0.89624649,-3.9]]]
[[[1147.0411376953125,0,984.3319702148438],[0,1147.0411376953125,575.9387817382812],[0,0,1]],[[0.89630622,-0.00745752,0.44337562,0.59],[0.10817471,0.97333133,-0.2023094,1.05],[-0.43004152,0.22929282,0.87320787,-3.96]]]
[[[1147.0411376953125,0,984.3319702148438],[0,1147.0411376953125,575.9387817382812],[0,0,1]],[[0.87898791,0.00577385,0.47681165,0.59],[0.11342367,0.96869844,-0.22082341,1.04],[-0.46316049,0.24818249,0.85081768,-4.01]]]
[[[1147.0411376953125,0,984.3319702148438],[0,1147.0411376953125,575.9387817382812],[0,0,1]],[[0.89351213,-0.01622495,0.44874856,0.55],[0.11155599,0.97603995,-0.18683167,1.04],[-0.434964,0.21699668,0.87391168,-4.06]]]
[[[1147.0411376953125,0,984.3319702148438],[0,1147.0411376953125,575.9387817382812],[0,0,1]],[[0.93534976,0.00436557,0.353701,0.51],[0.07734936,0.973203,-0.21655956,1.08],[-0.3451671,0.22991714,0.90994525,-4.1]]]
[[[1147.0411376953125,0,984.3319702148438],[0,1147.0411376953125,575.9387817382812],[0,0,1]],[[0.95755494,0.0302766,0.28666094,0.51],[0.05272502,0.95929766,-0.27744073,1.08],[-0.28339216,0.28077847,0.91698158,-4.17]]]
[[[1147.0411376953125,0,984.3319702148438],[0,1147.0411376953125,575.9387817382812],[0,0,1]],[[0.94627553,0.01638673,0.32295007,0.5],[0.06785168,0.96642238,-0.24784921,1.11],[-0.31616655,0.25644585,0.91338772,-4.22]]]
[[[1147.0411376953125,0,984.3319702148438],[0,1147.0411376953125,575.9387817382812],[0,0,1]],[[0.92427647,0.02049084,0.3811768,0.51],[0.0926089,0.95669246,-0.27598661,1.12],[-0.37032294,0.29038772,0.88234842,-4.28]]]
[[[1147.0411376953125,0,984.3319702148438],[0,1147.0411376953125,575.9387817382812],[0,0,1]],[[9.2852432e-01,1.6197600e-03,3.7127140e-01,5.2000000e-01],[1.1021098e-01,9.5371711e-01,-2.7979100e-01,1.0700000e+00],[-3.5453990e-01,3.0071035e-01,8.8536876e-01,-4.3500000e+00]]]
[[[1147.0411376953125,0,984.3319702148438],[0,1147.0411376953125,575.9387817382812],[0,0,1]],[[0.95999932,-0.00947188,0.27984631,0.53],[0.0953261,0.95078588,-0.29483077,1.08],[-0.26328033,0.30971342,0.91365433,-4.43]]]
[[[1147.0411376953125,0,984.3319702148438],[0,1147.0411376953125,575.9387817382812],[0,0,1]],[[9.8790741e-01,-3.1691400e-03,1.5502137e-01,5.3000000e-01],[4.9983960e-02,9.5292985e-01,-2.9905266e-01,1.1200000e+00],[-1.4677611e-01,3.0318439e-01,9.4156218e-01,-4.4900000e+00]]]
[[[1147.0411376953125,0,984.3319702148438],[0,1147.0411376953125,575.9387817382812],[0,0,1]],[[0.99014252,0.01833757,0.13886951,0.52],[0.0231699,0.95629948,-0.29148003,1.12],[-0.13814528,0.29182389,0.94644505,-4.55]]]
[[[1147.0411376953125,0,984.3319702148438],[0,1147.0411376953125,575.9387817382812],[0,0,1]],[[0.9808839,0.02903663,0.19242382,0.55],[0.0324199,0.95060772,-0.30870709,1.15],[-0.1918826,0.30904368,0.93149149,-4.62]]]
[[[1147.0411376953125,0,984.3319702148438],[0,1147.0411376953125,575.9387817382812],[0,0,1]],[[0.97705436,0.00927349,0.21279517,0.58],[0.05599044,0.95273727,-0.29860136,1.12],[-0.20550613,0.30366373,0.930354,-4.7]]]
[[[1147.0411376953125,0,984.3319702148438],[0,1147.0411376953125,575.9387817382812],[0,0,1]],[[0.99325901,-0.05220079,0.10351189,0.61],[0.07798879,0.96151608,-0.2634593,1.18],[-0.08577507,0.26975572,0.95910251,-4.77]]]
[[[1147.0411376953125,0,984.3319702148438],[0,1147.0411376953125,575.9387817382812],[0,0,1]],[[0.9963401,-0.08305745,-0.02027689,0.65],[0.07360435,0.95394331,-0.29082829,1.15],[0.04349853,0.28827098,0.95656198,-4.85]]]
[[[1147.0411376953125,0,984.3319702148438],[0,1147.0411376953125,575.9387817382812],[0,0,1]],[[0.99445552,-0.07496793,-0.0737671,0.68],[0.04923949,0.95162117,-0.3033137,1.16],[0.09293702,0.29799914,0.95003277,-4.95]]]
[[[1147.0411376953125,0,984.3319702148438],[0,1147.0411376953125,575.9387817382812],[0,0,1]],[[0.99660736,-0.07611831,-0.03135816,0.7],[0.06488319,0.96070087,-0.2699087,1.19],[0.05067084,0.266958,0.96237683,-5.06]]]
[[[1147.0411376953125,0,984.3319702148438],[0,1147.0411376953125,575.9387817382812],[0,0,1]],[[0.99612916,-0.06697286,0.05696414,0.73],[0.08000571,0.95914149,-0.27139199,1.2],[-0.03646041,0.27489859,0.96078354,-5.12]]]
[[[1147.0411376953125,0,984.3319702148438],[0,1147.0411376953125,575.9387817382812],[0,0,1]],[[0.99284184,-0.08043732,0.08831085,0.76],[0.10246432,0.95349109,-0.28348351,1.2],[-0.06140048,0.29050258,0.95490432,-5.2]]]
[[[1147.0411376953125,0,984.3319702148438],[0,1147.0411376953125,575.9387817382812],[0,0,1]],[[0.99562168,-0.07185514,0.05981971,0.78],[0.08769235,0.93958604,-0.33090097,1.22],[-0.03242847,0.33469734,0.94176978,-5.28]]]
[[[1147.0411376953125,0,984.3319702148438],[0,1147.0411376953125,575.9387817382812],[0,0,1]],[[0.99778777,-0.05364397,0.03931804,0.82],[0.06383305,0.93841016,-0.33958581,1.21],[-0.01867941,0.34134388,0.93975514,-5.37]]]
[[[1147.0411376953125,0,984.3319702148438],[0,1147.0411376953125,575.9387817382812],[0,0,1]],[[0.99137741,-0.05133267,0.12058137,0.84],[0.08176672,0.96132487,-0.26301202,1.21],[-0.10241617,0.27060351,0.95722973,-5.43]]]
[[[1147.0411376953125,0,984.3319702148438],[0,1147.0411376953125,575.9387817382812],[0,0,1]],[[0.96392667,-0.03467167,0.26390862,0.88],[0.10216031,0.96373993,-0.246527,1.3],[-0.24579068,0.26459467,0.93251324,-5.5]]]
[[[1147.0411376953125,0,984.3319702148438],[0,1147.0411376953125,575.9387817382812],[0,0,1]],[[0.90813875,-0.03765577,0.41697815,0.94],[0.14961512,0.95937544,-0.23920986,1.3],[-0.39102924,0.27962154,0.87687641,-5.62]]]
[[[1147.0411376953125,0,984.3319702148438],[0,1147.0411376953125,575.9387817382812],[0,0,1]],[[0.9096508,-0.0516794,0.41215196,1.],[0.18572374,0.9381305,-0.29227501,1.31],[-0.37154618,0.3424139,0.86296594,-5.78]]]
[[[1147.0411376953125,0,984.3319702148438],[0,1147.0411376953125,575.9387817382812],[0,0,1]],[[0.94815785,-0.04171418,0.31505725,1.02],[0.14329636,0.94097418,-0.30666056,1.33],[-0.28366745,0.33590847,0.89816612,-5.89]]]
[[[1147.0411376953125,0,984.3319702148438],[0,1147.0411376953125,575.9387817382812],[0,0,1]],[[0.94665617,-0.04526455,0.31905711,1.],[0.15003173,0.93814629,-0.31205603,1.33],[-0.28519592,0.34327772,0.89488971,-5.97]]]
[[[1147.0411376953125,0,984.3319702148438],[0,1147.0411376953125,575.9387817382812],[0,0,1]],[[0.91390395,-0.0416562,0.40379238,0.95],[0.17498729,0.93798482,-0.29928422,1.37],[-0.36628252,0.34417489,0.86451405,-6.01]]]
[[[1147.0411376953125,0,984.3319702148438],[0,1147.0411376953125,575.9387817382812],[0,0,1]],[[0.85071683,-0.03284346,0.52460086,0.92],[0.2126803,0.93420911,-0.28640455,1.38],[-0.48067844,0.35522074,0.80172956,-6.09]]]
[[[1147.0411376953125,0,984.3319702148438],[0,1147.0411376953125,575.9387817382812],[0,0,1]],[[0.84757125,-0.05217311,0.52811486,0.9],[0.24675412,0.91978472,-0.30514884,1.42],[-0.46982947,0.38894892,0.79245383,-6.12]]]
[[[1147.0411376953125,0,984.3319702148438],[0,1147.0411376953125,575.9387817382812],[0,0,1]],[[0.90369296,-0.01945423,0.42774406,0.87],[0.1803862,0.92329478,-0.33910874,1.43],[-0.38833505,0.38360828,0.83788091,-6.19]]]
[[[1147.0411376953125,0,984.3319702148438],[0,1147.0411376953125,575.9387817382812],[0,0,1]],[[0.88555235,-0.01740854,0.46421814,0.81],[0.18522102,0.9296658,-0.31846818,1.43],[-0.42602184,0.36800218,0.82648867,-6.26]]]
[[[1147.0411376953125,0,984.3319702148438],[0,1147.0411376953125,575.9387817382812],[0,0,1]],[[0.82666802,-0.02741607,0.56202543,0.78],[0.22737759,0.9299131,-0.28908154,1.44],[-0.51470739,0.36676547,0.7749601,-6.29]]]
[[[1147.0411376953125,0,984.3319702148438],[0,1147.0411376953125,575.9387817382812],[0,0,1]],[[0.76750159,-0.03816905,0.63991266,0.74],[0.25693911,0.93285567,-0.25252661,1.44],[-0.58730537,0.35823229,0.72577262,-6.31]]]
[[[1147.0411376953125,0,984.3319702148438],[0,1147.0411376953125,575.9387817382812],[0,0,1]],[[0.75022632,-0.07186203,0.65726715,0.71],[0.26556852,0.94312006,-0.20001294,1.46],[-0.60550624,0.32460374,0.72663492,-6.38]]]
[[[1147.0411376953125,0,984.3319702148438],[0,1147.0411376953125,575.9387817382812],[0,0,1]],[[0.75788331,-0.05593378,0.64999086,0.68],[0.24759473,0.94644189,-0.20724879,1.49],[-0.60358393,0.31800395,0.73113859,-6.42]]]
[[[1147.0411376953125,0,984.3319702148438],[0,1147.0411376953125,575.9387817382812],[0,0,1]],[[0.7629773,-0.03253601,0.64560872,0.66],[0.23986915,0.94168198,-0.23601939,1.49],[-0.60027653,0.3349382,0.72628355,-6.49]]]
[[[1147.0411376953125,0,984.3319702148438],[0,1147.0411376953125,575.9387817382812],[0,0,1]],[[0.75665987,-0.05404076,0.65157443,0.64],[0.24682902,0.94644636,-0.20814031,1.51],[-0.60542965,0.3183181,0.72947365,-6.55]]]
[[[1147.0411376953125,0,984.3319702148438],[0,1147.0411376953125,575.9387817382812],[0,0,1]],[[0.75434053,-0.02894204,0.65584791,0.63],[0.24096869,0.9415043,-0.23560852,1.53],[-0.6106621,0.335767,0.71718591,-6.61]]]
[[[1147.0411376953125,0,984.3319702148438],[0,1147.0411376953125,575.9387817382812],[0,0,1]],[[0.78967452,-0.03326787,0.61262649,0.61],[0.23623087,0.93803447,-0.25356248,1.53],[-0.5662269,0.34495223,0.74859762,-6.7]]]
[[[1147.0411376953125,0,984.3319702148438],[0,1147.0411376953125,575.9387817382812],[0,0,1]],[[0.8425172,-0.04375362,0.53689331,0.56],[0.22329006,0.93540454,-0.27416691,1.58],[-0.49021471,0.35087243,0.7978608,-6.77]]]
[[[1147.0411376953125,0,984.3319702148438],[0,1147.0411376953125,575.9387817382812],[0,0,1]],[[8.8926154e-01,-1.1721900e-03,4.5740226e-01,5.3000000e-01],[1.7088628e-01,9.2844176e-01,-3.2985032e-01,1.5900000e+00],[-4.2428303e-01,3.7148604e-01,8.2582432e-01,-6.8100000e+00]]]
[[[1147.0411376953125,0,984.3319702148438],[0,1147.0411376953125,575.9387817382812],[0,0,1]],[[9.0739995e-01,1.0053100e-03,4.2027217e-01,4.8000000e-01],[1.4164698e-01,9.4076139e-01,-3.0807704e-01,1.5900000e+00],[-3.9568397e-01,3.3907855e-01,8.5350084e-01,-6.8600000e+00]]]
[[[1147.0411376953125,0,984.3319702148438],[0,1147.0411376953125,575.9387817382812],[0,0,1]],[[8.9837617e-01,2.9330500e-03,4.3922254e-01,4.7000000e-01],[1.4072344e-01,9.4534785e-01,-2.9414544e-01,1.6200000e+00],[-4.1607919e-01,3.2606137e-01,8.4886158e-01,-6.9300000e+00]]]
[[[1147.0411376953125,0,984.3319702148438],[0,1147.0411376953125,575.9387817382812],[0,0,1]],[[9.00980473e-01,4.61519492e-04,4.33865130e-01,4.60000000e-01],[1.42762420e-01,9.44000960e-01,-2.97469790e-01,1.65000000e+00],[-4.09704720e-01,3.29953310e-01,8.50456710e-01,-7.02000000e+00]]]
[[[1147.0411376953125,0,984.3319702148438],[0,1147.0411376953125,575.9387817382812],[0,0,1]],[[0.91389275,-0.04299813,0.40367857,0.44],[0.17575164,0.93826801,-0.29794583,1.68],[-0.36594605,0.34323683,0.86502939,-7.1]]]
[[[1147.0411376953125,0,984.3319702148438],[0,1147.0411376953125,575.9387817382812],[0,0,1]],[[0.93594933,-0.03341605,0.35055313,0.41],[0.14853592,0.94006091,-0.30696899,1.72],[-0.31928226,0.33937621,0.88480884,-7.18]]]
[[[1147.0411376953125,0,984.3319702148438],[0,1147.0411376953125,575.9387817382812],[0,0,1]],[[0.94075054,-0.03484973,0.33731142,0.38],[0.14544122,0.94004041,-0.30850929,1.75],[-0.30633369,0.33928835,0.88940829,-7.21]]]
[[[1147.0411376953125,0,984.3319702148438],[0,1147.0411376953125,575.9387817382812],[0,0,1]],[[0.92422831,-0.04125582,0.37961197,0.37],[0.1585741,0.94583988,-0.28328201,1.78],[-0.34736362,0.32201302,0.88071018,-7.29]]]
[[[1147.0411376953125,0,984.3319702148438],[0,1147.0411376953125,575.9387817382812],[0,0,1]],[[0.88893956,-0.04030411,0.45625356,0.34],[0.17976008,0.94690281,-0.26658803,1.82],[-0.42128122,0.31899592,0.84898061,-7.38]]]
[[[1147.0411376953125,0,984.3319702148438],[0,1147.0411376953125,575.9387817382812],[0,0,1]],[[0.88097298,-0.07569566,0.46707818,0.33],[0.2128078,0.9450413,-0.24822901,1.84],[-0.42261633,0.31808004,0.84866059,-7.5]]]
[[[1147.0411376953125,0,984.3319702148438],[0,1147.0411376953125,575.9387817382812],[0,0,1]],[[0.90699261,-0.02152247,0.42060313,0.32],[0.16196711,0.93971521,-0.30118164,1.91],[-0.38876307,0.34129223,0.85579646,-7.58]]]
[[[1147.0411376953125,0,984.3319702148438],[0,1147.0411376953125,575.9387817382812],[0,0,1]],[[0.92852908,-0.01252678,0.37105653,0.29],[0.14821911,0.9288429,-0.33954474,1.92],[-0.34039801,0.37027344,0.86430991,-7.63]]]
[[[1147.0411376953125,0,984.3319702148438],[0,1147.0411376953125,575.9387817382812],[0,0,1]],[[0.89819282,-0.04890844,0.43687937,0.27],[0.18805332,0.9410249,-0.28127691,1.98],[-0.39735553,0.33479634,0.85441482,-7.72]]]
[[[1147.0411376953125,0,984.3319702148438],[0,1147.0411376953125,575.9387817382812],[0,0,1]],[[0.85316527,-0.03982298,0.5201242,0.23],[0.20632604,0.94153911,-0.26635051,2.01],[-0.47910786,0.33455497,0.81150067,-7.81]]]
[[[1147.0411376953125,0,984.3319702148438],[0,1147.0411376953125,575.9387817382812],[0,0,1]],[[0.83854359,-0.03642993,0.54362094,0.21],[0.23403211,0.92511362,-0.29900301,2.03],[-0.49201578,0.37795034,0.78426957,-7.93]]]
[[[1147.0411376953125,0,984.3319702148438],[0,1147.0411376953125,575.9387817382812],[0,0,1]],[[8.6251473e-01,-5.2528500e-03,5.0601077e-01,1.7000000e-01],[1.9480538e-01,9.2633367e-01,-3.2243702e-01,2.0600000e+00],[-4.6703869e-01,3.7667882e-01,7.9999548e-01,-8.0000000e+00]]]
[[[1147.0411376953125,0,984.3319702148438],[0,1147.0411376953125,575.9387817382812],[0,0,1]],[[0.87992758,0.00940061,0.47502148,0.15],[0.17526628,0.92287183,-0.34292582,2.11],[-0.44160548,0.38500357,0.81040829,-8.08]]]
[[[1147.0411376953125,0,984.3319702148438],[0,1147.0411376953125,575.9387817382812],[0,0,1]],[[0.86266524,-0.02606372,0.50510973,0.1],[0.19343439,0.93975592,-0.28187048,2.18],[-0.4673309,0.34086415,0.81573182,-8.16]]]
[[[1147.0411376953125,0,984.3319702148438],[0,1147.0411376953125,575.9387817382812],[0,0,1]],[[7.95884073e-01,2.03117350e-04,6.05454147e-01,7.00000000e-02],[2.18766110e-01,9.32347540e-01,-2.87885930e-01,2.19000000e+00],[-5.64549390e-01,3.61575250e-01,7.41992060e-01,-8.22000000e+00]]]
[[[1147.0411376953125,0,984.3319702148438],[0,1147.0411376953125,575.9387817382812],[0,0,1]],[[0.76177245,-0.01366574,0.64770544,0.03],[0.23526469,0.93736434,-0.25691965,2.19],[-0.60362184,0.34809506,0.71726936,-8.26]]]
[[[1147.0411376953125,0,984.3319702148438],[0,1147.0411376953125,575.9387817382812],[0,0,1]],[[7.7236074e-01,-7.9423500e-03,6.3513935e-01,1.0000000e-02],[2.2331892e-01,9.3948501e-01,-2.5981849e-01,2.2700000e+00],[-5.9463716e-01,3.4251076e-01,7.2739112e-01,-8.3300000e+00]]]
[[[1147.0411376953125,0,984.3319702148438],[0,1147.0411376953125,575.9387817382812],[0,0,1]],[[0.80472428,0.02890742,0.59295017,-0.01],[0.19240032,0.93220711,-0.30656332,2.32],[-0.56161112,0.3607811,0.74460375,-8.38]]]
[[[1147.0411376953125,0,984.3319702148438],[0,1147.0411376953125,575.9387817382812],[0,0,1]],[[7.6519978e-01,3.8611300e-03,6.4378643e-01,-3.0000000e-02],[2.2926864e-01,9.3279392e-01,-2.7810144e-01,2.3400000e+00],[-6.0159022e-01,3.6040157e-01,7.1288478e-01,-8.4600000e+00]]]
[[[1147.0411376953125,0,984.3319702148438],[0,1147.0411376953125,575.9387817382812],[0,0,1]],[[0.67423248,0.02428772,0.73812425,-0.06],[0.24480988,0.93560427,-0.25440478,2.37],[-0.69676685,0.35222644,0.62486577,-8.48]]]
[[[1147.0411376953125,0,984.3319702148438],[0,1147.0411376953125,575.9387817382812],[0,0,1]],[[0.62195563,0.02786829,0.78256071,-0.08],[0.25757068,0.93647975,-0.23805892,2.38],[-0.7394821,0.34962514,0.57526803,-8.49]]]
[[[1147.0411376953125,0,984.3319702148438],[0,1147.0411376953125,575.9387817382812],[0,0,1]],[[0.63253415,0.02737147,0.77405286,-0.12],[0.25391224,0.93682486,-0.24061717,2.38],[-0.73173374,0.34873843,0.585621,-8.53]]]
[[[1147.0411376953125,0,984.3319702148438],[0,1147.0411376953125,575.9387817382812],[0,0,1]],[[0.64520079,0.07700352,0.76012707,-0.15],[0.21059266,0.93844658,-0.27382025,2.4],[-0.73441947,0.33674461,0.58926731,-8.55]]]
[[[1147.0411376953125,0,984.3319702148438],[0,1147.0411376953125,575.9387817382812],[0,0,1]],[[0.59459502,0.01997995,0.80378121,-0.16],[0.24527313,0.94753754,-0.20499335,2.42],[-0.76570404,0.3190324,0.55849802,-8.57]]]
[[[1147.0411376953125,0,984.3319702148438],[0,1147.0411376953125,575.9387817382812],[0,0,1]],[[5.7594228e-01,7.7552200e-03,8.1745768e-01,-1.9000000e-01],[2.5776210e-01,9.4722831e-01,-1.9059336e-01,2.4400000e+00],[-7.7579260e-01,3.2047877e-01,5.4354751e-01,-8.5500000e+00]]]
[[[1147.0411376953125,0,984.3319702148438],[0,1147.0411376953125,575.9387817382812],[0,0,1]],[[0.59651273,0.01126314,0.80252868,-0.24],[0.25389099,0.94591111,-0.20199037,2.44],[-0.76139146,0.32424304,0.56138605,-8.53]]]
[[[1147.0411376953125,0,984.3319702148438],[0,1147.0411376953125,575.9387817382812],[0,0,1]],[[0.68420267,-0.02477092,0.72887576,-0.27],[0.25674215,0.94362992,-0.20893684,2.47],[-0.68260944,0.33008662,0.65199095,-8.54]]]
[[[1147.0411376953125,0,984.3319702148438],[0,1147.0411376953125,575.9387817382812],[0,0,1]],[[7.9869330e-01,-3.0198200e-03,6.0173631e-01,-3.2000000e-01],[2.0639440e-01,9.4070470e-01,-2.6922914e-01,2.5100000e+00],[-5.6523991e-01,3.3922482e-01,7.5195438e-01,-8.5500000e+00]]]
[[[1147.0411376953125,0,984.3319702148438],[0,1147.0411376953125,575.9387817382812],[0,0,1]],[[8.5235047e-01,-2.5202100e-03,5.2297139e-01,-3.7000000e-01],[1.8241988e-01,9.3861943e-01,-2.9278854e-01,2.5300000e+00],[-4.9013028e-01,3.4495714e-01,8.0048871e-01,-8.5500000e+00]]]
[[[1147.0411376953125,0,984.3319702148438],[0,1147.0411376953125,575.9387817382812],[0,0,1]],[[0.85073811,0.02984387,0.52474838,-0.42],[0.18001537,0.9214626,-0.34425217,2.57],[-0.49380678,0.38732943,0.77854723,-8.57]]]
[[[1147.0411376953125,0,984.3319702148438],[0,1147.0411376953125,575.9387817382812],[0,0,1]],[[0.86616069,0.04459852,0.49777839,-0.45],[0.16234292,0.91689408,-0.36463436,2.57],[-0.47266927,0.39664093,0.7869336,-8.62]]]
[[[1147.0411376953125,0,984.3319702148438],[0,1147.0411376953125,575.9387817382812],[0,0,1]],[[0.91245204,-0.02713807,0.40829089,-0.47],[0.17332028,0.92950618,-0.32555544,2.6],[-0.3706716,0.36781713,0.85282928,-8.65]]]
[[[1147.0411376953125,0,984.3319702148438],[0,1147.0411376953125,575.9387817382812],[0,0,1]],[[9.5987386e-01,-5.0449800e-03,2.8039822e-01,-5.1000000e-01],[9.8058830e-02,9.4276822e-01,-3.1871715e-01,2.6600000e+00],[-2.6274073e-01,3.3342230e-01,9.0542895e-01,-8.6800000e+00]]]
[[[1147.0411376953125,0,984.3319702148438],[0,1147.0411376953125,575.9387817382812],[0,0,1]],[[9.7784734e-01,4.0459700e-03,2.0929551e-01,-5.5000000e-01],[6.5382530e-02,9.4389570e-01,-3.2371914e-01,2.6800000e+00],[-1.9886130e-01,3.3023068e-01,9.2271686e-01,-8.7300000e+00]]]
[[[1147.0411376953125,0,984.3319702148438],[0,1147.0411376953125,575.9387817382812],[0,0,1]],[[9.66104150e-01,-8.26010306e-04,2.58163661e-01,-5.70000000e-01],[8.64394500e-02,9.43315570e-01,-3.20456330e-01,2.72000000e+00],[-2.43263290e-01,3.31908200e-01,9.11408070e-01,-8.75000000e+00]]]
[[[1147.0411376953125,0,984.3319702148438],[0,1147.0411376953125,575.9387817382812],[0,0,1]],[[0.93233681,0.03386516,0.36001098,-0.6],[0.09220172,0.94043589,-0.32724264,2.75],[-0.34964696,0.33829239,0.87367618,-8.77]]]
[[[1147.0411376953125,0,984.3319702148438],[0,1147.0411376953125,575.9387817382812],[0,0,1]],[[0.91556799,0.01621785,0.40184465,-0.62],[0.12028051,0.942415,-0.31208274,2.76],[-0.38376305,0.33406547,0.86088973,-8.84]]]
[[[1147.0411376953125,0,984.3319702148438],[0,1147.0411376953125,575.9387817382812],[0,0,1]],[[0.89627612,0.02418702,0.44284478,-0.67],[0.12956643,0.94067645,-0.31360728,2.83],[-0.42415592,0.33845484,0.83996749,-8.87]]]
[[[1147.0411376953125,0,984.3319702148438],[0,1147.0411376953125,575.9387817382812],[0,0,1]],[[0.85250509,0.05269958,0.52006233,-0.69],[0.13897167,0.93625462,-0.32268086,2.85],[-0.50391269,0.34735939,0.79083419,-8.93]]]
[[[1147.0411376953125,0,984.3319702148438],[0,1147.0411376953125,575.9387817382812],[0,0,1]],[[0.75279719,0.02707134,0.65770131,-0.71],[0.19161597,0.94687694,-0.25829518,2.85],[-0.62975061,0.32046843,0.70761549,-8.97]]]
[[[1147.0411376953125,0,984.3319702148438],[0,1147.0411376953125,575.9387817382812],[0,0,1]],[[0.66194063,0.01783162,0.749349,-0.72],[0.20955297,0.95545655,-0.20784551,2.87],[-0.71967226,0.29460835,0.62871575,-9.01]]]
[[[1147.0411376953125,0,984.3319702148438],[0,1147.0411376953125,575.9387817382812],[0,0,1]],[[0.61980504,-0.02265085,0.78443348,-0.74],[0.2205922,0.96431351,-0.14645156,2.86],[-0.75311798,0.2638101,0.60268009,-9.07]]]
[[[1147.0411376953125,0,984.3319702148438],[0,1147.0411376953125,575.9387817382812],[0,0,1]],[[6.2247974e-01,-3.4955900e-03,7.8263289e-01,-7.9000000e-01],[2.0441648e-01,9.6600914e-01,-1.5827118e-01,2.9300000e+00],[-7.5547254e-01,2.5850242e-01,6.0203278e-01,-9.1100000e+00]]]
[[[1147.0411376953125,0,984.3319702148438],[0,1147.0411376953125,575.9387817382812],[0,0,1]],[[0.64109343,0.01970261,0.76721507,-0.81],[0.21014921,0.95696163,-0.20017833,2.96],[-0.73813456,0.28956121,0.60935831,-9.15]]]
[[[1147.0411376953125,0,984.3319702148438],[0,1147.0411376953125,575.9387817382812],[0,0,1]],[[0.63083869,-0.0108605,0.77584308,-0.84],[0.23673688,0.95492405,-0.1791234,2.98],[-0.73892111,0.29666713,0.60497105,-9.21]]]
[[[1147.0411376953125,0,984.3319702148438],[0,1147.0411376953125,575.9387817382812],[0,0,1]],[[0.62215352,0.02569324,0.78247851,-0.87],[0.22488804,0.95147926,-0.21005215,3.01],[-0.74990439,0.3066532,0.58618516,-9.24]]]
[[[1147.0411376953125,0,984.3319702148438],[0,1147.0411376953125,575.9387817382812],[0,0,1]],[[6.9226587e-01,5.0441700e-03,7.2163016e-01,-8.7000000e-01],[2.2718367e-01,9.4761199e-01,-2.2456275e-01,3.0100000e+00],[-6.8495393e-01,3.1939813e-01,6.5485024e-01,-9.3300000e+00]]]
[[[1147.0411376953125,0,984.3319702148438],[0,1147.0411376953125,575.9387817382812],[0,0,1]],[[0.80236965,-0.01768702,0.59657168,-0.91],[0.19979942,0.94985235,-0.24056244,3.06],[-0.56239647,0.31221309,0.76566243,-9.35]]]
[[[1147.0411376953125,0,984.3319702148438],[0,1147.0411376953125,575.9387817382812],[0,0,1]],[[0.89959854,0.02114889,0.43621436,-0.94],[0.12575483,0.94398308,-0.30510885,3.1],[-0.41822866,0.32932985,0.84654146,-9.41]]]
[[[1147.0411376953125,0,984.3319702148438],[0,1147.0411376953125,575.9387817382812],[0,0,1]],[[9.0560949e-01,-1.3032700e-03,4.2412010e-01,-9.6000000e-01],[1.3148347e-01,9.5159537e-01,-2.7782759e-01,3.1300000e+00],[-4.0322566e-01,3.0736637e-01,8.6194003e-01,-9.5100000e+00]]]
[[[1147.0411376953125,0,984.3319702148438],[0,1147.0411376953125,575.9387817382812],[0,0,1]],[[0.86803073,0.03039574,0.49558759,-1.01],[0.14449722,0.9394629,-0.31070888,3.19],[-0.47502688,0.3413139,0.8110857,-9.61]]]
[[[1147.0411376953125,0,984.3319702148438],[0,1147.0411376953125,575.9387817382812],[0,0,1]],[[0.86401141,0.04067265,0.50183499,-1.03],[0.15691768,0.92533773,-0.34516209,3.18],[-0.47840208,0.37696853,0.79311544,-9.72]]]
[[[1147.0411376953125,0,984.3319702148438],[0,1147.0411376953125,575.9387817382812],[0,0,1]],[[0.88006783,0.02987795,0.47391608,-1.06],[0.15691534,0.92366117,-0.34962517,3.21],[-0.44818065,0.38205624,0.80819118,-9.82]]]
[[[1147.0411376953125,0,984.3319702148438],[0,1147.0411376953125,575.9387817382812],[0,0,1]],[[0.90181684,0.0167075,0.43180555,-1.09],[0.15693718,0.91836762,-0.36329299,3.22],[-0.40262294,0.39538759,0.82557231,-9.91]]]
[[[1147.0411376953125,0,984.3319702148438],[0,1147.0411376953125,575.9387817382812],[0,0,1]],[[0.87066501,-0.01196216,0.49173993,-1.14],[0.17397892,0.942577,-0.28511381,3.25],[-0.46008876,0.33378896,0.82274508,-10.]]]
[[[1147.0411376953125,0,984.3319702148438],[0,1147.0411376953125,575.9387817382812],[0,0,1]],[[0.79655713,-0.01389034,0.60441101,-1.2],[0.19123264,0.95419878,-0.23009725,3.28],[-0.57352793,0.29886687,0.76272571,-10.03]]]
[[[1147.0411376953125,0,984.3319702148438],[0,1147.0411376953125,575.9387817382812],[0,0,1]],[[0.75625175,0.01668585,0.65407473,-1.23],[0.1946466,0.94868076,-0.24925451,3.29],[-0.62466264,0.31581056,0.71418935,-10.09]]]
[[[1147.0411376953125,0,984.3319702148438],[0,1147.0411376953125,575.9387817382812],[0,0,1]],[[0.76817399,0.01938821,0.63995433,-1.27],[0.17554185,0.95486516,-0.23964132,3.32],[-0.61571187,0.29642317,0.73009479,-10.2]]]
[[[1147.0411376953125,0,984.3319702148438],[0,1147.0411376953125,575.9387817382812],[0,0,1]],[[0.78391618,0.0153898,0.62068325,-1.32],[0.16549732,0.95834905,-0.23278308,3.36],[-0.5984093,0.285202,0.74871373,-10.32]]]
[[[1147.0411376953125,0,984.3319702148438],[0,1147.0411376953125,575.9387817382812],[0,0,1]],[[7.4959147e-01,-1.2120500e-03,6.6190642e-01,-1.3700000e+00],[1.8100998e-01,9.6226013e-01,-2.0322655e-01,3.4000000e+00],[-6.3667524e-01,2.7214682e-01,7.2151715e-01,-1.0390000e+01]]]
[[[1147.0411376953125,0,984.3319702148438],[0,1147.0411376953125,575.9387817382812],[0,0,1]],[[6.7917693e-01,4.7612200e-03,7.3396546e-01,-1.4000000e+00],[2.0223986e-01,9.6006101e-01,-1.9337074e-01,3.4100000e+00],[-7.0556724e-01,2.7976820e-01,6.5108454e-01,-1.0420000e+01]]]
[[[1147.0411376953125,0,984.3319702148438],[0,1147.0411376953125,575.9387817382812],[0,0,1]],[[6.5061331e-01,-3.6352800e-03,7.5940651e-01,-1.4200000e+00],[2.1153450e-01,9.6128339e-01,-1.7662792e-01,3.4000000e+00],[-7.2935766e-01,2.7555543e-01,6.2618929e-01,-1.0500000e+01]]]
[[[1147.0411376953125,0,984.3319702148438],[0,1147.0411376953125,575.9387817382812],[0,0,1]],[[6.7584985e-01,6.1884500e-03,7.3701960e-01,-1.4700000e+00],[1.8874216e-01,9.6517360e-01,-1.8118104e-01,3.4600000e+00],[-7.1246785e-01,2.6155618e-01,6.5114057e-01,-1.0580000e+01]]]
[[[1147.0411376953125,0,984.3319702148438],[0,1147.0411376953125,575.9387817382812],[0,0,1]],[[0.71333778,-0.01369063,0.70069307,-1.49],[0.19932413,0.96248728,-0.18411502,3.48],[-0.67188269,0.27099952,0.6893034,-10.63]]]
[[[1147.0411376953125,0,984.3319702148438],[0,1147.0411376953125,575.9387817382812],[0,0,1]],[[0.6926862,-0.03695864,0.72029793,-1.53],[0.23494956,0.95577985,-0.17690141,3.53],[-0.68190306,0.29176888,0.67073488,-10.71]]]
