[[[1148.262451171875,0,984.35400390625],[0,1148.262451171875,575.9420166015625],[0,0,1]],[[0.9833827,0.00854795,-0.18134406,0.05],[-0.01281113,0.99966812,-0.02235045,-0.01],[0.18109283,0.02430226,0.9831658,-0.01]]]
[[[1148.262451171875,0,984.35400390625],[0,1148.262451171875,575.9420166015625],[0,0,1]],[[0.97464073,0.00792124,-0.22363679,0.07],[-0.01182591,0.99980015,-0.01612589,-0.],[0.22346431,0.01836165,0.9745394,-0.02]]]
[[[1148.262451171875,0,984.35400390625],[0,1148.262451171875,575.9420166015625],[0,0,1]],[[9.7107840e-01,9.7968000e-04,-2.3875991e-01,7.0000000e-02],[-4.8805100e-03,9.9986410e-01,-1.5747230e-02,-0.0000000e+00],[2.3871204e-01,1.6457070e-02,9.7095120e-01,-2.0000000e-02]]]
[[[1148.262451171875,0,984.35400390625],[0,1148.262451171875,575.9420166015625],[0,0,1]],[[9.74151373e-01,-4.58869239e-04,-2.25896716e-01,8.00000000e-02],[-1.96731000e-03,9.99942780e-01,-1.05149800e-02,-0.00000000e+00],[2.25888640e-01,1.06875900e-02,9.74094750e-01,-3.00000000e-02]]]
[[[1148.262451171875,0,984.35400390625],[0,1148.262451171875,575.9420166015625],[0,0,1]],[[9.83026270e-01,8.01046000e-03,-1.83291200e-01,8.00000000e-02],[-7.89133000e-03,9.99967870e-01,1.37937000e-03,1.00000000e-02],[1.83296382e-01,9.04519329e-05,9.83057916e-01,-3.00000000e-02]]]
[[[1148.262451171875,0,984.35400390625],[0,1148.262451171875,575.9420166015625],[0,0,1]],[[0.99044585,0.00792474,-0.13767597,0.08],[-0.00749886,0.99996531,0.00361181,0.],[0.13769983,-0.00254489,0.99047101,-0.02]]]
[[[1148.262451171875,0,984.35400390625],[0,1148.262451171875,575.9420166015625],[0,0,1]],[[0.99622655,0.00457131,-0.08667196,0.07],[-0.00131713,0.99929309,0.03756614,-0.],[0.08678248,-0.03731024,0.99552864,-0.01]]]
[[[1148.262451171875,0,984.35400390625],[0,1148.262451171875,575.9420166015625],[0,0,1]],[[0.99918199,-0.00125632,-0.04042291,0.07],[0.00418166,0.99736929,0.07236557,-0.01],[0.04022571,-0.07247544,0.99655902,-0.01]]]
[[[1148.262451171875,0,984.35400390625],[0,1148.262451171875,575.9420166015625],[0,0,1]],[[0.99983007,-0.01840129,0.00122567,0.06],[0.01815522,0.99377888,0.10987997,-0.02],[-0.00323995,-0.10983909,0.99394447,0.01]]]
[[[1148.262451171875,0,984.35400390625],[0,1148.262451171875,575.9420166015625],[0,0,1]],[[0.99901021,-0.03514782,0.02726649,0.07],[0.03074445,0.98853451,0.14783043,-0.01],[-0.03214977,-0.14684588,0.98863715,0.01]]]
[[[1148.262451171875,0,984.35400390625],[0,1148.262451171875,575.9420166015625],[0,0,1]],[[0.9981088,-0.05244358,0.03207806,0.07],[0.04663784,0.98590249,0.16068937,-0.01],[-0.04005294,-0.15888946,0.98648411,0.01]]]
[[[1148.262451171875,0,984.35400390625],[0,1148.262451171875,575.9420166015625],[0,0,1]],[[0.99801791,-0.05822406,0.02389031,0.07],[0.0536802,0.98569202,0.15977997,-0.01],[-0.0328515,-0.15818086,0.98686403,0.01]]]
[[[1148.262451171875,0,984.35400390625],[0,1148.262451171875,575.9420166015625],[0,0,1]],[[0.99815822,-0.05919804,0.01328385,0.08],[0.05623886,0.9849444,0.16346844,-0.01],[-0.02276083,-0.1624203,0.98645973,0.01]]]
[[[1148.262451171875,0,984.35400390625],[0,1148.262451171875,575.9420166015625],[0,0,1]],[[0.99833357,-0.05618142,-0.01320713,0.09],[0.0575668,0.98565423,0.15865692,-0.01],[0.00410413,-0.15915285,0.98724616,0.]]]
[[[1148.262451171875,0,984.35400390625],[0,1148.262451171875,575.9420166015625],[0,0,1]],[[0.99786407,-0.05359932,-0.03735187,0.09],[0.0587659,0.9862029,0.15475984,-0.01],[0.02854154,-0.15662432,0.98724651,0.]]]
[[[1148.262451171875,0,984.35400390625],[0,1148.262451171875,575.9420166015625],[0,0,1]],[[0.99586195,-0.04899277,-0.07654529,0.1],[0.05988403,0.98729563,0.14717925,-0.01],[0.06836217,-0.15115406,0.98614424,-0.]]]
[[[1148.262451171875,0,984.35400390625],[0,1148.262451171875,575.9420166015625],[0,0,1]],[[0.99273592,-0.04622503,-0.11108271,0.11],[0.06185529,0.9879806,0.14166495,-0.01],[0.10319914,-0.14750695,0.9836632,-0.]]]
[[[1148.262451171875,0,984.35400390625],[0,1148.262451171875,575.9420166015625],[0,0,1]],[[0.98787582,-0.04307313,-0.14915441,0.12],[0.06398516,0.98831081,0.13837834,-0.01],[0.14145055,-0.14624426,0.97908443,-0.01]]]
[[[1148.262451171875,0,984.35400390625],[0,1148.262451171875,575.9420166015625],[0,0,1]],[[0.98051292,-0.04013304,-0.19231349,0.13],[0.06659032,0.98885673,0.13315152,-0.01],[0.18482675,-0.14336295,0.97225928,-0.01]]]
[[[1148.262451171875,0,984.35400390625],[0,1148.262451171875,575.9420166015625],[0,0,1]],[[0.96728104,-0.034224,-0.25139025,0.14],[0.06854616,0.98926419,0.12906951,-0.01],[0.24427412,-0.1420783,0.9592424,-0.02]]]
[[[1148.262451171875,0,984.35400390625],[0,1148.262451171875,575.9420166015625],[0,0,1]],[[0.95628482,-0.03173416,-0.29071236,0.15],[0.07152005,0.9892869,0.12727131,-0.02],[0.28355905,-0.14249936,0.94830948,-0.02]]]
[[[1148.262451171875,0,984.35400390625],[0,1148.262451171875,575.9420166015625],[0,0,1]],[[0.94499546,-0.02850606,-0.32584056,0.16],[0.07386222,0.98906124,0.12768584,-0.02],[0.31863642,-0.14472985,0.936764,-0.02]]]
[[[1148.262451171875,0,984.35400390625],[0,1148.262451171875,575.9420166015625],[0,0,1]],[[0.93289459,-0.02574171,-0.35923016,0.16],[0.07724281,0.98853338,0.12975763,-0.02],[0.3517707,-0.14879815,0.92418563,-0.02]]]
[[[1148.262451171875,0,984.35400390625],[0,1148.262451171875,575.9420166015625],[0,0,1]],[[0.91997814,-0.02311727,-0.3912895,0.17],[0.07779255,0.98917127,0.12446158,-0.02],[0.38417482,-0.14494133,0.91181386,-0.02]]]
[[[1148.262451171875,0,984.35400390625],[0,1148.262451171875,575.9420166015625],[0,0,1]],[[0.914774,-0.02726626,-0.40304682,0.17],[0.07836635,0.99074489,0.11083978,-0.02],[0.39629406,-0.13297865,0.90844405,-0.02]]]
[[[1148.262451171875,0,984.35400390625],[0,1148.262451171875,575.9420166015625],[0,0,1]],[[0.92145795,-0.02560122,-0.3876358,0.17],[0.07783091,0.98976237,0.11964535,-0.02],[0.38060382,-0.14041819,0.91401654,-0.02]]]
[[[1148.262451171875,0,984.35400390625],[0,1148.262451171875,575.9420166015625],[0,0,1]],[[0.92873824,-0.02947601,-0.36956474,0.15],[0.08013669,0.98923039,0.12248865,-0.02],[0.36197379,-0.14337556,0.92109787,-0.03]]]
[[[1148.262451171875,0,984.35400390625],[0,1148.262451171875,575.9420166015625],[0,0,1]],[[0.94424087,-0.03066863,-0.3278262,0.14],[0.07694931,0.98863614,0.12914957,-0.02],[0.32013968,-0.14717427,0.93587023,-0.03]]]
[[[1148.262451171875,0,984.35400390625],[0,1148.262451171875,575.9420166015625],[0,0,1]],[[0.95621741,-0.03250413,-0.29084951,0.14],[0.07430521,0.98821282,0.13385271,-0.02],[0.28307003,-0.14960384,0.94736117,-0.03]]]
[[[1148.262451171875,0,984.35400390625],[0,1148.262451171875,575.9420166015625],[0,0,1]],[[0.96859902,-0.03536985,-0.24610324,0.12],[0.07231222,0.98711729,0.14273439,-0.02],[0.23788382,-0.15604858,0.95867801,-0.03]]]
[[[1148.262451171875,0,984.35400390625],[0,1148.262451171875,575.9420166015625],[0,0,1]],[[0.97985464,-0.03904558,-0.1958621,0.12],[0.07037848,0.98530072,0.15566617,-0.02],[0.18690459,-0.16631465,0.96819907,-0.03]]]
[[[1148.262451171875,0,984.35400390625],[0,1148.262451171875,575.9420166015625],[0,0,1]],[[0.98485523,-0.04242623,-0.16811267,0.11],[0.07014656,0.98420358,0.16255896,-0.02],[0.15856001,-0.17188953,0.97227365,-0.02]]]
[[[1148.262451171875,0,984.35400390625],[0,1148.262451171875,575.9420166015625],[0,0,1]],[[0.98907465,-0.0467504,-0.13981147,0.1],[0.07029609,0.98318648,0.16853973,-0.02],[0.1295812,-0.17652653,0.97573072,-0.02]]]
[[[1148.262451171875,0,984.35400390625],[0,1148.262451171875,575.9420166015625],[0,0,1]],[[0.99255615,-0.04660053,-0.11252639,0.09],[0.06603472,0.98222798,0.17570001,-0.01],[0.1023386,-0.18182275,0.97799301,-0.02]]]
[[[1148.262451171875,0,984.35400390625],[0,1148.262451171875,575.9420166015625],[0,0,1]],[[0.99532348,-0.04952196,-0.08294992,0.08],[0.06369038,0.98197234,0.17797959,-0.01],[0.07264039,-0.18243034,0.9805333,-0.02]]]
[[[1148.262451171875,0,984.35400390625],[0,1148.262451171875,575.9420166015625],[0,0,1]],[[0.99717289,-0.05150582,-0.05473147,0.08],[0.06061016,0.98172271,0.18041614,-0.01],[0.04443841,-0.18322332,0.98206806,-0.02]]]
[[[1148.262451171875,0,984.35400390625],[0,1148.262451171875,575.9420166015625],[0,0,1]],[[0.9979226,-0.05169106,-0.03848034,0.07],[0.05795318,0.98100656,0.18512274,-0.01],[0.02818007,-0.18696816,0.98196334,-0.02]]]
[[[1148.262451171875,0,984.35400390625],[0,1148.262451171875,575.9420166015625],[0,0,1]],[[0.99837571,-0.04928325,-0.02862161,0.07],[0.05386608,0.98002189,0.19146371,-0.01],[0.01861364,-0.19269443,0.98108387,-0.02]]]
[[[1148.262451171875,0,984.35400390625],[0,1148.262451171875,575.9420166015625],[0,0,1]],[[0.99845827,-0.0497897,-0.02458654,0.08],[0.05362706,0.97948474,0.19425954,-0.01],[0.01440981,-0.1952785,0.98064363,-0.02]]]
[[[1148.262451171875,0,984.35400390625],[0,1148.262451171875,575.9420166015625],[0,0,1]],[[0.99821329,-0.05255995,-0.02846976,0.08],[0.05706508,0.97971356,0.19211505,-0.01],[0.01779444,-0.1933963,0.98096102,-0.02]]]
[[[1148.262451171875,0,984.35400390625],[0,1148.262451171875,575.9420166015625],[0,0,1]],[[0.99774349,-0.05286764,-0.04142282,0.08],[0.05988709,0.97949582,0.19236606,-0.01],[0.03040331,-0.19441253,0.98045027,-0.02]]]
[[[1148.262451171875,0,984.35400390625],[0,1148.262451171875,575.9420166015625],[0,0,1]],[[0.99695909,-0.05264205,-0.05748234,0.08],[0.06275836,0.979496,0.19144773,-0.01],[0.04622527,-0.19447292,0.97981977,-0.02]]]
[[[1148.262451171875,0,984.35400390625],[0,1148.262451171875,575.9420166015625],[0,0,1]],[[0.99578887,-0.0520891,-0.07545947,0.09],[0.06568563,0.97944921,0.19070373,-0.01],[0.06397486,-0.19485712,0.97874475,-0.02]]]
[[[1148.262451171875,0,984.35400390625],[0,1148.262451171875,575.9420166015625],[0,0,1]],[[0.99514019,-0.05336573,-0.08277101,0.09],[0.0684358,0.97910035,0.19152625,-0.01],[0.0708199,-0.19625983,0.97799283,-0.03]]]
[[[1148.262451171875,0,984.35400390625],[0,1148.262451171875,575.9420166015625],[0,0,1]],[[0.995,-0.05321733,-0.08453259,0.09],[0.06854203,0.97934419,0.19023739,-0.01],[0.07266227,-0.1950801,0.97809368,-0.03]]]
[[[1148.262451171875,0,984.35400390625],[0,1148.262451171875,575.9420166015625],[0,0,1]],[[0.99519944,-0.05338998,-0.08203965,0.08],[0.06802544,0.97991002,0.18748899,-0.01],[0.07038115,-0.19216958,0.97883636,-0.03]]]
[[[1148.262451171875,0,984.35400390625],[0,1148.262451171875,575.9420166015625],[0,0,1]],[[0.99568802,-0.05248913,-0.07650571,0.08],[0.06624605,0.97952276,0.19013119,-0.01],[0.06495899,-0.1943794,0.97877491,-0.03]]]
[[[1148.262451171875,0,984.35400390625],[0,1148.262451171875,575.9420166015625],[0,0,1]],[[0.99574924,-0.04929195,-0.07782441,0.09],[0.06350756,0.9792769,0.1923196,-0.01],[0.06673154,-0.19644439,0.97824323,-0.03]]]
[[[1148.262451171875,0,984.35400390625],[0,1148.262451171875,575.9420166015625],[0,0,1]],[[0.99329019,-0.04991093,-0.10433827,0.09],[0.06817423,0.9813835,0.17956059,-0.],[0.09343349,-0.18546882,0.97819978,-0.03]]]
[[[1148.262451171875,0,984.35400390625],[0,1148.262451171875,575.9420166015625],[0,0,1]],[[0.98860329,-0.04278104,-0.14434782,0.11],[0.06835902,0.98180073,0.1771936,-0.],[0.13413987,-0.18504152,0.97353452,-0.04]]]
[[[1148.262451171875,0,984.35400390625],[0,1148.262451171875,575.9420166015625],[0,0,1]],[[0.98037463,-0.03631096,-0.1937782,0.12],[0.07085296,0.98211873,0.1744303,-0.01],[0.183979,-0.18473667,0.96541572,-0.04]]]
[[[1148.262451171875,0,984.35400390625],[0,1148.262451171875,575.9420166015625],[0,0,1]],[[0.97265434,-0.03117249,-0.23016213,0.14],[0.07255521,0.98214215,0.17359656,-0.01],[0.22064,-0.18554881,0.95754534,-0.05]]]
[[[1148.262451171875,0,984.35400390625],[0,1148.262451171875,575.9420166015625],[0,0,1]],[[0.96344298,-0.02770151,-0.26648286,0.14],[0.07530448,0.98254383,0.17011847,-0.01],[0.25711799,-0.18396668,0.94870967,-0.05]]]
[[[1148.262451171875,0,984.35400390625],[0,1148.262451171875,575.9420166015625],[0,0,1]],[[0.95470405,-0.02549429,-0.29646763,0.16],[0.07779571,0.98305631,0.16598634,-0.01],[0.2872121,-0.18153162,0.94050986,-0.05]]]
[[[1148.262451171875,0,984.35400390625],[0,1148.262451171875,575.9420166015625],[0,0,1]],[[0.94421369,-0.02281543,-0.32854658,0.17],[0.08024915,0.98346901,0.16233344,-0.01],[0.31941104,-0.17964292,0.93043453,-0.06]]]
[[[1148.262451171875,0,984.35400390625],[0,1148.262451171875,575.9420166015625],[0,0,1]],[[0.93400526,-0.01997587,-0.35670435,0.18],[0.08195876,0.98378998,0.15950993,-0.01],[0.34773511,-0.17821805,0.92050093,-0.06]]]
[[[1148.262451171875,0,984.35400390625],[0,1148.262451171875,575.9420166015625],[0,0,1]],[[0.92344517,-0.01804892,-0.38330945,0.19],[0.084751,0.98382086,0.15785162,-0.01],[0.3742581,-0.17825305,0.91003299,-0.06]]]
[[[1148.262451171875,0,984.35400390625],[0,1148.262451171875,575.9420166015625],[0,0,1]],[[0.9130286,-0.01626392,-0.4075748,0.2],[0.08640069,0.98424464,0.15427512,-0.01],[0.3986434,-0.17607224,0.90004742,-0.07]]]
[[[1148.262451171875,0,984.35400390625],[0,1148.262451171875,575.9420166015625],[0,0,1]],[[0.90019083,-0.01483264,-0.43524638,0.2],[0.0884218,0.9848299,0.14931521,-0.01],[0.42642808,-0.17289731,0.88784516,-0.07]]]
[[[1148.262451171875,0,984.35400390625],[0,1148.262451171875,575.9420166015625],[0,0,1]],[[0.88979006,-0.01108931,-0.45623851,0.21],[0.08749089,0.98530859,0.1466824,-0.02],[0.44790825,-0.17043313,0.8776868,-0.07]]]
[[[1148.262451171875,0,984.35400390625],[0,1148.262451171875,575.9420166015625],[0,0,1]],[[0.87486643,-0.00909652,-0.48428169,0.22],[0.08926184,0.98572892,0.14273825,-0.02],[0.47607121,-0.16810469,0.86319196,-0.07]]]
[[[1148.262451171875,0,984.35400390625],[0,1148.262451171875,575.9420166015625],[0,0,1]],[[0.86273378,-0.00695721,-0.50561345,0.23],[0.09053618,0.98587465,0.14091738,-0.02],[0.49749023,-0.16735038,0.85117608,-0.07]]]
[[[1148.262451171875,0,984.35400390625],[0,1148.262451171875,575.9420166015625],[0,0,1]],[[0.85715109,-0.0094341,-0.51498139,0.23],[0.09422939,0.98583198,0.13877861,-0.02],[0.50637501,-0.16748053,0.84589481,-0.07]]]
[[[1148.262451171875,0,984.35400390625],[0,1148.262451171875,575.9420166015625],[0,0,1]],[[0.85597402,-0.01149989,-0.51689368,0.23],[0.09892681,0.98492563,0.14190978,-0.02],[0.50746894,-0.17260562,0.84420729,-0.07]]]
[[[1148.262451171875,0,984.35400390625],[0,1148.262451171875,575.9420166015625],[0,0,1]],[[0.86012447,-0.01070097,-0.50997478,0.23],[0.09756997,0.9847725,0.14389797,-0.02],[0.50066841,-0.17352828,0.84806991,-0.08]]]
[[[1148.262451171875,0,984.35400390625],[0,1148.262451171875,575.9420166015625],[0,0,1]],[[0.86674505,-0.01104326,-0.49863213,0.22],[0.0957301,0.98485154,0.14459087,-0.02],[0.48948094,-0.17305741,0.85467124,-0.08]]]
[[[1148.262451171875,0,984.35400390625],[0,1148.262451171875,575.9420166015625],[0,0,1]],[[0.87677222,-0.01005573,-0.48080373,0.22],[0.0896975,0.98565811,0.14295395,-0.02],[0.47246972,-0.16846484,0.86509848,-0.08]]]
[[[1148.262451171875,0,984.35400390625],[0,1148.262451171875,575.9420166015625],[0,0,1]],[[0.88513529,-0.00798399,-0.46526843,0.22],[0.08544006,0.9856447,0.1456292,-0.02],[0.45742583,-0.16865401,0.87310982,-0.07]]]
[[[1148.262451171875,0,984.35400390625],[0,1148.262451171875,575.9420166015625],[0,0,1]],[[0.88909364,-0.00577019,-0.45769215,0.22],[0.08396406,0.9850111,0.15068695,-0.02],[0.44996151,-0.17240438,0.87625039,-0.07]]]
[[[1148.262451171875,0,984.35400390625],[0,1148.262451171875,575.9420166015625],[0,0,1]],[[0.89340609,-0.00615138,-0.44921109,0.22],[0.08299701,0.98495609,0.1515796,-0.02],[0.44151998,-0.17270519,0.88047516,-0.07]]]
[[[1148.262451171875,0,984.35400390625],[0,1148.262451171875,575.9420166015625],[0,0,1]],[[0.90076357,-0.00868345,-0.43422645,0.21],[0.0829455,0.98483866,0.15236866,-0.02],[0.42631909,-0.17326513,0.88782579,-0.07]]]
[[[1148.262451171875,0,984.35400390625],[0,1148.262451171875,575.9420166015625],[0,0,1]],[[0.90862137,-0.01222281,-0.41744548,0.2],[0.08338165,0.98475724,0.15265676,-0.02],[0.40921578,-0.17351437,0.89578938,-0.07]]]
[[[1148.262451171875,0,984.35400390625],[0,1148.262451171875,575.9420166015625],[0,0,1]],[[0.91874707,-0.01397504,-0.39460284,0.2],[0.08235269,0.98417908,0.1568853,-0.02],[0.3861666,-0.17663439,0.90536124,-0.07]]]
[[[1148.262451171875,0,984.35400390625],[0,1148.262451171875,575.9420166015625],[0,0,1]],[[0.92754948,-0.01894646,-0.37322357,0.19],[0.08387032,0.98379272,0.15849619,-0.02],[0.36417094,-0.17831531,0.91410422,-0.07]]]
[[[1148.262451171875,0,984.35400390625],[0,1148.262451171875,575.9420166015625],[0,0,1]],[[0.93439466,-0.02087778,-0.35563126,0.18],[0.08366236,0.9832238,0.16209531,-0.02],[0.34628025,-0.18121381,0.92046452,-0.07]]]
[[[1148.262451171875,0,984.35400390625],[0,1148.262451171875,575.9420166015625],[0,0,1]],[[0.94134521,-0.02291728,-0.33667037,0.18],[0.08378717,0.98232299,0.16740558,-0.02],[0.32688192,-0.18579496,0.92662388,-0.07]]]
[[[1148.262451171875,0,984.35400390625],[0,1148.262451171875,575.9420166015625],[0,0,1]],[[0.94717562,-0.02292184,-0.31989977,0.18],[0.08136037,0.98198885,0.1705334,-0.02],[0.31022844,-0.18755212,0.93197954,-0.07]]]
[[[1148.262451171875,0,984.35400390625],[0,1148.262451171875,575.9420166015625],[0,0,1]],[[0.95267075,-0.02163695,-0.30323777,0.17],[0.0783688,0.98123246,0.17619449,-0.02],[0.29373378,-0.19161958,0.93648583,-0.07]]]
[[[1148.262451171875,0,984.35400390625],[0,1148.262451171875,575.9420166015625],[0,0,1]],[[0.9588154,-0.01958096,-0.28335929,0.17],[0.07307164,0.98104894,0.17946248,-0.02],[0.27447471,-0.19277681,0.94207436,-0.07]]]
[[[1148.262451171875,0,984.35400390625],[0,1148.262451171875,575.9420166015625],[0,0,1]],[[0.96451235,-0.01940707,-0.26332882,0.16],[0.06973147,0.98061228,0.18314016,-0.02],[0.25466871,-0.19500314,0.94716471,-0.07]]]
[[[1148.262451171875,0,984.35400390625],[0,1148.262451171875,575.9420166015625],[0,0,1]],[[0.96954381,-0.02193134,-0.24393974,0.16],[0.06892087,0.98016804,0.18580587,-0.02],[0.23502645,-0.19695935,0.95182616,-0.07]]]
[[[1148.262451171875,0,984.35400390625],[0,1148.262451171875,575.9420166015625],[0,0,1]],[[0.97348797,-0.02634064,-0.22722264,0.15],[0.07020976,0.97980827,0.18721551,-0.02],[0.21770273,-0.19820516,0.95567966,-0.07]]]
[[[1148.262451171875,0,984.35400390625],[0,1148.262451171875,575.9420166015625],[0,0,1]],[[0.97726953,-0.02938627,-0.20996065,0.15],[0.06983037,0.97970277,0.18790805,-0.02],[0.20017664,-0.19829832,0.95948446,-0.07]]]
[[[1148.262451171875,0,984.35400390625],[0,1148.262451171875,575.9420166015625],[0,0,1]],[[0.98077428,-0.03126222,-0.19263259,0.14],[0.06854292,0.97938281,0.19003786,-0.02],[0.18271957,-0.1995877,0.962695,-0.07]]]
[[[1148.262451171875,0,984.35400390625],[0,1148.262451171875,575.9420166015625],[0,0,1]],[[0.98438674,-0.03219098,-0.1730587,0.14],[0.06592281,0.97900844,0.19287291,-0.02],[0.16321672,-0.20126991,0.96584374,-0.07]]]
[[[1148.262451171875,0,984.35400390625],[0,1148.262451171875,575.9420166015625],[0,0,1]],[[0.98777628,-0.03385893,-0.15216604,0.13],[0.06356091,0.97878098,0.1948102,-0.01],[0.14234075,-0.20210055,0.96896738,-0.06]]]
[[[1148.262451171875,0,984.35400390625],[0,1148.262451171875,575.9420166015625],[0,0,1]],[[0.99061048,-0.03701606,-0.13161926,0.13],[0.06248749,0.97880715,0.19502611,-0.02],[0.12161039,-0.20141932,0.97192824,-0.06]]]
[[[1148.262451171875,0,984.35400390625],[0,1148.262451171875,575.9420166015625],[0,0,1]],[[0.99274617,-0.04063718,-0.11316614,0.13],[0.0627104,0.97800702,0.1989294,-0.02],[0.102593,-0.20458294,0.97345972,-0.06]]]
[[[1148.262451171875,0,984.35400390625],[0,1148.262451171875,575.9420166015625],[0,0,1]],[[0.9945755,-0.04253211,-0.09493954,0.12],[0.06147453,0.97650826,0.20653276,-0.02],[0.08392466,-0.21124864,0.97382444,-0.06]]]
[[[1148.262451171875,0,984.35400390625],[0,1148.262451171875,575.9420166015625],[0,0,1]],[[0.99581158,-0.04683692,-0.07853989,0.12],[0.06256534,0.97534794,0.21162525,-0.02],[0.06669157,-0.21565256,0.97419173,-0.05]]]
[[[1148.262451171875,0,984.35400390625],[0,1148.262451171875,575.9420166015625],[0,0,1]],[[0.99724054,-0.04879606,-0.05597458,0.11],[0.0598166,0.97453004,0.21613978,-0.01],[0.04400189,-0.21889138,0.97475827,-0.05]]]
[[[1148.262451171875,0,984.35400390625],[0,1148.262451171875,575.9420166015625],[0,0,1]],[[0.99784851,-0.04997922,-0.04246596,0.11],[0.05791853,0.97532058,0.2130693,-0.01],[0.03076865,-0.21507026,0.97611547,-0.05]]]
[[[1148.262451171875,0,984.35400390625],[0,1148.262451171875,575.9420166015625],[0,0,1]],[[0.99843514,-0.05256211,-0.0191673,0.11],[0.05541021,0.97638023,0.20884101,-0.01],[0.00773725,-0.20957612,0.97776341,-0.05]]]
[[[1148.262451171875,0,984.35400390625],[0,1148.262451171875,575.9420166015625],[0,0,1]],[[0.99824756,-0.0590241,0.00456407,0.1],[0.05677466,0.9763394,0.2086654,-0.01],[-0.01677254,-0.20804045,0.97797811,-0.05]]]
[[[1148.262451171875,0,984.35400390625],[0,1148.262451171875,575.9420166015625],[0,0,1]],[[0.99781001,-0.06199834,0.02311467,0.09],[0.05575623,0.97593999,0.21079765,-0.01],[-0.03562778,-0.20904705,0.97725809,-0.05]]]
[[[1148.262451171875,0,984.35400390625],[0,1148.262451171875,575.9420166015625],[0,0,1]],[[0.99665803,-0.06505141,0.04943573,0.09],[0.05344443,0.97671896,0.20776671,-0.01],[-0.06180044,-0.20443016,0.97693008,-0.05]]]
[[[1148.262451171875,0,984.35400390625],[0,1148.262451171875,575.9420166015625],[0,0,1]],[[0.99537295,-0.06582867,0.07001549,0.09],[0.05005427,0.97705436,0.2070328,-0.],[-0.08203772,-0.20257011,0.9758271,-0.05]]]
[[[1148.262451171875,0,984.35400390625],[0,1148.262451171875,575.9420166015625],[0,0,1]],[[0.99324268,-0.06732859,0.09454449,0.09],[0.04707375,0.97823453,0.20210029,-0.],[-0.10609386,-0.19628394,0.9747923,-0.04]]]
[[[1148.262451171875,0,984.35400390625],[0,1148.262451171875,575.9420166015625],[0,0,1]],[[0.9916209,-0.06850876,0.10953262,0.08],[0.04544539,0.97860831,0.20065817,-0.],[-0.12093639,-0.19399896,0.97352046,-0.04]]]
[[[1148.262451171875,0,984.35400390625],[0,1148.262451171875,575.9420166015625],[0,0,1]],[[0.98917437,-0.06866457,0.12969978,0.08],[0.04187245,0.97910553,0.19900325,-0.],[-0.14065427,-0.19141792,0.97137988,-0.04]]]
[[[1148.262451171875,0,984.35400390625],[0,1148.262451171875,575.9420166015625],[0,0,1]],[[0.98690116,-0.0712564,0.1447465,0.08],[0.04128624,0.97885019,0.20037706,-0.],[-0.15596326,-0.19177616,0.96896887,-0.04]]]
[[[1148.262451171875,0,984.35400390625],[0,1148.262451171875,575.9420166015625],[0,0,1]],[[0.9837414,-0.0768262,0.16233769,0.08],[0.04251744,0.97781825,0.2051025,-0.],[-0.17449395,-0.19486548,0.96518528,-0.04]]]
[[[1148.262451171875,0,984.35400390625],[0,1148.262451171875,575.9420166015625],[0,0,1]],[[0.98067194,-0.07745846,0.17968231,0.07],[0.03912027,0.97738498,0.20782551,0.],[-0.19171655,-0.19677927,0.96152276,-0.03]]]
[[[1148.262451171875,0,984.35400390625],[0,1148.262451171875,575.9420166015625],[0,0,1]],[[0.9779709,-0.07891548,0.1932566,0.07],[0.0378155,0.97744775,0.2077719,0.],[-0.20529453,-0.19588663,0.95889831,-0.03]]]
[[[1148.262451171875,0,984.35400390625],[0,1148.262451171875,575.9420166015625],[0,0,1]],[[0.97667164,-0.07793045,0.20010553,0.07],[0.03515371,0.97728074,0.20902109,0.],[-0.21184829,-0.19711037,0.95722055,-0.03]]]
[[[1148.262451171875,0,984.35400390625],[0,1148.262451171875,575.9420166015625],[0,0,1]],[[0.97679418,-0.07722121,0.199782,0.08],[0.03499829,0.97775614,0.20681223,0.],[-0.21130827,-0.19502081,0.95776778,-0.03]]]
[[[1148.262451171875,0,984.35400390625],[0,1148.262451171875,575.9420166015625],[0,0,1]],[[0.97910357,-0.07544103,0.18885891,0.08],[0.03575635,0.97804433,0.20531453,0.],[-0.20020144,-0.19427115,0.96030283,-0.04]]]
[[[1148.262451171875,0,984.35400390625],[0,1148.262451171875,575.9420166015625],[0,0,1]],[[0.98161823,-0.07416464,0.17586428,0.09],[0.03758103,0.97848457,0.2028764,-0.],[-0.18712668,-0.19253787,0.96328408,-0.04]]]
[[[1148.262451171875,0,984.35400390625],[0,1148.262451171875,575.9420166015625],[0,0,1]],[[0.98557788,-0.07327219,0.15254626,0.09],[0.04149337,0.97852248,0.20192903,-0.],[-0.16406569,-0.19268699,0.96744901,-0.05]]]
[[[1148.262451171875,0,984.35400390625],[0,1148.262451171875,575.9420166015625],[0,0,1]],[[0.98853922,-0.07138742,0.13302973,0.1],[0.04361906,0.97861701,0.20102097,-0.],[-0.14453551,-0.19291434,0.9705137,-0.05]]]
[[[1148.262451171875,0,984.35400390625],[0,1148.262451171875,575.9420166015625],[0,0,1]],[[0.99261957,-0.06706317,0.10105313,0.11],[0.0459739,0.9790895,0.19817515,-0.],[-0.11223035,-0.19206659,0.97494519,-0.05]]]
[[[1148.262451171875,0,984.35400390625],[0,1148.262451171875,575.9420166015625],[0,0,1]],[[0.9950093,-0.06389485,0.07666036,0.12],[0.04775824,0.97936141,0.19640183,-0.],[-0.08762732,-0.19176035,0.9775238,-0.06]]]
[[[1148.262451171875,0,984.35400390625],[0,1148.262451171875,575.9420166015625],[0,0,1]],[[0.99761844,-0.05933458,0.03520932,0.13],[0.0514687,0.97986042,0.19294494,0.],[-0.04594866,-0.1906731,0.98057932,-0.06]]]
[[[1148.262451171875,0,984.35400390625],[0,1148.262451171875,575.9420166015625],[0,0,1]],[[0.99841124,-0.05600662,0.00641442,0.13],[0.05373555,0.97991884,0.19202808,0.],[-0.01704062,-0.19137816,0.98137015,-0.07]]]
[[[1148.262451171875,0,984.35400390625],[0,1148.262451171875,575.9420166015625],[0,0,1]],[[0.99783093,-0.05398066,-0.03771444,0.14],[0.06009413,0.98064673,0.18634352,0.],[0.02692536,-0.1882056,0.98176217,-0.07]]]
[[[1148.262451171875,0,984.35400390625],[0,1148.262451171875,575.9420166015625],[0,0,1]],[[0.99634767,-0.05159722,-0.06805873,0.15],[0.06330325,0.98108518,0.18294202,0.],[0.05733184,-0.18658206,0.98076677,-0.07]]]
[[[1148.262451171875,0,984.35400390625],[0,1148.262451171875,575.9420166015625],[0,0,1]],[[0.99236107,-0.04620983,-0.11439862,0.17],[0.06652461,0.98128843,0.18069518,0.],[0.10390782,-0.18692507,0.97686517,-0.08]]]
[[[1148.262451171875,0,984.35400390625],[0,1148.262451171875,575.9420166015625],[0,0,1]],[[0.98852646,-0.04314129,-0.14476585,0.17],[0.06906097,0.98140305,0.17911419,-0.],[0.13434604,-0.18705668,0.97312093,-0.08]]]
[[[1148.262451171875,0,984.35400390625],[0,1148.262451171875,575.9420166015625],[0,0,1]],[[0.98194826,-0.04044636,-0.18478261,0.18],[0.07381633,0.9813574,0.1774599,-0.],[0.17415974,-0.18789627,0.96662647,-0.09]]]
[[[1148.262451171875,0,984.35400390625],[0,1148.262451171875,575.9420166015625],[0,0,1]],[[0.97723991,-0.03927009,-0.20847723,0.19],[0.07673284,0.98161405,0.17478336,-0.],[0.19777994,-0.18680221,0.96228445,-0.09]]]
[[[1148.262451171875,0,984.35400390625],[0,1148.262451171875,575.9420166015625],[0,0,1]],[[0.96988106,-0.03744034,-0.24069014,0.2],[0.08076477,0.98165077,0.17274867,-0.],[0.2298054,-0.18698485,0.95510709,-0.1]]]
[[[1148.262451171875,0,984.35400390625],[0,1148.262451171875,575.9420166015625],[0,0,1]],[[0.9636535,-0.03872787,-0.26433867,0.21],[0.08562344,0.9820171,0.1682687,-0.],[0.25306782,-0.18478619,0.94963896,-0.1]]]
[[[1148.262451171875,0,984.35400390625],[0,1148.262451171875,575.9420166015625],[0,0,1]],[[0.95247,-0.0393269,-0.30208811,0.22],[0.0932354,0.98168147,0.16616826,-0.01],[0.2900188,-0.18643543,0.9386875,-0.1]]]
[[[1148.262451171875,0,984.35400390625],[0,1148.262451171875,575.9420166015625],[0,0,1]],[[0.94359893,-0.03510633,-0.32922867,0.22],[0.09704661,0.98001701,0.1736431,-0.01],[0.31655309,-0.19579981,0.92814869,-0.1]]]
[[[1148.262451171875,0,984.35400390625],[0,1148.262451171875,575.9420166015625],[0,0,1]],[[0.92998642,-0.03083984,-0.36630189,0.23],[0.1026902,0.9786002,0.17832462,-0.01],[0.35296291,-0.20345493,0.91325063,-0.1]]]
[[[1148.262451171875,0,984.35400390625],[0,1148.262451171875,575.9420166015625],[0,0,1]],[[0.91827953,-0.03354176,-0.39451304,0.23],[0.10824936,0.97971237,0.16866852,-0.01],[0.38085112,-0.19759049,0.90327942,-0.11]]]
[[[1148.262451171875,0,984.35400390625],[0,1148.262451171875,575.9420166015625],[0,0,1]],[[0.90126801,-0.03353653,-0.43196556,0.24],[0.11463401,0.97992933,0.16309763,-0.01],[0.41782519,-0.19651248,0.88702214,-0.11]]]
[[[1148.262451171875,0,984.35400390625],[0,1148.262451171875,575.9420166015625],[0,0,1]],[[0.87942743,-0.02937461,-0.47512892,0.24],[0.11715758,0.98075181,0.15621531,-0.01],[0.46139395,-0.19304486,0.86594033,-0.11]]]
[[[1148.262451171875,0,984.35400390625],[0,1148.262451171875,575.9420166015625],[0,0,1]],[[0.85132432,-0.02489733,-0.52405137,0.24],[0.12531412,0.97961235,0.15703282,-0.01],[0.50945657,-0.19935673,0.83708674,-0.11]]]
[[[1148.262451171875,0,984.35400390625],[0,1148.262451171875,575.9420166015625],[0,0,1]],[[0.83216393,-0.02097944,-0.5541352,0.23],[0.12879433,0.97927171,0.15633991,-0.02],[0.53936809,-0.20146976,0.81761563,-0.11]]]
[[[1148.262451171875,0,984.35400390625],[0,1148.262451171875,575.9420166015625],[0,0,1]],[[0.80176467,-0.01763657,-0.59738195,0.23],[0.13547476,0.97890955,0.15292443,-0.02],[0.58208483,-0.20353945,0.78724349,-0.12]]]
[[[1148.262451171875,0,984.35400390625],[0,1148.262451171875,575.9420166015625],[0,0,1]],[[0.764979,-0.01678119,-0.64383876,0.23],[0.140219,0.98002273,0.14105809,-0.02],[0.62860852,-0.19818476,0.75204891,-0.12]]]
[[[1148.262451171875,0,984.35400390625],[0,1148.262451171875,575.9420166015625],[0,0,1]],[[0.72521251,-0.01686545,-0.68832058,0.23],[0.14794545,0.98016769,0.13185854,-0.02],[0.67244464,-0.19745922,0.71332419,-0.11]]]
[[[1148.262451171875,0,984.35400390625],[0,1148.262451171875,575.9420166015625],[0,0,1]],[[0.68514609,-0.01611015,-0.7282294,0.23],[0.1505259,0.98130852,0.1199117,-0.03],[0.71268481,-0.19177429,0.67476392,-0.11]]]
[[[1148.262451171875,0,984.35400390625],[0,1148.262451171875,575.9420166015625],[0,0,1]],[[0.64877957,-0.01002514,-0.76091236,0.24],[0.14889139,0.98226106,0.11400844,-0.03],[0.74627042,-0.1872595,0.63876271,-0.11]]]
[[[1148.262451171875,0,984.35400390625],[0,1148.262451171875,575.9420166015625],[0,0,1]],[[0.62131017,-0.00632888,-0.78354102,0.24],[0.14513151,0.98359632,0.10713755,-0.03],[0.7700088,-0.18028203,0.61203617,-0.11]]]
[[[1148.262451171875,0,984.35400390625],[0,1148.262451171875,575.9420166015625],[0,0,1]],[[0.59087461,-0.00277925,-0.80676031,0.26],[0.13809898,0.98558468,0.09774903,-0.03],[0.79485768,-0.16917013,0.58274019,-0.11]]]
[[[1148.262451171875,0,984.35400390625],[0,1148.262451171875,575.9420166015625],[0,0,1]],[[0.56050181,-0.00356919,-0.82814723,0.26],[0.13839608,0.98633379,0.08941752,-0.04],[0.81650913,-0.16473092,0.55333525,-0.1]]]
[[[1148.262451171875,0,984.35400390625],[0,1148.262451171875,575.9420166015625],[0,0,1]],[[0.53659981,0.00683582,-0.84381092,0.28],[0.13826236,0.98574245,0.09591008,-0.04],[0.83243448,-0.16813253,0.52800351,-0.1]]]
[[[1148.262451171875,0,984.35400390625],[0,1148.262451171875,575.9420166015625],[0,0,1]],[[0.51496363,0.00173118,-0.85721022,0.29],[0.13913739,0.98656839,0.08557834,-0.04],[0.84584469,-0.16333973,0.507806,-0.09]]]
[[[1148.262451171875,0,984.35400390625],[0,1148.262451171875,575.9420166015625],[0,0,1]],[[0.49268556,-0.00483432,-0.87019396,0.31],[0.14115772,0.98718476,0.07443628,-0.04],[0.85868239,-0.15950827,0.48705411,-0.09]]]
[[[1148.262451171875,0,984.35400390625],[0,1148.262451171875,575.9420166015625],[0,0,1]],[[0.46822289,-0.00653104,-0.88358635,0.32],[0.14448202,0.98708004,0.06926674,-0.04],[0.87171811,-0.16009459,0.46311706,-0.08]]]
[[[1148.262451171875,0,984.35400390625],[0,1148.262451171875,575.9420166015625],[0,0,1]],[[0.43618649,-0.00364685,-0.89984888,0.35],[0.14397837,0.98739153,0.06578939,-0.04],[0.88826317,-0.15825519,0.43121183,-0.07]]]
[[[1148.262451171875,0,984.35400390625],[0,1148.262451171875,575.9420166015625],[0,0,1]],[[0.4006505,-0.00255092,-0.91622758,0.36],[0.14417498,0.98771369,0.06029527,-0.04],[0.90481651,-0.15625437,0.39609548,-0.07]]]
[[[1148.262451171875,0,984.35400390625],[0,1148.262451171875,575.9420166015625],[0,0,1]],[[0.36047548,-0.00375768,-0.93276137,0.37],[0.14335059,0.98833537,0.05141778,-0.04],[0.92168772,-0.15224668,0.35680905,-0.06]]]
[[[1148.262451171875,0,984.35400390625],[0,1148.262451171875,575.9420166015625],[0,0,1]],[[0.32604918,0.00126901,-0.9453522,0.38],[0.14107922,0.98873562,0.04998504,-0.04],[0.93476665,-0.14966711,0.32219717,-0.06]]]
[[[1148.262451171875,0,984.35400390625],[0,1148.262451171875,575.9420166015625],[0,0,1]],[[0.29559225,0.0014987,-0.95531315,0.35],[0.13343427,0.99013132,0.04284048,-0.06],[0.94594961,-0.1401348,0.29247516,-0.02]]]
[[[1148.262451171875,0,984.35400390625],[0,1148.262451171875,575.9420166015625],[0,0,1]],[[0.28942499,0.00418359,-0.95719182,0.34],[0.13238978,0.99020469,0.04435844,-0.06],[0.94800138,-0.13956083,0.2860361,-0.03]]]
[[[1148.262451171875,0,984.35400390625],[0,1148.262451171875,575.9420166015625],[0,0,1]],[[0.30329749,0.0101313,-0.952842,0.33],[0.12927711,0.9902609,0.05167913,-0.06],[0.94408572,-0.13885482,0.29903388,-0.04]]]
[[[1148.262451171875,0,984.35400390625],[0,1148.262451171875,575.9420166015625],[0,0,1]],[[0.33295581,0.01497458,-0.94282365,0.33],[0.12383615,0.99051929,0.05946456,-0.06],[0.93477541,-0.13655472,0.32794476,-0.04]]]
[[[1148.262451171875,0,984.35400390625],[0,1148.262451171875,575.9420166015625],[0,0,1]],[[0.36974084,0.02186016,-0.92887783,0.32],[0.11571041,0.99085712,0.06937746,-0.06],[0.92190182,-0.13313252,0.36383092,-0.04]]]
[[[1148.262451171875,0,984.35400390625],[0,1148.262451171875,575.9420166015625],[0,0,1]],[[0.39779025,0.02649004,-0.91709387,0.31],[0.11105628,0.99084288,0.07679103,-0.05],[0.91073012,-0.13239577,0.39120579,-0.05]]]
[[[1148.262451171875,0,984.35400390625],[0,1148.262451171875,575.9420166015625],[0,0,1]],[[0.44016278,0.02971043,-0.89742637,0.3],[0.10323506,0.99115038,0.08344725,-0.05],[0.89196372,-0.12937623,0.43320036,-0.06]]]
[[[1148.262451171875,0,984.35400390625],[0,1148.262451171875,575.9420166015625],[0,0,1]],[[0.47054267,0.03091272,-0.88183564,0.29],[0.0994482,0.99116063,0.08781013,-0.05],[0.87675518,-0.12901539,0.46330917,-0.07]]]
[[[1148.262451171875,0,984.35400390625],[0,1148.262451171875,575.9420166015625],[0,0,1]],[[0.51421249,0.03720342,-0.85685563,0.27],[0.09309313,0.99073499,0.09888293,-0.05],[0.85259569,-0.13061419,0.5059849,-0.07]]]
[[[1148.262451171875,0,984.35400390625],[0,1148.262451171875,575.9420166015625],[0,0,1]],[[0.5542236,0.03763789,-0.83151644,0.26],[0.08993558,0.99042106,0.10477459,-0.05],[0.82749474,-0.13285145,0.54552972,-0.09]]]
[[[1148.262451171875,0,984.35400390625],[0,1148.262451171875,575.9420166015625],[0,0,1]],[[0.58252871,0.03579434,-0.81202161,0.25],[0.09083333,0.98990524,0.10879767,-0.05],[0.80771858,-0.1371364,0.57339698,-0.09]]]
[[[1148.262451171875,0,984.35400390625],[0,1148.262451171875,575.9420166015625],[0,0,1]],[[0.62330908,0.03999134,-0.78095239,0.24],[0.08904089,0.98856622,0.12169001,-0.05],[0.77688938,-0.14538717,0.61262155,-0.09]]]
[[[1148.262451171875,0,984.35400390625],[0,1148.262451171875,575.9420166015625],[0,0,1]],[[0.66209829,0.03932088,-0.74838471,0.23],[0.08702058,0.98783362,0.12888916,-0.05],[0.74434727,-0.15046214,0.65062135,-0.1]]]
[[[1148.262451171875,0,984.35400390625],[0,1148.262451171875,575.9420166015625],[0,0,1]],[[0.69740731,0.03406012,-0.71586519,0.22],[0.08636566,0.98759627,0.13112764,-0.05],[0.71145171,-0.15327556,0.68581551,-0.11]]]
[[[1148.262451171875,0,984.35400390625],[0,1148.262451171875,575.9420166015625],[0,0,1]],[[0.71882802,0.03292214,-0.69440782,0.21],[0.08414976,0.98741245,0.13392267,-0.05],[0.6900757,-0.15470167,0.70700967,-0.11]]]
[[[1148.262451171875,0,984.35400390625],[0,1148.262451171875,575.9420166015625],[0,0,1]],[[0.74589247,0.03202673,-0.66529584,0.2],[0.08152053,0.98694432,0.13890688,-0.05],[0.66105855,-0.15784489,0.73354393,-0.11]]]
[[[1148.262451171875,0,984.35400390625],[0,1148.262451171875,575.9420166015625],[0,0,1]],[[0.76221347,0.02659124,-0.6467796,0.2],[0.08294955,0.98690653,0.13832894,-0.04],[0.64198929,-0.15908621,0.75002789,-0.12]]]
[[[1148.262451171875,0,984.35400390625],[0,1148.262451171875,575.9420166015625],[0,0,1]],[[0.78676838,0.02380886,-0.61678898,0.19],[0.08163618,0.98646384,0.14221285,-0.04],[0.61182606,-0.16224091,0.77417511,-0.12]]]
[[[1148.262451171875,0,984.35400390625],[0,1148.262451171875,575.9420166015625],[0,0,1]],[[0.80268377,0.02133048,-0.5960232,0.18],[0.08021262,0.98641956,0.14332689,-0.04],[0.59098619,-0.16285479,0.7900722,-0.12]]]
[[[1148.262451171875,0,984.35400390625],[0,1148.262451171875,575.9420166015625],[0,0,1]],[[0.82438552,0.01826298,-0.56573391,0.17],[0.07904598,0.98597109,0.14701456,-0.04],[0.5604822,-0.16591571,0.81137687,-0.12]]]
[[[1148.262451171875,0,984.35400390625],[0,1148.262451171875,575.9420166015625],[0,0,1]],[[0.8389259,0.01773901,-0.5439561,0.17],[0.07772505,0.98531902,0.15200511,-0.04],[0.53866696,-0.16980015,0.82523137,-0.12]]]
[[[1148.262451171875,0,984.35400390625],[0,1148.262451171875,575.9420166015625],[0,0,1]],[[0.85804248,0.01511696,-0.51335597,0.16],[0.07706148,0.98446083,0.15779312,-0.04],[0.5077644,-0.17495328,0.84354478,-0.12]]]
[[[1148.262451171875,0,984.35400390625],[0,1148.262451171875,575.9420166015625],[0,0,1]],[[0.86969531,0.01292048,-0.4934195,0.16],[0.07620096,0.98415816,0.16008162,-0.04],[0.48767138,-0.17682141,0.85493386,-0.12]]]
[[[1148.262451171875,0,984.35400390625],[0,1148.262451171875,575.9420166015625],[0,0,1]],[[0.88395375,0.0115182,-0.46743208,0.15],[0.07418994,0.98357701,0.16453619,-0.04],[0.46165082,-0.1801213,0.86858279,-0.12]]]
[[[1148.262451171875,0,984.35400390625],[0,1148.262451171875,575.9420166015625],[0,0,1]],[[0.89726675,0.01060254,-0.44136152,0.15],[0.07213268,0.98275733,0.1702504,-0.04],[0.4355565,-0.18459672,0.88103127,-0.12]]]
[[[1148.262451171875,0,984.35400390625],[0,1148.262451171875,575.9420166015625],[0,0,1]],[[0.90527463,0.00845208,-0.42474276,0.14],[0.0708904,0.98277861,0.17064871,-0.05],[0.4188706,-0.18459427,0.88908607,-0.12]]]
[[[1148.262451171875,0,984.35400390625],[0,1148.262451171875,575.9420166015625],[0,0,1]],[[0.91761214,0.00665898,-0.39742091,0.14],[0.0679094,0.98253208,0.17325997,-0.04],[0.39163274,-0.18597424,0.90113211,-0.12]]]
[[[1148.262451171875,0,984.35400390625],[0,1148.262451171875,575.9420166015625],[0,0,1]],[[0.92522466,0.00666483,-0.37936124,0.13],[0.06488205,0.98233926,0.17549917,-0.04],[0.37383127,-0.18699007,0.90845299,-0.12]]]
[[[1148.262451171875,0,984.35400390625],[0,1148.262451171875,575.9420166015625],[0,0,1]],[[0.93515539,0.00478753,-0.35420516,0.13],[0.06138838,0.98258936,0.17535554,-0.04],[0.34887791,-0.18572897,0.91858089,-0.13]]]
[[[1148.262451171875,0,984.35400390625],[0,1148.262451171875,575.9420166015625],[0,0,1]],[[0.94123274,0.00512546,-0.33771989,0.13],[0.05843423,0.98233646,0.17776601,-0.04],[0.33266577,-0.18705378,0.92430866,-0.13]]]
[[[1148.262451171875,0,984.35400390625],[0,1148.262451171875,575.9420166015625],[0,0,1]],[[0.94781637,0.00102426,-0.31881514,0.13],[0.05652354,0.98361367,0.17120075,-0.04],[0.31376627,-0.18028757,0.93222815,-0.13]]]
[[[1148.262451171875,0,984.35400390625],[0,1148.262451171875,575.9420166015625],[0,0,1]],[[0.95099699,-0.00767508,-0.30910486,0.13],[0.05874643,0.98596787,0.15625854,-0.03],[0.30356812,-0.1667603,0.93810427,-0.13]]]
[[[1148.262451171875,0,984.35400390625],[0,1148.262451171875,575.9420166015625],[0,0,1]],[[0.95284164,-0.01284962,-0.30319616,0.13],[0.05843898,0.98817301,0.14177434,-0.04],[0.2977885,-0.15280697,0.94232398,-0.13]]]
[[[1148.262451171875,0,984.35400390625],[0,1148.262451171875,575.9420166015625],[0,0,1]],[[0.95954728,0.00563142,-0.28149146,0.12],[0.03689415,0.98866433,0.14554347,-0.03],[0.27912015,-0.15004122,0.9484629,-0.13]]]
[[[1148.262451171875,0,984.35400390625],[0,1148.262451171875,575.9420166015625],[0,0,1]],[[0.96563131,0.01953705,-0.25918087,0.11],[0.01697968,0.99029982,0.13790999,-0.02],[0.25936106,-0.13757098,0.95593327,-0.13]]]
[[[1148.262451171875,0,984.35400390625],[0,1148.262451171875,575.9420166015625],[0,0,1]],[[0.97591478,0.01179093,-0.21783364,0.15],[0.01586106,0.99206138,0.12475736,-0.01],[0.21757522,-0.12520756,0.96798056,-0.13]]]
[[[1148.262451171875,0,984.35400390625],[0,1148.262451171875,575.9420166015625],[0,0,1]],[[0.97441047,-0.02762853,-0.22307137,0.14],[0.04933454,0.9945069,0.0923261,-0.01],[0.21929508,-0.10096858,0.9704212,-0.14]]]
[[[1148.262451171875,0,984.35400390625],[0,1148.262451171875,575.9420166015625],[0,0,1]],[[0.97663587,-0.03480953,-0.21206409,0.13],[0.0541327,0.99482411,0.08600485,-0.01],[0.20797257,-0.09547494,0.97346509,-0.13]]]
[[[1148.262451171875,0,984.35400390625],[0,1148.262451171875,575.9420166015625],[0,0,1]],[[0.98676538,-0.04940813,-0.15444604,0.1],[0.05932578,0.99641854,0.06027614,0.],[0.15091459,-0.06864092,0.98616219,-0.14]]]
