[[[1144.3056640625,0,984.2803955078125],[0,1144.3056640625,575.93115234375],[0,0,1]],[[0.99711239,-0.07333126,0.019734,-0.],[0.07395346,0.99671882,-0.03290081,0.],[-0.0172566,0.0342652,0.99926376,-0.]]]
[[[1144.3056640625,0,984.2803955078125],[0,1144.3056640625,575.93115234375],[0,0,1]],[[0.99626529,-0.07867217,0.03558233,-0.01],[0.08007681,0.99598819,-0.03994104,0.],[-0.03229733,0.04264119,0.9985683,-0.]]]
[[[1144.3056640625,0,984.2803955078125],[0,1144.3056640625,575.93115234375],[0,0,1]],[[0.99582922,-0.07793588,0.04743544,-0.],[0.07981507,0.99604255,-0.03909993,0.],[-0.04420043,0.04272292,0.99810874,-0.]]]
[[[1144.3056640625,0,984.2803955078125],[0,1144.3056640625,575.93115234375],[0,0,1]],[[0.99587595,-0.07198285,0.05522278,0.01],[0.07353615,0.99693698,-0.02662866,0.],[-0.05313682,0.03057972,0.99811894,0.01]]]
[[[1144.3056640625,0,984.2803955078125],[0,1144.3056640625,575.93115234375],[0,0,1]],[[0.99627352,-0.06745075,0.05375431,0.],[0.06783829,0.99768162,-0.00541544,0.],[-0.05326441,0.00904186,0.99853951,0.]]]
[[[1144.3056640625,0,984.2803955078125],[0,1144.3056640625,575.93115234375],[0,0,1]],[[0.99574554,-0.06844674,0.06169191,-0.01],[0.06901553,0.99759007,-0.00713416,0.],[-0.06105493,0.01136151,0.99806976,0.]]]
[[[1144.3056640625,0,984.2803955078125],[0,1144.3056640625,575.93115234375],[0,0,1]],[[0.99431908,-0.06642663,0.08316871,-0.01],[0.06712823,0.99772829,-0.00566491,0.],[-0.08260348,0.0112157,0.99651939,0.]]]
[[[1144.3056640625,0,984.2803955078125],[0,1144.3056640625,575.93115234375],[0,0,1]],[[0.99263775,-0.07000842,0.09883909,-0.01],[0.07083204,0.99747652,-0.00484418,0.01],[-0.09825054,0.01180949,0.99509162,0.01]]]
[[[1144.3056640625,0,984.2803955078125],[0,1144.3056640625,575.93115234375],[0,0,1]],[[0.99054056,-0.07231701,0.11661749,-0.01],[0.07316761,0.99731505,-0.003024,0.01],[-0.1160857,0.01152802,0.99317229,0.01]]]
[[[1144.3056640625,0,984.2803955078125],[0,1144.3056640625,575.93115234375],[0,0,1]],[[0.9866274,-0.07294036,0.14576042,0.],[0.0729487,0.99732167,0.005295,0.01],[-0.14575624,0.00540884,0.98930573,0.01]]]
[[[1144.3056640625,0,984.2803955078125],[0,1144.3056640625,575.93115234375],[0,0,1]],[[0.98145843,-0.0684322,0.17904283,0.],[0.06465865,0.99754655,0.02683453,0.01],[-0.1804399,-0.01476031,0.98347527,0.02]]]
[[[1144.3056640625,0,984.2803955078125],[0,1144.3056640625,575.93115234375],[0,0,1]],[[0.97566026,-0.06342735,0.20991439,0.],[0.05746898,0.99775547,0.03437012,0.01],[-0.21162322,-0.02146999,0.97711545,0.02]]]
[[[1144.3056640625,0,984.2803955078125],[0,1144.3056640625,575.93115234375],[0,0,1]],[[0.97011817,-0.06151022,0.23470682,0.],[0.05474306,0.99787819,0.03524599,0.01],[-0.23637682,-0.0213442,0.97142702,0.02]]]
[[[1144.3056640625,0,984.2803955078125],[0,1144.3056640625,575.93115234375],[0,0,1]],[[0.96392411,-0.06130542,0.2590211,0.],[0.05402328,0.99792093,0.03514625,0.01],[-0.26063722,-0.01988515,0.96523201,0.02]]]
[[[1144.3056640625,0,984.2803955078125],[0,1144.3056640625,575.93115234375],[0,0,1]],[[0.95697618,-0.06006205,0.28388217,0.],[0.05239594,0.99802929,0.03452847,0.02],[-0.28539655,-0.01816865,0.95823729,0.02]]]
[[[1144.3056640625,0,984.2803955078125],[0,1144.3056640625,575.93115234375],[0,0,1]],[[0.94849008,-0.06229176,0.31062245,0.01],[0.05452342,0.99794573,0.03363852,0.02],[-0.31207973,-0.01496961,0.949938,0.02]]]
[[[1144.3056640625,0,984.2803955078125],[0,1144.3056640625,575.93115234375],[0,0,1]],[[0.93970436,-0.06454765,0.33584127,0.01],[0.05703969,0.99785304,0.03218375,0.02],[-0.33719763,-0.01108693,0.94136858,0.02]]]
[[[1144.3056640625,0,984.2803955078125],[0,1144.3056640625,575.93115234375],[0,0,1]],[[0.92699265,-0.06645066,0.36914617,0.01],[0.05882338,0.99775887,0.03189221,0.02],[-0.3704381,-0.00784943,0.92882401,0.02]]]
[[[1144.3056640625,0,984.2803955078125],[0,1144.3056640625,575.93115234375],[0,0,1]],[[0.91538191,-0.07520029,0.39550084,0.02],[0.06806016,0.99716544,0.03207603,0.02],[-0.39679188,-0.00244397,0.91790533,0.02]]]
[[[1144.3056640625,0,984.2803955078125],[0,1144.3056640625,575.93115234375],[0,0,1]],[[0.90404773,-0.07150074,0.4214088,0.02],[0.06726015,0.99742371,0.02494051,0.02],[-0.42210642,0.00579661,0.90652776,0.02]]]
[[[1144.3056640625,0,984.2803955078125],[0,1144.3056640625,575.93115234375],[0,0,1]],[[0.89633864,-0.06541206,0.43851832,0.02],[0.06450216,0.99777293,0.01699039,0.02],[-0.43865308,0.01305624,0.89856166,0.02]]]
[[[1144.3056640625,0,984.2803955078125],[0,1144.3056640625,575.93115234375],[0,0,1]],[[0.89046943,-0.05167113,0.45209995,0.02],[0.05703556,0.99837059,0.00176623,0.02],[-0.45145455,0.024213,0.89196557,0.02]]]
[[[1144.3056640625,0,984.2803955078125],[0,1144.3056640625,575.93115234375],[0,0,1]],[[8.84137450e-01,-5.03538000e-02,4.64505610e-01,3.00000000e-02],[5.69269359e-02,9.98378336e-01,-1.27221458e-04,2.00000000e-02],[-4.63745950e-01,2.65553600e-02,8.85570170e-01,2.00000000e-02]]]
[[[1144.3056640625,0,984.2803955078125],[0,1144.3056640625,575.93115234375],[0,0,1]],[[0.87207925,-0.04896836,0.4869085,0.03],[0.05694,0.99837637,-0.00157595,0.02],[-0.48604077,0.02909892,0.87345159,0.02]]]
[[[1144.3056640625,0,984.2803955078125],[0,1144.3056640625,575.93115234375],[0,0,1]],[[0.86325109,-0.04767993,0.50251782,0.04],[0.05769568,0.99832457,-0.00438952,0.02],[-0.50146663,0.03278237,0.86455572,0.02]]]
[[[1144.3056640625,0,984.2803955078125],[0,1144.3056640625,575.93115234375],[0,0,1]],[[8.66883870e-01,-4.75533500e-02,4.96236950e-01,4.00000000e-02],[5.48462123e-02,9.98494804e-01,-1.28012151e-04,2.00000000e-02],[-4.95483910e-01,2.73276900e-02,8.68187130e-01,2.00000000e-02]]]
[[[1144.3056640625,0,984.2803955078125],[0,1144.3056640625,575.93115234375],[0,0,1]],[[0.88089865,-0.04838822,0.47082496,0.04],[0.05099572,0.99867272,0.00722548,0.01],[-0.4705497,0.01764514,0.88219708,0.02]]]
[[[1144.3056640625,0,984.2803955078125],[0,1144.3056640625,575.93115234375],[0,0,1]],[[0.89055401,-0.04796095,0.452342,0.04],[0.04711075,0.99880308,0.01315129,0.01],[-0.45243135,0.00959824,0.89174759,0.02]]]
[[[1144.3056640625,0,984.2803955078125],[0,1144.3056640625,575.93115234375],[0,0,1]],[[0.90035594,-0.04817006,0.4324798,0.03],[0.04574751,0.99882472,0.01601092,0.02],[-0.43274277,0.00536935,0.90150142,0.02]]]
[[[1144.3056640625,0,984.2803955078125],[0,1144.3056640625,575.93115234375],[0,0,1]],[[0.90858185,-0.05066509,0.4146229,0.03],[0.04834539,0.99870098,0.01609541,0.02],[-0.41489977,0.00542111,0.90985096,0.02]]]
[[[1144.3056640625,0,984.2803955078125],[0,1144.3056640625,575.93115234375],[0,0,1]],[[0.92661917,-0.06238627,0.37078959,0.03],[0.05972728,0.99804026,0.0186617,0.02],[-0.3712272,0.00485396,0.92852938,0.02]]]
[[[1144.3056640625,0,984.2803955078125],[0,1144.3056640625,575.93115234375],[0,0,1]],[[0.93978792,-0.07301896,0.33386651,0.02],[0.06976349,0.99732649,0.02174778,0.02],[-0.33456191,0.00285339,0.94236946,0.02]]]
[[[1144.3056640625,0,984.2803955078125],[0,1144.3056640625,575.93115234375],[0,0,1]],[[0.94928163,-0.07071356,0.30637237,0.01],[0.06656209,0.9974938,0.02399098,0.02],[-0.30730101,-0.00238141,0.95160937,0.02]]]
[[[1144.3056640625,0,984.2803955078125],[0,1144.3056640625,575.93115234375],[0,0,1]],[[0.96474993,-0.06032641,0.25616065,0.],[0.05541141,0.99811536,0.02636845,0.02],[-0.25726858,-0.01124474,0.9662745,0.01]]]
[[[1144.3056640625,0,984.2803955078125],[0,1144.3056640625,575.93115234375],[0,0,1]],[[0.98045939,-0.03720948,0.19317049,0.02],[0.02942947,0.99864185,0.04299075,0.02],[-0.19450782,-0.03646579,0.98022288,0.02]]]
[[[1144.3056640625,0,984.2803955078125],[0,1144.3056640625,575.93115234375],[0,0,1]],[[0.99482721,-0.05089583,0.08791181,0.01],[0.04815347,0.99829334,0.03303978,0.01],[-0.08944336,-0.02863561,0.9955802,0.01]]]
[[[1144.3056640625,0,984.2803955078125],[0,1144.3056640625,575.93115234375],[0,0,1]],[[0.99516213,-0.05232852,0.08315127,0.01],[0.04979837,0.99823952,0.03221776,0.01],[-0.08469079,-0.02792109,0.9960162,0.01]]]
[[[1144.3056640625,0,984.2803955078125],[0,1144.3056640625,575.93115234375],[0,0,1]],[[0.9954223,-0.05361568,0.07911921,0.01],[0.05127459,0.99819303,0.03133151,0.01],[-0.08065612,-0.02713127,0.99637288,0.01]]]
[[[1144.3056640625,0,984.2803955078125],[0,1144.3056640625,575.93115234375],[0,0,1]],[[0.99538738,-0.05495039,0.0786417,0.01],[0.05273905,0.99815983,0.02992671,0.01],[-0.08014145,-0.02564117,0.99645394,0.]]]
[[[1144.3056640625,0,984.2803955078125],[0,1144.3056640625,575.93115234375],[0,0,1]],[[0.99562407,-0.05534678,0.07529899,0.01],[0.05324649,0.99814218,0.02962163,0.01],[-0.07679854,-0.02548258,0.99672127,0.]]]
[[[1144.3056640625,0,984.2803955078125],[0,1144.3056640625,575.93115234375],[0,0,1]],[[0.99589843,-0.05671968,0.0704974,0.01],[0.05482179,0.99808753,0.02857281,0.01],[-0.0719832,-0.02459081,0.99710304,0.]]]
[[[1144.3056640625,0,984.2803955078125],[0,1144.3056640625,575.93115234375],[0,0,1]],[[0.99660391,-0.05930649,0.05713288,0.01],[0.05771513,0.99790877,0.02911422,0.01],[-0.05874004,-0.0257179,0.99794239,0.]]]
[[[1144.3056640625,0,984.2803955078125],[0,1144.3056640625,575.93115234375],[0,0,1]],[[0.99766511,-0.05802609,0.03602683,0.01],[0.05691692,0.99789506,0.03108641,0.01],[-0.0377548,-0.02896327,0.99886769,0.]]]
[[[1144.3056640625,0,984.2803955078125],[0,1144.3056640625,575.93115234375],[0,0,1]],[[0.99810362,-0.05799391,0.02065494,0.01],[0.0573529,0.99789166,0.03038253,0.01],[-0.02237338,-0.02914027,0.99932534,0.]]]
[[[1144.3056640625,0,984.2803955078125],[0,1144.3056640625,575.93115234375],[0,0,1]],[[9.98222053e-01,-5.96140176e-02,4.76290879e-05,1.00000000e-02],[5.95872800e-02,9.97797130e-01,2.91694000e-02,1.00000000e-02],[-1.78642000e-03,-2.91146700e-02,9.99574900e-01,-0.00000000e+00]]]
[[[1144.3056640625,0,984.2803955078125],[0,1144.3056640625,575.93115234375],[0,0,1]],[[0.99760222,-0.06294031,-0.02879619,0.01],[0.06367058,0.9976536,0.02518586,0.01],[0.02714341,-0.02695892,0.99926841,-0.]]]
[[[1144.3056640625,0,984.2803955078125],[0,1144.3056640625,575.93115234375],[0,0,1]],[[0.99596667,-0.06600809,-0.06078156,0.01],[0.0674589,0.99747711,0.02213234,0.],[0.05916728,-0.02614331,0.99790627,-0.01]]]
[[[1144.3056640625,0,984.2803955078125],[0,1144.3056640625,575.93115234375],[0,0,1]],[[0.99410981,-0.06457287,-0.08704755,0.01],[0.06670127,0.99753618,0.02176501,0.],[0.08542762,-0.02744297,0.99596697,-0.01]]]
[[[1144.3056640625,0,984.2803955078125],[0,1144.3056640625,575.93115234375],[0,0,1]],[[0.99101567,-0.06020176,-0.11943504,0.01],[0.06335355,0.9977321,0.02276647,0.],[0.11779352,-0.03012854,0.99258161,-0.01]]]
[[[1144.3056640625,0,984.2803955078125],[0,1144.3056640625,575.93115234375],[0,0,1]],[[0.98818475,-0.05730119,-0.1421575,0.01],[0.06121109,0.99785405,0.02328139,0.],[0.14051829,-0.0317079,0.98957086,-0.02]]]
[[[1144.3056640625,0,984.2803955078125],[0,1144.3056640625,575.93115234375],[0,0,1]],[[0.98211402,-0.05876679,-0.17888163,0.02],[0.06355345,0.99775451,0.02114187,0.],[0.17723751,-0.03213226,0.98364341,-0.02]]]
[[[1144.3056640625,0,984.2803955078125],[0,1144.3056640625,575.93115234375],[0,0,1]],[[0.97788215,-0.05931731,-0.20056854,0.03],[0.064473,0.99773341,0.01926601,-0.],[0.19897115,-0.03177115,0.9794901,-0.03]]]
[[[1144.3056640625,0,984.2803955078125],[0,1144.3056640625,575.93115234375],[0,0,1]],[[0.97249264,-0.05703017,-0.22584419,0.03],[0.06246042,0.99790317,0.01696615,-0.],[0.22440302,-0.03060578,0.97401547,-0.03]]]
[[[1144.3056640625,0,984.2803955078125],[0,1144.3056640625,575.93115234375],[0,0,1]],[[0.9655664,-0.05305679,-0.25468862,0.03],[0.05803007,0.9982422,0.01204751,-0.],[0.2536017,-0.02641227,0.96694797,-0.04]]]
[[[1144.3056640625,0,984.2803955078125],[0,1144.3056640625,575.93115234375],[0,0,1]],[[0.95982057,-0.04993534,-0.2761358,0.04],[0.05480206,0.99844801,0.009931,-0.01],[0.2752113,-0.02466479,0.96106726,-0.04]]]
[[[1144.3056640625,0,984.2803955078125],[0,1144.3056640625,575.93115234375],[0,0,1]],[[0.95214099,-0.04707463,-0.30201259,0.04],[0.05250409,0.99857199,0.00987999,-0.01],[0.3011162,-0.02526404,0.95325267,-0.05]]]
[[[1144.3056640625,0,984.2803955078125],[0,1144.3056640625,575.93115234375],[0,0,1]],[[0.94711548,-0.04580826,-0.31760609,0.05],[0.05189114,0.99859548,0.01071445,-0.01],[0.3166692,-0.02662877,0.94816238,-0.05]]]
[[[1144.3056640625,0,984.2803955078125],[0,1144.3056640625,575.93115234375],[0,0,1]],[[0.94030762,-0.0476567,-0.33697206,0.05],[0.05410841,0.99848735,0.0097751,-0.01],[0.33599648,-0.02742464,0.94146401,-0.05]]]
[[[1144.3056640625,0,984.2803955078125],[0,1144.3056640625,575.93115234375],[0,0,1]],[[0.93418968,-0.05270183,-0.35286233,0.05],[0.05828018,0.99828684,0.00519516,-0.01],[0.35198402,-0.02541815,0.93566108,-0.06]]]
[[[1144.3056640625,0,984.2803955078125],[0,1144.3056640625,575.93115234375],[0,0,1]],[[0.92477977,-0.05825449,-0.37601659,0.05],[0.0637925,0.99796063,0.00228259,-0.01],[0.37511683,-0.02609793,0.92661047,-0.06]]]
[[[1144.3056640625,0,984.2803955078125],[0,1144.3056640625,575.93115234375],[0,0,1]],[[0.91992199,-0.05976161,-0.3875204,0.06],[0.06591845,0.99782187,0.00260211,-0.01],[0.38652074,-0.02793848,0.92185789,-0.06]]]
[[[1144.3056640625,0,984.2803955078125],[0,1144.3056640625,575.93115234375],[0,0,1]],[[0.91469574,-0.0579358,-0.39996848,0.06],[0.06481994,0.99789023,0.00369255,-0.01],[0.39891067,-0.02930349,0.91652173,-0.06]]]
[[[1144.3056640625,0,984.2803955078125],[0,1144.3056640625,575.93115234375],[0,0,1]],[[0.9099189,-0.05627538,-0.41095039,0.06],[0.06394485,0.99794143,0.00492772,-0.01],[0.40982708,-0.03076199,0.9116447,-0.06]]]
[[[1144.3056640625,0,984.2803955078125],[0,1144.3056640625,575.93115234375],[0,0,1]],[[0.90494496,-0.05420217,-0.42206222,0.06],[0.0631257,0.99798,0.00718509,-0.01],[0.42082015,-0.03314507,0.90653878,-0.06]]]
[[[1144.3056640625,0,984.2803955078125],[0,1144.3056640625,575.93115234375],[0,0,1]],[[0.89985025,-0.05211683,-0.43307447,0.06],[0.0621541,0.99802601,0.00904092,-0.01],[0.43174833,-0.03505283,0.90131325,-0.06]]]
[[[1144.3056640625,0,984.2803955078125],[0,1144.3056640625,575.93115234375],[0,0,1]],[[0.89404869,-0.05143524,-0.44500756,0.06],[0.06239019,0.99800223,0.00999385,-0.01],[0.44360444,-0.03669909,0.89547157,-0.06]]]
[[[1144.3056640625,0,984.2803955078125],[0,1144.3056640625,575.93115234375],[0,0,1]],[[0.8894794,-0.05166686,-0.45404547,0.06],[0.06326269,0.9979434,0.01037386,-0.01],[0.45257562,-0.03795147,0.89091861,-0.06]]]
[[[1144.3056640625,0,984.2803955078125],[0,1144.3056640625,575.93115234375],[0,0,1]],[[0.88592887,-0.05119964,-0.46098685,0.06],[0.06392743,0.99788249,0.01202609,-0.01],[0.45939496,-0.04012395,0.887326,-0.06]]]
[[[1144.3056640625,0,984.2803955078125],[0,1144.3056640625,575.93115234375],[0,0,1]],[[0.88532865,-0.05193803,-0.4620561,0.06],[0.06421294,0.99787742,0.01086818,-0.01],[0.46051082,-0.03929188,0.88678467,-0.06]]]
[[[1144.3056640625,0,984.2803955078125],[0,1144.3056640625,575.93115234375],[0,0,1]],[[0.88592297,-0.05210405,-0.46089688,0.06],[0.06401527,0.99789679,0.01023673,-0.01],[0.45939413,-0.03857338,0.88739514,-0.06]]]
[[[1144.3056640625,0,984.2803955078125],[0,1144.3056640625,575.93115234375],[0,0,1]],[[0.88861984,-0.05151711,-0.45574227,0.06],[0.06296534,0.99796641,0.00996147,-0.01],[0.45430222,-0.03754792,0.89005655,-0.06]]]
[[[1144.3056640625,0,984.2803955078125],[0,1144.3056640625,575.93115234375],[0,0,1]],[[0.89090127,-0.048788,-0.45156932,0.06],[0.06080302,0.99807656,0.012125,-0.01],[0.45010912,-0.03825894,0.89215416,-0.06]]]
[[[1144.3056640625,0,984.2803955078125],[0,1144.3056640625,575.93115234375],[0,0,1]],[[0.89792508,-0.04476489,-0.43786618,0.06],[0.05804032,0.99817032,0.01697512,-0.01],[0.43630508,-0.04065627,0.89888042,-0.06]]]
[[[1144.3056640625,0,984.2803955078125],[0,1144.3056640625,575.93115234375],[0,0,1]],[[0.9182657,-0.03796134,-0.3941412,0.05],[0.0546515,0.99801821,0.03120314,-0.01],[0.39217553,-0.05019317,0.91852057,-0.06]]]
[[[1144.3056640625,0,984.2803955078125],[0,1144.3056640625,575.93115234375],[0,0,1]],[[0.92778319,-0.03579764,-0.37139881,0.05],[0.05293625,0.99794734,0.03605061,-0.01],[0.36934587,-0.0531076,0.92777383,-0.05]]]
[[[1144.3056640625,0,984.2803955078125],[0,1144.3056640625,575.93115234375],[0,0,1]],[[0.93343723,-0.03810459,-0.35671175,0.04],[0.05527195,0.99774635,0.03805348,-0.01],[0.35445777,-0.05523669,0.93343967,-0.05]]]
[[[1144.3056640625,0,984.2803955078125],[0,1144.3056640625,575.93115234375],[0,0,1]],[[0.93861741,-0.03698327,-0.34297222,0.04],[0.05420239,0.99769843,0.04075287,-0.01],[0.34067559,-0.05684125,0.93846166,-0.04]]]
[[[1144.3056640625,0,984.2803955078125],[0,1144.3056640625,575.93115234375],[0,0,1]],[[0.94277811,-0.035259,-0.33155173,0.03],[0.052458,0.99769449,0.04306565,-0.01],[0.32926884,-0.05799389,0.9424541,-0.04]]]
[[[1144.3056640625,0,984.2803955078125],[0,1144.3056640625,575.93115234375],[0,0,1]],[[0.94821358,-0.03480851,-0.31572032,0.03],[0.05294562,0.99739206,0.04904986,-0.],[0.31318957,-0.06322575,0.94758368,-0.04]]]
[[[1144.3056640625,0,984.2803955078125],[0,1144.3056640625,575.93115234375],[0,0,1]],[[0.95325881,-0.03104862,-0.30055565,0.03],[0.04851668,0.9975282,0.05082947,-0.01],[0.29823461,-0.06303561,0.95240885,-0.04]]]
[[[1144.3056640625,0,984.2803955078125],[0,1144.3056640625,575.93115234375],[0,0,1]],[[0.96005738,-0.02635432,-0.27855983,0.02],[0.04302444,0.99761897,0.05389995,-0.01],[0.27647609,-0.06373192,0.95890522,-0.04]]]
[[[1144.3056640625,0,984.2803955078125],[0,1144.3056640625,575.93115234375],[0,0,1]],[[0.96621758,-0.02209562,-0.25677964,0.02],[0.03735615,0.99780363,0.05470481,-0.],[0.25500688,-0.06244905,0.96492052,-0.04]]]
[[[1144.3056640625,0,984.2803955078125],[0,1144.3056640625,575.93115234375],[0,0,1]],[[0.97230083,-0.02097561,-0.23278999,0.02],[0.03466657,0.99789125,0.05487761,-0.],[0.23114808,-0.06142759,0.97097749,-0.04]]]
[[[1144.3056640625,0,984.2803955078125],[0,1144.3056640625,575.93115234375],[0,0,1]],[[0.9769206,-0.02030554,-0.21263535,0.02],[0.03322284,0.99780113,0.05735262,-0.],[0.21100332,-0.06309332,0.975447,-0.03]]]
[[[1144.3056640625,0,984.2803955078125],[0,1144.3056640625,575.93115234375],[0,0,1]],[[0.98069471,-0.02189492,-0.19431528,0.01],[0.03387753,0.9977091,0.05855827,-0.],[0.19258809,-0.06401071,0.97918969,-0.03]]]
[[[1144.3056640625,0,984.2803955078125],[0,1144.3056640625,575.93115234375],[0,0,1]],[[0.98212606,-0.02256458,-0.18686685,0.01],[0.0341664,0.99766731,0.05909967,-0.],[0.18509746,-0.0644279,0.98060596,-0.03]]]
[[[1144.3056640625,0,984.2803955078125],[0,1144.3056640625,575.93115234375],[0,0,1]],[[0.98456991,-0.02368028,-0.17338207,0.01],[0.03463859,0.99757004,0.06045257,0.],[0.17152928,-0.0655255,0.98299754,-0.02]]]
[[[1144.3056640625,0,984.2803955078125],[0,1144.3056640625,575.93115234375],[0,0,1]],[[0.9857406,-0.02442593,-0.16648936,0.01],[0.03491257,0.99756658,0.06035378,0.],[0.16461004,-0.06530575,0.98419452,-0.02]]]
[[[1144.3056640625,0,984.2803955078125],[0,1144.3056640625,575.93115234375],[0,0,1]],[[0.9879421,-0.02616919,-0.15259576,0.01],[0.03576545,0.99752843,0.06048465,0.],[0.15063576,-0.06521299,0.98643607,-0.02]]]
[[[1144.3056640625,0,984.2803955078125],[0,1144.3056640625,575.93115234375],[0,0,1]],[[0.98907524,-0.02755059,-0.14481489,0.],[0.03654648,0.9975397,0.05983095,0.],[0.14281021,-0.06446979,0.98764837,-0.02]]]
[[[1144.3056640625,0,984.2803955078125],[0,1144.3056640625,575.93115234375],[0,0,1]],[[0.99078089,-0.02918733,-0.13229361,0.],[0.03711597,0.99763465,0.05786753,0.],[0.13029169,-0.06224425,0.98952025,-0.02]]]
[[[1144.3056640625,0,984.2803955078125],[0,1144.3056640625,575.93115234375],[0,0,1]],[[0.99210036,-0.02937367,-0.12196073,0.],[0.03665901,0.99764806,0.05792718,0.],[0.11997234,-0.06194053,0.99084342,-0.02]]]
[[[1144.3056640625,0,984.2803955078125],[0,1144.3056640625,575.93115234375],[0,0,1]],[[0.99383795,-0.02955327,-0.10683232,-0.],[0.03576139,0.99775285,0.05666985,0.01],[0.10491748,-0.06014112,0.99266106,-0.01]]]
[[[1144.3056640625,0,984.2803955078125],[0,1144.3056640625,575.93115234375],[0,0,1]],[[0.99567622,-0.03088803,-0.08760832,-0.01],[0.03572788,0.99788994,0.05422476,0.01],[0.08574858,-0.05712037,0.99467838,-0.01]]]
[[[1144.3056640625,0,984.2803955078125],[0,1144.3056640625,575.93115234375],[0,0,1]],[[0.99717909,-0.03379568,-0.06702285,-0.01],[0.0374459,0.99784052,0.05397511,0.01],[0.06505403,-0.05633259,0.99629074,-0.01]]]
[[[1144.3056640625,0,984.2803955078125],[0,1144.3056640625,575.93115234375],[0,0,1]],[[0.99806595,-0.03614153,-0.05058166,-0.01],[0.03892286,0.99772102,0.05512706,0.01],[0.04847405,-0.05698924,0.99719763,-0.01]]]
[[[1144.3056640625,0,984.2803955078125],[0,1144.3056640625,575.93115234375],[0,0,1]],[[0.998393,-0.03961787,-0.04052284,-0.01],[0.04183072,0.99759364,0.05530106,0.01],[0.03823446,-0.0569073,0.9976474,-0.]]]
[[[1144.3056640625,0,984.2803955078125],[0,1144.3056640625,575.93115234375],[0,0,1]],[[0.99876404,-0.04481559,-0.02150403,-0.],[0.0459613,0.99736577,0.05612727,0.01],[0.01893205,-0.05704626,0.99819237,-0.]]]
[[[1144.3056640625,0,984.2803955078125],[0,1144.3056640625,575.93115234375],[0,0,1]],[[0.99892169,-0.04566826,-0.00837685,-0.01],[0.04608043,0.9972319,0.05836319,0.01],[0.00568837,-0.05868628,0.99826056,-0.]]]
[[[1144.3056640625,0,984.2803955078125],[0,1144.3056640625,575.93115234375],[0,0,1]],[[0.99874717,-0.04718193,0.01667964,-0.01],[0.04614653,0.99726182,0.05779581,0.01],[-0.01936082,-0.0569537,0.99818933,-0.]]]
[[[1144.3056640625,0,984.2803955078125],[0,1144.3056640625,575.93115234375],[0,0,1]],[[0.99833387,-0.04875607,0.03086546,-0.],[0.04684585,0.99710816,0.05984921,0.02],[-0.03369415,-0.05830358,0.99773043,0.]]]
[[[1144.3056640625,0,984.2803955078125],[0,1144.3056640625,575.93115234375],[0,0,1]],[[0.99742764,-0.05316646,0.04808132,-0.],[0.05015955,0.99683297,0.06171951,0.02],[-0.05121037,-0.05914901,0.99693507,0.]]]
[[[1144.3056640625,0,984.2803955078125],[0,1144.3056640625,575.93115234375],[0,0,1]],[[0.99633598,-0.05546937,0.06510164,-0.],[0.05147499,0.99677891,0.06150866,0.02],[-0.06830371,-0.05793218,0.99598145,0.]]]
[[[1144.3056640625,0,984.2803955078125],[0,1144.3056640625,575.93115234375],[0,0,1]],[[0.99553686,-0.05694701,0.07525796,-0.],[0.05238348,0.99674553,0.06128243,0.02],[-0.0785028,-0.05706664,0.99527955,0.01]]]
[[[1144.3056640625,0,984.2803955078125],[0,1144.3056640625,575.93115234375],[0,0,1]],[[0.99217808,-0.06407221,0.10713413,-0.],[0.05843808,0.9967792,0.05492985,0.02],[-0.11030845,-0.04823949,0.99272633,0.]]]
[[[1144.3056640625,0,984.2803955078125],[0,1144.3056640625,575.93115234375],[0,0,1]],[[0.98714095,-0.07406692,0.14165853,0.01],[0.06705709,0.99630684,0.05364008,0.02],[-0.14510821,-0.04345112,0.98846155,0.]]]
[[[1144.3056640625,0,984.2803955078125],[0,1144.3056640625,575.93115234375],[0,0,1]],[[0.98569351,-0.07823053,0.14929371,0.01],[0.07095014,0.99604511,0.05349211,0.02],[-0.15288787,-0.04213444,0.98734522,0.01]]]
[[[1144.3056640625,0,984.2803955078125],[0,1144.3056640625,575.93115234375],[0,0,1]],[[0.98383439,-0.07969452,0.1603715,0.01],[0.07162213,0.99588656,0.05551094,0.02],[-0.16413561,-0.04312744,0.98549491,0.01]]]
[[[1144.3056640625,0,984.2803955078125],[0,1144.3056640625,575.93115234375],[0,0,1]],[[0.98004985,-0.0787323,0.18249354,0.01],[0.06962337,0.99601185,0.05580427,0.02],[-0.18615919,-0.04198516,0.98162246,0.01]]]
[[[1144.3056640625,0,984.2803955078125],[0,1144.3056640625,575.93115234375],[0,0,1]],[[0.97579819,-0.07763676,0.20442817,0.02],[0.06651781,0.99593645,0.06072214,0.02],[-0.20831157,-0.04565445,0.97699672,0.01]]]
[[[1144.3056640625,0,984.2803955078125],[0,1144.3056640625,575.93115234375],[0,0,1]],[[0.97432923,-0.07622468,0.21183188,0.02],[0.06406755,0.99591208,0.06368349,0.02],[-0.21582004,-0.04847715,0.97522938,0.01]]]
[[[1144.3056640625,0,984.2803955078125],[0,1144.3056640625,575.93115234375],[0,0,1]],[[0.97217619,-0.07478225,0.22199413,0.02],[0.06151034,0.99591458,0.06611823,0.02],[-0.22603154,-0.05062364,0.97280395,0.01]]]
[[[1144.3056640625,0,984.2803955078125],[0,1144.3056640625,575.93115234375],[0,0,1]],[[0.96929926,-0.07398051,0.2344915,0.02],[0.05968021,0.99593234,0.0675146,0.02],[-0.23853227,-0.05144736,0.96977121,0.01]]]
[[[1144.3056640625,0,984.2803955078125],[0,1144.3056640625,575.93115234375],[0,0,1]],[[0.96674597,-0.07452133,0.24464083,0.02],[0.05969299,0.99593329,0.06748799,0.02],[-0.24867509,-0.05064042,0.96726257,0.01]]]
[[[1144.3056640625,0,984.2803955078125],[0,1144.3056640625,575.93115234375],[0,0,1]],[[0.96452272,-0.07496215,0.25313431,0.02],[0.0595912,0.99591386,0.06786434,0.02],[-0.25718707,-0.05037213,0.96504819,0.01]]]
[[[1144.3056640625,0,984.2803955078125],[0,1144.3056640625,575.93115234375],[0,0,1]],[[0.9609701,-0.07696386,0.26573199,0.02],[0.06039191,0.9957183,0.0699934,0.02],[-0.26998103,-0.05121351,0.96150297,0.02]]]
[[[1144.3056640625,0,984.2803955078125],[0,1144.3056640625,575.93115234375],[0,0,1]],[[0.95641875,-0.09787355,0.27510723,0.03],[0.08407508,0.99455732,0.06153922,0.02],[-0.27963296,-0.0357276,0.95944202,0.02]]]
[[[1144.3056640625,0,984.2803955078125],[0,1144.3056640625,575.93115234375],[0,0,1]],[[0.95980644,-0.09816547,0.26293555,0.03],[0.08442048,0.99443024,0.06310063,0.02],[-0.26766536,-0.03836724,0.96274775,0.01]]]
[[[1144.3056640625,0,984.2803955078125],[0,1144.3056640625,575.93115234375],[0,0,1]],[[0.96419263,-0.10005818,0.24560322,0.03],[0.08699742,0.99418318,0.0634922,0.02],[-0.2505275,-0.03985187,0.96728891,0.01]]]
[[[1144.3056640625,0,984.2803955078125],[0,1144.3056640625,575.93115234375],[0,0,1]],[[0.97197467,-0.09931988,0.21307471,0.03],[0.0881964,0.99422657,0.06111378,0.02],[-0.21791437,-0.04060862,0.97512269,0.01]]]
[[[1144.3056640625,0,984.2803955078125],[0,1144.3056640625,575.93115234375],[0,0,1]],[[0.97565728,-0.09245276,0.1988602,0.02],[0.0819601,0.9948048,0.06038155,0.02],[-0.20340952,-0.0426131,0.97816598,0.01]]]
[[[1144.3056640625,0,984.2803955078125],[0,1144.3056640625,575.93115234375],[0,0,1]],[[0.98265284,-0.08504432,0.16480559,0.02],[0.07639255,0.99538046,0.05815392,0.02],[-0.16898993,-0.04455519,0.9846102,0.01]]]
[[[1144.3056640625,0,984.2803955078125],[0,1144.3056640625,575.93115234375],[0,0,1]],[[0.98450315,-0.0808304,0.15562788,0.02],[0.07259285,0.99567872,0.05791521,0.02],[-0.15963668,-0.04572023,0.98611653,0.01]]]
[[[1144.3056640625,0,984.2803955078125],[0,1144.3056640625,575.93115234375],[0,0,1]],[[0.98614031,-0.08175389,0.14437315,0.02],[0.07392598,0.99552965,0.05878538,0.02],[-0.14853367,-0.0472977,0.98777562,0.01]]]
[[[1144.3056640625,0,984.2803955078125],[0,1144.3056640625,575.93115234375],[0,0,1]],[[0.98730332,-0.08203723,0.13602225,0.02],[0.07469404,0.99550402,0.05824574,0.02],[-0.14018901,-0.04734616,0.98899209,0.01]]]
[[[1144.3056640625,0,984.2803955078125],[0,1144.3056640625,575.93115234375],[0,0,1]],[[0.99004376,-0.09351309,0.10520747,0.02],[0.08779146,0.99446231,0.05777022,0.02],[-0.11002713,-0.04795873,0.99277085,0.01]]]
[[[1144.3056640625,0,984.2803955078125],[0,1144.3056640625,575.93115234375],[0,0,1]],[[0.99223506,-0.09269316,0.0829308,0.02],[0.08816017,0.99448818,0.05675394,0.02],[-0.08773439,-0.04900206,0.9949379,0.]]]
[[[1144.3056640625,0,984.2803955078125],[0,1144.3056640625,575.93115234375],[0,0,1]],[[0.99378401,-0.0910382,0.06407328,0.02],[0.08735156,0.99447799,0.05816609,0.02],[-0.0690148,-0.05220763,0.9962486,0.]]]
[[[1144.3056640625,0,984.2803955078125],[0,1144.3056640625,575.93115234375],[0,0,1]],[[0.99514794,-0.09190544,0.03512803,0.02],[0.08955302,0.99395448,0.06351948,0.02],[-0.04075345,-0.06006546,0.9973622,0.]]]
[[[1144.3056640625,0,984.2803955078125],[0,1144.3056640625,575.93115234375],[0,0,1]],[[0.99591321,-0.08884253,0.01624563,0.02],[0.08761168,0.99402374,0.06512256,0.01],[-0.02193419,-0.06343311,0.99774504,-0.]]]
[[[1144.3056640625,0,984.2803955078125],[0,1144.3056640625,575.93115234375],[0,0,1]],[[9.96294677e-01,-8.60056356e-02,-4.33227979e-05,2.00000000e-02],[8.58274800e-02,9.94198260e-01,6.48339800e-02,1.00000000e-02],[-5.53302000e-03,-6.45974700e-02,9.97896080e-01,-0.00000000e+00]]]
[[[1144.3056640625,0,984.2803955078125],[0,1144.3056640625,575.93115234375],[0,0,1]],[[0.99598998,-0.08742577,-0.01899315,0.02],[0.08844921,0.99413687,0.06219819,0.01],[0.01344406,-0.0636287,0.99788308,-0.01]]]
[[[1144.3056640625,0,984.2803955078125],[0,1144.3056640625,575.93115234375],[0,0,1]],[[0.99492657,-0.09136582,-0.04211108,0.02],[0.09385956,0.99367601,0.06163108,0.01],[0.03621379,-0.06527093,0.99721026,-0.01]]]
[[[1144.3056640625,0,984.2803955078125],[0,1144.3056640625,575.93115234375],[0,0,1]],[[0.993527,-0.09469044,-0.06275254,0.02],[0.0983586,0.99344802,0.05819513,0.01],[0.05683087,-0.06399068,0.99633098,-0.01]]]
[[[1144.3056640625,0,984.2803955078125],[0,1144.3056640625,575.93115234375],[0,0,1]],[[0.99177003,-0.09911884,-0.08104102,0.02],[0.10338552,0.99337083,0.05025717,0.],[0.07552236,-0.05822202,0.99544293,-0.02]]]
[[[1144.3056640625,0,984.2803955078125],[0,1144.3056640625,575.93115234375],[0,0,1]],[[0.98971725,-0.10384787,-0.09836377,0.02],[0.10861474,0.99309188,0.04440056,0.],[0.09307335,-0.05462776,0.99415952,-0.02]]]
[[[1144.3056640625,0,984.2803955078125],[0,1144.3056640625,575.93115234375],[0,0,1]],[[0.98633671,-0.10813589,-0.12428389,0.02],[0.1137306,0.99275297,0.03881798,0.],[0.11918559,-0.05242248,0.99148709,-0.02]]]
[[[1144.3056640625,0,984.2803955078125],[0,1144.3056640625,575.93115234375],[0,0,1]],[[0.9838866,-0.11116567,-0.14003342,0.02],[0.11741972,0.99238563,0.03719457,0.],[0.13483238,-0.05303793,0.98944795,-0.02]]]
[[[1144.3056640625,0,984.2803955078125],[0,1144.3056640625,575.93115234375],[0,0,1]],[[0.98127931,-0.1145668,-0.15480749,0.02],[0.12119746,0.99204379,0.03406344,0.],[0.14967327,-0.05218802,0.98735726,-0.02]]]
[[[1144.3056640625,0,984.2803955078125],[0,1144.3056640625,575.93115234375],[0,0,1]],[[0.97810566,-0.11396097,-0.17413285,0.02],[0.12134534,0.99208367,0.03233022,-0.],[0.16906998,-0.05275258,0.9841913,-0.03]]]
[[[1144.3056640625,0,984.2803955078125],[0,1144.3056640625,575.93115234375],[0,0,1]],[[0.97337639,-0.11354826,-0.19911109,0.02],[0.12218668,0.99200374,0.03160705,-0.],[0.19393001,-0.05509428,0.97946709,-0.03]]]
[[[1144.3056640625,0,984.2803955078125],[0,1144.3056640625,575.93115234375],[0,0,1]],[[0.96926123,-0.11001752,-0.22006546,0.03],[0.11954851,0.9923619,0.03042978,-0.],[0.21503676,-0.0558029,0.9750104,-0.03]]]
[[[1144.3056640625,0,984.2803955078125],[0,1144.3056640625,575.93115234375],[0,0,1]],[[0.96499312,-0.10111489,-0.24200016,0.03],[0.11285568,0.99299055,0.03511906,-0.01],[0.23675281,-0.06120074,0.96964043,-0.04]]]
[[[1144.3056640625,0,984.2803955078125],[0,1144.3056640625,575.93115234375],[0,0,1]],[[0.96259034,-0.09686016,-0.25305715,0.04],[0.10986406,0.99322999,0.03773721,-0.01],[0.24768873,-0.06412736,0.96671504,-0.04]]]
[[[1144.3056640625,0,984.2803955078125],[0,1144.3056640625,575.93115234375],[0,0,1]],[[0.9602046,-0.09381939,-0.26306859,0.04],[0.107892,0.9933762,0.03953514,-0.01],[0.25761691,-0.06634481,0.96396673,-0.04]]]
[[[1144.3056640625,0,984.2803955078125],[0,1144.3056640625,575.93115234375],[0,0,1]],[[0.95741415,-0.09312126,-0.27328846,0.04],[0.10791652,0.99337178,0.03958003,-0.01],[0.2677913,-0.06738682,0.96111751,-0.04]]]
[[[1144.3056640625,0,984.2803955078125],[0,1144.3056640625,575.93115234375],[0,0,1]],[[0.95167464,-0.09319447,-0.29262638,0.04],[0.10859279,0.9934054,0.03678793,-0.01],[0.28726816,-0.06678726,0.95551896,-0.05]]]
[[[1144.3056640625,0,984.2803955078125],[0,1144.3056640625,575.93115234375],[0,0,1]],[[0.9461503,-0.09387962,-0.30981651,0.04],[0.10995627,0.99332696,0.03480123,-0.01],[0.30448195,-0.06699346,0.95015925,-0.05]]]
[[[1144.3056640625,0,984.2803955078125],[0,1144.3056640625,575.93115234375],[0,0,1]],[[0.94178188,-0.094062,-0.32279912,0.04],[0.11061734,0.99330544,0.03328729,-0.01],[0.31750706,-0.06705654,0.94588196,-0.05]]]
[[[1144.3056640625,0,984.2803955078125],[0,1144.3056640625,575.93115234375],[0,0,1]],[[0.93457311,-0.09408049,-0.3431063,0.05],[0.1115507,0.99325955,0.03149444,-0.01],[0.33783057,-0.0677076,0.93876845,-0.06]]]
[[[1144.3056640625,0,984.2803955078125],[0,1144.3056640625,575.93115234375],[0,0,1]],[[0.93065882,-0.09324225,-0.35380805,0.05],[0.11129045,0.99330544,0.03096425,-0.01],[0.34855229,-0.0681926,0.93480539,-0.06]]]
[[[1144.3056640625,0,984.2803955078125],[0,1144.3056640625,575.93115234375],[0,0,1]],[[0.92398494,-0.09054554,-0.37155533,0.05],[0.1100024,0.9934333,0.03146129,-0.01],[0.36626673,-0.06994174,0.9278776,-0.06]]]
[[[1144.3056640625,0,984.2803955078125],[0,1144.3056640625,575.93115234375],[0,0,1]],[[0.91953278,-0.0893386,-0.38272464,0.05],[0.10942519,0.9935118,0.03099119,-0.01],[0.37747276,-0.07037713,0.92334253,-0.06]]]
[[[1144.3056640625,0,984.2803955078125],[0,1144.3056640625,575.93115234375],[0,0,1]],[[0.91239077,-0.08524355,-0.40034568,0.06],[0.10809099,0.993532,0.03479253,-0.02],[0.39479041,-0.07501814,0.91570348,-0.07]]]
[[[1144.3056640625,0,984.2803955078125],[0,1144.3056640625,575.93115234375],[0,0,1]],[[0.9075852,-0.08226943,-0.41172913,0.07],[0.10593568,0.99375862,0.03494945,-0.02],[0.40628406,-0.0753364,0.91063583,-0.07]]]
[[[1144.3056640625,0,984.2803955078125],[0,1144.3056640625,575.93115234375],[0,0,1]],[[0.90261608,-0.07990666,-0.42296463,0.07],[0.10420956,0.99395305,0.03460753,-0.02],[0.41764164,-0.07531428,0.90548509,-0.07]]]
[[[1144.3056640625,0,984.2803955078125],[0,1144.3056640625,575.93115234375],[0,0,1]],[[0.89917111,-0.07924606,-0.43036193,0.07],[0.10348141,0.99407846,0.03315977,-0.02],[0.42518574,-0.07435076,0.90204716,-0.07]]]
[[[1144.3056640625,0,984.2803955078125],[0,1144.3056640625,575.93115234375],[0,0,1]],[[0.89634061,-0.07764574,-0.43651432,0.07],[0.10249098,0.99416572,0.03361653,-0.02],[0.43135738,-0.07487064,0.89906907,-0.07]]]
[[[1144.3056640625,0,984.2803955078125],[0,1144.3056640625,575.93115234375],[0,0,1]],[[0.89433885,-0.07491018,-0.44107428,0.07],[0.10031927,0.9943558,0.03453396,-0.02],[0.43599781,-0.07513331,0.89680594,-0.07]]]
[[[1144.3056640625,0,984.2803955078125],[0,1144.3056640625,575.93115234375],[0,0,1]],[[0.89443302,-0.07308643,-0.44118932,0.07],[0.09874049,0.9944821,0.03543513,-0.02],[0.43616506,-0.0752576,0.89671421,-0.07]]]
[[[1144.3056640625,0,984.2803955078125],[0,1144.3056640625,575.93115234375],[0,0,1]],[[0.8964535,-0.0719638,-0.4372555,0.07],[0.09753513,0.99457067,0.0362777,-0.02],[0.43227082,-0.07516904,0.89860535,-0.07]]]
[[[1144.3056640625,0,984.2803955078125],[0,1144.3056640625,575.93115234375],[0,0,1]],[[0.9041664,-0.06792706,-0.42174527,0.07],[0.09211393,0.99505281,0.03721515,-0.02],[0.41713092,-0.0724973,0.90595031,-0.07]]]
[[[1144.3056640625,0,984.2803955078125],[0,1144.3056640625,575.93115234375],[0,0,1]],[[0.91224539,-0.06473667,-0.4044967,0.07],[0.08732816,0.99546862,0.03763045,-0.02],[0.4002277,-0.06965215,0.91376495,-0.07]]]
[[[1144.3056640625,0,984.2803955078125],[0,1144.3056640625,575.93115234375],[0,0,1]],[[0.92239231,-0.06096225,-0.38141316,0.07],[0.08209956,0.99584591,0.03937725,-0.02],[0.37742823,-0.06763513,0.92356563,-0.07]]]
[[[1144.3056640625,0,984.2803955078125],[0,1144.3056640625,575.93115234375],[0,0,1]],[[0.92869073,-0.06330199,-0.36541265,0.07],[0.08412798,0.99559712,0.0413385,-0.02],[0.36118698,-0.0691321,0.92992729,-0.07]]]
[[[1144.3056640625,0,984.2803955078125],[0,1144.3056640625,575.93115234375],[0,0,1]],[[0.93373418,-0.0650697,-0.35200346,0.07],[0.08828925,0.99482405,0.05030005,-0.02],[0.34690851,-0.078045,0.93464619,-0.07]]]
[[[1144.3056640625,0,984.2803955078125],[0,1144.3056640625,575.93115234375],[0,0,1]],[[0.94256794,-0.06580766,-0.32746768,0.07],[0.08955698,0.99429357,0.05796421,-0.02],[0.3217845,-0.08396222,0.94308275,-0.07]]]
[[[1144.3056640625,0,984.2803955078125],[0,1144.3056640625,575.93115234375],[0,0,1]],[[0.94820178,-0.06198332,-0.31156296,0.07],[0.0853594,0.99442261,0.06194677,-0.02],[0.30598557,-0.08533286,0.94820416,-0.07]]]
[[[1144.3056640625,0,984.2803955078125],[0,1144.3056640625,575.93115234375],[0,0,1]],[[0.95456439,-0.05779248,-0.2923471,0.06],[0.08168878,0.994183,0.07019363,-0.02],[0.28658983,-0.09088581,0.95373267,-0.07]]]
[[[1144.3056640625,0,984.2803955078125],[0,1144.3056640625,575.93115234375],[0,0,1]],[[0.9604519,-0.05509425,-0.27294093,0.06],[0.07906819,0.9938426,0.07762188,-0.02],[0.26698381,-0.09613302,0.95889419,-0.06]]]
[[[1144.3056640625,0,984.2803955078125],[0,1144.3056640625,575.93115234375],[0,0,1]],[[0.96778947,-0.05408128,-0.24588352,0.06],[0.0774472,0.99324846,0.08636788,-0.01],[0.23955256,-0.10262892,0.96544385,-0.06]]]
[[[1144.3056640625,0,984.2803955078125],[0,1144.3056640625,575.93115234375],[0,0,1]],[[0.97084755,-0.05388368,-0.23356293,0.06],[0.07650461,0.99309856,0.08889472,-0.01],[0.22716103,-0.10417186,0.96826965,-0.06]]]
[[[1144.3056640625,0,984.2803955078125],[0,1144.3056640625,575.93115234375],[0,0,1]],[[0.97463608,-0.05448538,-0.21706177,0.06],[0.07552341,0.99308938,0.08983151,-0.01],[0.21066724,-0.10394628,0.97201568,-0.06]]]
[[[1144.3056640625,0,984.2803955078125],[0,1144.3056640625,575.93115234375],[0,0,1]],[[0.97662228,-0.05653077,-0.20739613,0.06],[0.07671446,0.99292827,0.09059986,-0.01],[0.20080779,-0.10439212,0.97405261,-0.05]]]
[[[1144.3056640625,0,984.2803955078125],[0,1144.3056640625,575.93115234375],[0,0,1]],[[0.98044467,-0.05944496,-0.18760216,0.06],[0.07744578,0.9929148,0.09012434,-0.01],[0.18091553,-0.10289092,0.97810173,-0.05]]]
[[[1144.3056640625,0,984.2803955078125],[0,1144.3056640625,575.93115234375],[0,0,1]],[[0.9823997,-0.06140571,-0.17640923,0.05],[0.07832463,0.99280274,0.09059806,-0.01],[0.16957633,-0.10282069,0.98013866,-0.05]]]
[[[1144.3056640625,0,984.2803955078125],[0,1144.3056640625,575.93115234375],[0,0,1]],[[0.98517275,-0.06379195,-0.15926486,0.05],[0.07903571,0.99268335,0.09128574,-0.01],[0.15227628,-0.10251983,0.98300642,-0.05]]]
[[[1144.3056640625,0,984.2803955078125],[0,1144.3056640625,575.93115234375],[0,0,1]],[[0.98680794,-0.06359374,-0.14888206,0.05],[0.07795995,0.99263436,0.09273228,-0.],[0.14188826,-0.1031158,0.98449725,-0.05]]]
[[[1144.3056640625,0,984.2803955078125],[0,1144.3056640625,575.93115234375],[0,0,1]],[[0.98832256,-0.06520659,-0.13771951,0.05],[0.07846929,0.99255276,0.09317486,-0.],[0.13061827,-0.10289356,0.98607898,-0.04]]]
[[[1144.3056640625,0,984.2803955078125],[0,1144.3056640625,575.93115234375],[0,0,1]],[[0.9900068,-0.0651335,-0.12507677,0.05],[0.07692535,0.99279404,0.09188332,-0.],[0.11819078,-0.10058668,0.98788321,-0.04]]]
[[[1144.3056640625,0,984.2803955078125],[0,1144.3056640625,575.93115234375],[0,0,1]],[[0.99297756,-0.06545617,-0.09854469,0.04],[0.07449948,0.99305362,0.09107359,0.],[0.09189884,-0.09777557,0.99095637,-0.04]]]
[[[1144.3056640625,0,984.2803955078125],[0,1144.3056640625,575.93115234375],[0,0,1]],[[0.99449545,-0.06571984,-0.08160677,0.04],[0.07307971,0.99318939,0.0907423,0.],[0.07508741,-0.09620661,0.99252516,-0.04]]]
[[[1144.3056640625,0,984.2803955078125],[0,1144.3056640625,575.93115234375],[0,0,1]],[[0.99596906,-0.06691433,-0.05973407,0.05],[0.07242117,0.99280471,0.09536231,0.01],[0.05292315,-0.09930392,0.99364877,-0.03]]]
[[[1144.3056640625,0,984.2803955078125],[0,1144.3056640625,575.93115234375],[0,0,1]],[[0.99689978,-0.06892352,-0.0379521,0.05],[0.07244979,0.99223506,0.10109694,0.01],[0.03068944,-0.10353315,0.99415243,-0.03]]]
[[[1144.3056640625,0,984.2803955078125],[0,1144.3056640625,575.93115234375],[0,0,1]],[[0.99735898,-0.07074332,-0.01644435,0.04],[0.07206871,0.99203867,0.10327361,0.01],[0.00900751,-0.10418599,0.99451703,-0.03]]]
[[[1144.3056640625,0,984.2803955078125],[0,1144.3056640625,575.93115234375],[0,0,1]],[[0.99766868,-0.06811069,0.0042582,0.04],[0.06732322,0.99250817,0.1019562,0.01],[-0.0111706,-0.10143182,0.99477977,-0.03]]]
[[[1144.3056640625,0,984.2803955078125],[0,1144.3056640625,575.93115234375],[0,0,1]],[[0.9973979,-0.06435539,0.03249286,0.05],[0.0606635,0.99271929,0.10405935,0.01],[-0.03895307,-0.10181746,0.99404019,-0.02]]]
[[[1144.3056640625,0,984.2803955078125],[0,1144.3056640625,575.93115234375],[0,0,1]],[[0.99691862,-0.06256686,0.04731396,0.05],[0.05718038,0.99253756,0.10770139,0.02],[-0.05369942,-0.1046641,0.99305677,-0.02]]]
[[[1144.3056640625,0,984.2803955078125],[0,1144.3056640625,575.93115234375],[0,0,1]],[[0.99607605,-0.06316564,0.06198832,0.05],[0.05611395,0.99239492,0.10956083,0.02],[-0.06843738,-0.10565251,0.99204528,-0.02]]]
