[[[1145.7655029296875,0,984.3427734375],[0,1145.7655029296875,575.9391479492188],[0,0,1]],[[9.99835551e-01,1.81359183e-02,1.05330604e-04,1.00000000e-02],[-1.80919700e-02,9.96973750e-01,7.56046600e-02,-0.00000000e+00],[1.26615000e-03,-7.55941300e-02,9.97137840e-01,0.00000000e+00]]]
[[[1145.7655029296875,0,984.3427734375],[0,1145.7655029296875,575.9391479492188],[0,0,1]],[[0.99981236,0.0119664,-0.01523459,0.01],[-0.01070212,0.99669522,0.08052365,-0.],[0.01614782,-0.0803455,0.99663627,-0.]]]
[[[1145.7655029296875,0,984.3427734375],[0,1145.7655029296875,575.9391479492188],[0,0,1]],[[0.99954408,0.01171521,-0.02782803,0.01],[-0.0095144,0.99691248,0.07794204,-0.],[0.02865522,-0.07764173,0.99656945,-0.]]]
[[[1145.7655029296875,0,984.3427734375],[0,1145.7655029296875,575.9391479492188],[0,0,1]],[[0.99924183,0.01847833,-0.03426877,0.],[-0.01560773,0.99649191,0.08222082,-0.],[0.03566785,-0.08162362,0.99602479,-0.]]]
[[[1145.7655029296875,0,984.3427734375],[0,1145.7655029296875,575.9391479492188],[0,0,1]],[[0.99932063,0.01195781,-0.03486026,0.],[-0.00909501,0.99666011,0.08115374,-0.],[0.03571426,-0.08078156,0.99609178,-0.]]]
[[[1145.7655029296875,0,984.3427734375],[0,1145.7655029296875,575.9391479492188],[0,0,1]],[[0.99948156,0.01134543,-0.03013073,0.],[-0.00890558,0.99676234,0.07990956,-0.],[0.03093979,-0.07959979,0.99634665,-0.]]]
[[[1145.7655029296875,0,984.3427734375],[0,1145.7655029296875,575.9391479492188],[0,0,1]],[[0.99943215,0.00664805,-0.03303291,-0.],[-0.00401309,0.99685043,0.07920276,-0.],[0.03345542,-0.07902522,0.99631107,-0.]]]
[[[1145.7655029296875,0,984.3427734375],[0,1145.7655029296875,575.9391479492188],[0,0,1]],[[0.99925828,0.00788991,-0.03769163,0.],[-0.00480633,0.99668533,0.08121148,-0.],[0.03820744,-0.08097009,0.99598396,-0.]]]
[[[1145.7655029296875,0,984.3427734375],[0,1145.7655029296875,575.9391479492188],[0,0,1]],[[0.99850994,0.00859738,-0.05388869,0.],[-0.00382995,0.99611712,0.08795459,-0.01],[0.05443563,-0.08761714,0.9946658,-0.]]]
[[[1145.7655029296875,0,984.3427734375],[0,1145.7655029296875,575.9391479492188],[0,0,1]],[[0.99743998,0.00446283,-0.07136956,0.01],[0.00254087,0.99520856,0.09774206,-0.01],[0.07146379,-0.09767317,0.99264944,-0.]]]
[[[1145.7655029296875,0,984.3427734375],[0,1145.7655029296875,575.9391479492188],[0,0,1]],[[0.99700123,0.01230178,-0.07640182,0.01],[-0.00449288,0.99482024,0.10155055,-0.01],[0.07725533,-0.10090275,0.99189228,-0.01]]]
[[[1145.7655029296875,0,984.3427734375],[0,1145.7655029296875,575.9391479492188],[0,0,1]],[[0.99744493,0.02072606,-0.06836731,-0.01],[-0.01321462,0.99400371,0.10854493,-0.],[0.07020707,-0.10736413,0.99173784,-0.]]]
[[[1145.7655029296875,0,984.3427734375],[0,1145.7655029296875,575.9391479492188],[0,0,1]],[[0.99869001,0.02466786,-0.04483017,0.],[-0.01957884,0.9936713,0.11060735,0.],[0.0472749,-0.10958473,0.99285257,-0.]]]
[[[1145.7655029296875,0,984.3427734375],[0,1145.7655029296875,575.9391479492188],[0,0,1]],[[0.99919271,0.01906217,-0.03536377,-0.],[-0.0151229,0.99398208,0.10849417,0.],[0.03721908,-0.10787178,0.99346787,-0.]]]
[[[1145.7655029296875,0,984.3427734375],[0,1145.7655029296875,575.9391479492188],[0,0,1]],[[0.99970686,0.01852212,-0.01559275,-0.01],[-0.01673137,0.9940058,0.10803935,0.],[0.0175004,-0.10774679,0.99402434,-0.]]]
[[[1145.7655029296875,0,984.3427734375],[0,1145.7655029296875,575.9391479492188],[0,0,1]],[[0.99991542,0.01260378,0.00321744,-0.01],[-0.01287206,0.99438429,0.10504372,0.01],[-0.00187542,-0.10507625,0.99446237,0.]]]
[[[1145.7655029296875,0,984.3427734375],[0,1145.7655029296875,575.9391479492188],[0,0,1]],[[0.99985546,0.0116093,0.01242019,-0.01],[-0.01282317,0.99464065,0.10259398,0.],[-0.01116258,-0.10273842,0.99464577,0.]]]
[[[1145.7655029296875,0,984.3427734375],[0,1145.7655029296875,575.9391479492188],[0,0,1]],[[0.99986702,0.0063072,0.01503944,-0.02],[-0.00788275,0.99421519,0.1071169,0.],[-0.01427684,-0.10722121,0.9941327,0.01]]]
[[[1145.7655029296875,0,984.3427734375],[0,1145.7655029296875,575.9391479492188],[0,0,1]],[[0.99960893,0.01049206,0.02592187,-0.02],[-0.01326625,0.99392235,0.10928087,0.],[-0.02461774,-0.10958202,0.99367285,0.01]]]
[[[1145.7655029296875,0,984.3427734375],[0,1145.7655029296875,575.9391479492188],[0,0,1]],[[0.99923903,0.01436384,0.0362631,-0.02],[-0.01817191,0.99409622,0.10696948,0.01],[-0.03451252,-0.10754705,0.99360079,0.01]]]
[[[1145.7655029296875,0,984.3427734375],[0,1145.7655029296875,575.9391479492188],[0,0,1]],[[0.99864733,0.01774615,0.04887316,-0.02],[-0.02261958,0.99462503,0.10104152,0.01],[-0.04681737,-0.10201033,0.99368107,0.01]]]
[[[1145.7655029296875,0,984.3427734375],[0,1145.7655029296875,575.9391479492188],[0,0,1]],[[0.99796373,0.01828595,0.06110695,-0.02],[-0.02400921,0.99525625,0.09427917,0.01],[-0.05909309,-0.09555432,0.99366868,0.01]]]
[[[1145.7655029296875,0,984.3427734375],[0,1145.7655029296875,575.9391479492188],[0,0,1]],[[0.99736023,0.02214937,0.06915174,-0.02],[-0.02831998,0.99557799,0.08956829,0.01],[-0.06686208,-0.09129023,0.99357712,0.01]]]
[[[1145.7655029296875,0,984.3427734375],[0,1145.7655029296875,575.9391479492188],[0,0,1]],[[0.99699074,0.0239714,0.07372163,-0.02],[-0.03038243,0.99573535,0.08710915,0.01],[-0.0713191,-0.08908686,0.99346721,0.01]]]
[[[1145.7655029296875,0,984.3427734375],[0,1145.7655029296875,575.9391479492188],[0,0,1]],[[0.99681032,0.02276311,0.07649177,-0.02],[-0.0293017,0.99590921,0.0854765,0.02],[-0.07423314,-0.0874452,0.99339962,0.01]]]
[[[1145.7655029296875,0,984.3427734375],[0,1145.7655029296875,575.9391479492188],[0,0,1]],[[0.99640888,0.02529299,0.08080578,-0.02],[-0.03234372,0.99566793,0.08717384,0.02],[-0.07825084,-0.08947436,0.99291044,0.01]]]
[[[1145.7655029296875,0,984.3427734375],[0,1145.7655029296875,575.9391479492188],[0,0,1]],[[0.99702275,0.02353762,0.07342774,-0.01],[-0.0296018,0.99614108,0.0826238,0.02],[-0.07119962,-0.0845514,0.99387205,0.01]]]
[[[1145.7655029296875,0,984.3427734375],[0,1145.7655029296875,575.9391479492188],[0,0,1]],[[0.99848908,0.00789236,0.05438022,-0.01],[-0.01173456,0.99742848,0.07070149,0.02],[-0.05368238,-0.07123279,0.99601412,0.01]]]
[[[1145.7655029296875,0,984.3427734375],[0,1145.7655029296875,575.9391479492188],[0,0,1]],[[0.99891984,-0.00399118,0.04629446,-0.02],[0.00109813,0.99805373,0.06235028,0.02],[-0.04645321,-0.0622321,0.99698007,0.01]]]
[[[1145.7655029296875,0,984.3427734375],[0,1145.7655029296875,575.9391479492188],[0,0,1]],[[9.98738650e-01,-4.02864000e-03,5.00490200e-02,-2.00000000e-02],[9.34230513e-04,9.98094440e-01,6.16977811e-02,2.00000000e-02],[-5.02022100e-02,-6.15732000e-02,9.96839230e-01,1.00000000e-02]]]
[[[1145.7655029296875,0,984.3427734375],[0,1145.7655029296875,575.9391479492188],[0,0,1]],[[0.99897635,-0.00750398,0.04460899,-0.02],[0.00453865,0.99779558,0.06620716,0.02],[-0.04500747,-0.06593693,0.99680823,0.01]]]
[[[1145.7655029296875,0,984.3427734375],[0,1145.7655029296875,575.9391479492188],[0,0,1]],[[0.99910408,-0.01100177,0.04086559,-0.02],[0.0080043,0.99731427,0.07280186,0.02],[-0.04155678,-0.07240954,0.99650884,0.01]]]
[[[1145.7655029296875,0,984.3427734375],[0,1145.7655029296875,575.9391479492188],[0,0,1]],[[0.99957377,-0.0111259,0.02698986,-0.01],[0.0090545,0.99709022,0.07569054,0.02],[-0.02775345,-0.0754139,0.99676603,0.01]]]
[[[1145.7655029296875,0,984.3427734375],[0,1145.7655029296875,575.9391479492188],[0,0,1]],[[0.9998275,-0.01475714,0.0112801,-0.01],[0.01389011,0.99720448,0.07341862,0.02],[-0.01233201,-0.07324927,0.99723744,0.01]]]
[[[1145.7655029296875,0,984.3427734375],[0,1145.7655029296875,575.9391479492188],[0,0,1]],[[0.99983853,-0.01596149,0.00825795,-0.01],[0.0153213,0.99725008,0.07250894,0.02],[-0.00939259,-0.0723707,0.99733359,0.]]]
[[[1145.7655029296875,0,984.3427734375],[0,1145.7655029296875,575.9391479492188],[0,0,1]],[[0.99986333,-0.01602148,-0.0040797,-0.01],[0.01628095,0.99708909,0.07448715,0.01],[0.00287443,-0.07454339,0.9972136,0.]]]
[[[1145.7655029296875,0,984.3427734375],[0,1145.7655029296875,575.9391479492188],[0,0,1]],[[9.99839250e-01,-1.77894200e-02,-2.24336000e-03,-0.00000000e+00],[1.79081800e-02,9.96973450e-01,7.56523200e-02,1.00000000e-02],[8.90762371e-04,-7.56803304e-02,9.97131705e-01,0.00000000e+00]]]
[[[1145.7655029296875,0,984.3427734375],[0,1145.7655029296875,575.9391479492188],[0,0,1]],[[0.99973363,-0.02289351,-0.00292495,-0.01],[0.02304657,0.99703127,0.07346793,0.02],[0.00123432,-0.07351577,0.99729329,0.]]]
[[[1145.7655029296875,0,984.3427734375],[0,1145.7655029296875,575.9391479492188],[0,0,1]],[[0.99971431,-0.02149007,0.01046393,-0.02],[0.02069458,0.99726391,0.07096793,0.02],[-0.0119604,-0.0707311,0.99742371,0.]]]
[[[1145.7655029296875,0,984.3427734375],[0,1145.7655029296875,575.9391479492188],[0,0,1]],[[0.99963379,-0.01507002,0.02247504,-0.02],[0.01336539,0.99715704,0.07415693,0.02],[-0.02352869,-0.07382939,0.9969933,0.]]]
[[[1145.7655029296875,0,984.3427734375],[0,1145.7655029296875,575.9391479492188],[0,0,1]],[[0.99952865,-0.01522066,0.02666129,-0.02],[0.01304701,0.99671865,0.07988573,0.02],[-0.02778972,-0.07950022,0.99644738,0.01]]]
[[[1145.7655029296875,0,984.3427734375],[0,1145.7655029296875,575.9391479492188],[0,0,1]],[[0.99924314,-0.01428359,0.03618265,-0.02],[0.0110764,0.99611717,0.08733781,0.02],[-0.03728965,-0.08687092,0.99552143,0.01]]]
[[[1145.7655029296875,0,984.3427734375],[0,1145.7655029296875,575.9391479492188],[0,0,1]],[[0.99876463,-0.01613671,0.04699828,-0.02],[0.01199451,0.99612558,0.08712015,0.02],[-0.04822202,-0.08644881,0.99508858,0.01]]]
[[[1145.7655029296875,0,984.3427734375],[0,1145.7655029296875,575.9391479492188],[0,0,1]],[[0.99801642,-0.01462086,0.06123323,-0.03],[0.00957568,0.99659538,0.08189015,0.02],[-0.06222206,-0.08114137,0.99475849,0.01]]]
[[[1145.7655029296875,0,984.3427734375],[0,1145.7655029296875,575.9391479492188],[0,0,1]],[[0.99673533,-0.01167105,0.07989064,-0.03],[0.00541394,0.99693131,0.07809383,0.02],[-0.08055691,-0.07740635,0.99373984,0.01]]]
[[[1145.7655029296875,0,984.3427734375],[0,1145.7655029296875,575.9391479492188],[0,0,1]],[[0.99545097,-0.01251093,0.09445024,-0.03],[0.0049652,0.99680597,0.07970718,0.02],[-0.09514576,-0.07887562,0.99233359,0.02]]]
[[[1145.7655029296875,0,984.3427734375],[0,1145.7655029296875,575.9391479492188],[0,0,1]],[[0.99348474,-0.01345557,0.11316808,-0.03],[0.00484479,0.99709439,0.07602187,0.03],[-0.11386218,-0.0749783,0.99066323,0.02]]]
[[[1145.7655029296875,0,984.3427734375],[0,1145.7655029296875,575.9391479492188],[0,0,1]],[[0.99122727,-0.00765247,0.13194683,-0.04],[-0.00194608,0.99736917,0.07246363,0.03],[-0.13215423,-0.07208471,0.98860461,0.02]]]
[[[1145.7655029296875,0,984.3427734375],[0,1145.7655029296875,575.9391479492188],[0,0,1]],[[9.87199843e-01,-3.77096236e-04,1.59487575e-01,-4.00000000e-02],[-1.09166700e-02,9.97492130e-01,6.99307500e-02,3.00000000e-02],[-1.59113970e-01,-7.07767000e-02,9.84719990e-01,3.00000000e-02]]]
[[[1145.7655029296875,0,984.3427734375],[0,1145.7655029296875,575.9391479492188],[0,0,1]],[[0.98316395,0.00796783,0.18255173,-0.04],[-0.02110488,0.99731427,0.07013424,0.03],[-0.18150263,-0.07280619,0.98069161,0.03]]]
[[[1145.7655029296875,0,984.3427734375],[0,1145.7655029296875,575.9391479492188],[0,0,1]],[[0.97644156,0.01255367,0.21541658,-0.04],[-0.02789683,0.99727243,0.06833362,0.03],[-0.21397117,-0.07273322,0.97412843,0.04]]]
[[[1145.7655029296875,0,984.3427734375],[0,1145.7655029296875,575.9391479492188],[0,0,1]],[[0.97144389,0.0181591,0.23657347,-0.04],[-0.03531054,0.99702841,0.06846529,0.04],[-0.2346272,-0.07486373,0.96919841,0.04]]]
[[[1145.7655029296875,0,984.3427734375],[0,1145.7655029296875,575.9391479492188],[0,0,1]],[[0.96671444,0.0281899,0.25429997,-0.04],[-0.0466549,0.99667007,0.06687354,0.04],[-0.25156799,-0.07651195,0.96481061,0.04]]]
[[[1145.7655029296875,0,984.3427734375],[0,1145.7655029296875,575.9391479492188],[0,0,1]],[[0.96031505,0.02295728,0.27797112,-0.04],[-0.04216641,0.99710184,0.06332419,0.04],[-0.27571175,-0.07253221,0.95849991,0.05]]]
[[[1145.7655029296875,0,984.3427734375],[0,1145.7655029296875,575.9391479492188],[0,0,1]],[[0.95694888,0.0181819,0.28968659,-0.04],[-0.03868725,0.99712098,0.06521589,0.04],[-0.28766683,-0.07361545,0.95489717,0.05]]]
[[[1145.7655029296875,0,984.3427734375],[0,1145.7655029296875,575.9391479492188],[0,0,1]],[[0.95634913,0.01170855,0.29199177,-0.04],[-0.03084597,0.99765956,0.06102354,0.04],[-0.29059392,-0.06736658,0.95447206,0.05]]]
[[[1145.7655029296875,0,984.3427734375],[0,1145.7655029296875,575.9391479492188],[0,0,1]],[[0.9507969,0.0121722,0.30957571,-0.04],[-0.03361844,0.99738115,0.06403597,0.04],[-0.30798551,-0.07129265,0.9487161,0.06]]]
[[[1145.7655029296875,0,984.3427734375],[0,1145.7655029296875,575.9391479492188],[0,0,1]],[[0.94499892,0.01053186,0.32690382,-0.04],[-0.03488339,0.99702609,0.06871816,0.04],[-0.32520789,-0.0763421,0.94255596,0.06]]]
[[[1145.7655029296875,0,984.3427734375],[0,1145.7655029296875,575.9391479492188],[0,0,1]],[[0.94173294,0.00749518,0.33627802,-0.05],[-0.03586036,0.99629098,0.07821952,0.03],[-0.33444452,-0.08572094,0.93850881,0.06]]]
[[[1145.7655029296875,0,984.3427734375],[0,1145.7655029296875,575.9391479492188],[0,0,1]],[[0.93243349,0.00544218,0.36130074,-0.05],[-0.03582903,0.99635154,0.07745864,0.04],[-0.359561,-0.08517008,0.92922652,0.06]]]
[[[1145.7655029296875,0,984.3427734375],[0,1145.7655029296875,575.9391479492188],[0,0,1]],[[0.92576951,0.00150374,0.37808532,-0.05],[-0.03356583,0.99637043,0.07822559,0.04],[-0.37659544,-0.08510961,0.9224599,0.07]]]
[[[1145.7655029296875,0,984.3427734375],[0,1145.7655029296875,575.9391479492188],[0,0,1]],[[0.92421031,-0.00559682,0.38184291,-0.05],[-0.02729774,0.99636656,0.08067539,0.03],[-0.38090706,-0.08498447,0.92069942,0.07]]]
[[[1145.7655029296875,0,984.3427734375],[0,1145.7655029296875,575.9391479492188],[0,0,1]],[[0.92171878,-0.00639656,0.38780618,-0.06],[-0.02997405,0.99569905,0.08766413,0.03],[-0.38669896,-0.09242579,0.91756272,0.07]]]
[[[1145.7655029296875,0,984.3427734375],[0,1145.7655029296875,575.9391479492188],[0,0,1]],[[0.9107489,-0.00219712,0.41295475,-0.06],[-0.03626123,0.99569786,0.08526974,0.03],[-0.41136551,-0.09263357,0.90675104,0.07]]]
[[[1145.7655029296875,0,984.3427734375],[0,1145.7655029296875,575.9391479492188],[0,0,1]],[[0.9066878,-0.00620977,0.42175665,-0.06],[-0.0341229,0.99553454,0.08801489,0.03],[-0.42041984,-0.09419358,0.90242714,0.08]]]
[[[1145.7655029296875,0,984.3427734375],[0,1145.7655029296875,575.9391479492188],[0,0,1]],[[0.90394038,-0.01567915,0.42737097,-0.06],[-0.02495749,0.99569046,0.0893174,0.04],[-0.42692959,-0.09140372,0.89965355,0.08]]]
[[[1145.7655029296875,0,984.3427734375],[0,1145.7655029296875,575.9391479492188],[0,0,1]],[[0.89630681,-0.01961012,0.44300058,-0.07],[-0.02186528,0.99585193,0.08832218,0.04],[-0.44289503,-0.0888501,0.89216012,0.08]]]
[[[1145.7655029296875,0,984.3427734375],[0,1145.7655029296875,575.9391479492188],[0,0,1]],[[0.88122797,-0.01934026,0.47229573,-0.07],[-0.0231997,0.99618888,0.08408034,0.04],[-0.47212186,-0.08505106,0.87742078,0.08]]]
[[[1145.7655029296875,0,984.3427734375],[0,1145.7655029296875,575.9391479492188],[0,0,1]],[[0.86997533,-0.02490906,0.49246567,-0.07],[-0.02002816,0.99611408,0.08576491,0.04],[-0.4926883,-0.08447655,0.86609578,0.08]]]
[[[1145.7655029296875,0,984.3427734375],[0,1145.7655029296875,575.9391479492188],[0,0,1]],[[0.86533767,-0.02387247,0.50062042,-0.07],[-0.02221865,0.99605572,0.08590331,0.04],[-0.5006966,-0.08545848,0.86139411,0.08]]]
[[[1145.7655029296875,0,984.3427734375],[0,1145.7655029296875,575.9391479492188],[0,0,1]],[[0.85993481,-0.019728,0.51002252,-0.07],[-0.02973249,0.99561965,0.08864234,0.04],[-0.50953722,-0.09139088,0.8555814,0.09]]]
[[[1145.7655029296875,0,984.3427734375],[0,1145.7655029296875,575.9391479492188],[0,0,1]],[[0.84467393,-0.01999834,0.53490752,-0.08],[-0.03337086,0.99539065,0.08991022,0.04],[-0.53423995,-0.09379514,0.84011316,0.09]]]
[[[1145.7655029296875,0,984.3427734375],[0,1145.7655029296875,575.9391479492188],[0,0,1]],[[0.83980626,-0.0221776,0.54243302,-0.08],[-0.02880589,0.99593735,0.08531719,0.04],[-0.54212141,-0.08727518,0.83575559,0.09]]]
[[[1145.7655029296875,0,984.3427734375],[0,1145.7655029296875,575.9391479492188],[0,0,1]],[[0.83575457,-0.01148668,0.54898304,-0.08],[-0.03894866,0.99602282,0.08013455,0.04],[-0.54772013,-0.08835497,0.83198321,0.09]]]
[[[1145.7655029296875,0,984.3427734375],[0,1145.7655029296875,575.9391479492188],[0,0,1]],[[0.82464385,-0.00353319,0.56564128,-0.08],[-0.0471753,0.99606717,0.07499826,0.04],[-0.56368172,-0.08853115,0.82123393,0.1]]]
[[[1145.7655029296875,0,984.3427734375],[0,1145.7655029296875,575.9391479492188],[0,0,1]],[[8.06062102e-01,-2.70018354e-04,5.91830969e-01,-8.00000000e-02],[-4.79154700e-02,9.96687350e-01,6.57146600e-02,4.00000000e-02],[-5.89888220e-01,-8.13279400e-02,8.03378940e-01,1.10000000e-01]]]
[[[1145.7655029296875,0,984.3427734375],[0,1145.7655029296875,575.9391479492188],[0,0,1]],[[0.77844363,0.00854028,0.6276564,-0.09],[-0.05782331,0.99663162,0.05815391,0.04],[-0.6250456,-0.08156271,0.77631533,0.12]]]
[[[1145.7655029296875,0,984.3427734375],[0,1145.7655029296875,575.9391479492188],[0,0,1]],[[0.74411047,0.00815344,0.6680069,-0.08],[-0.06637916,0.99587965,0.06178617,0.05],[-0.6647507,-0.09031747,0.74158567,0.12]]]
[[[1145.7655029296875,0,984.3427734375],[0,1145.7655029296875,575.9391479492188],[0,0,1]],[[0.73509228,0.01079965,0.677881,-0.08],[-0.06717871,0.99611264,0.05697887,0.05],[-0.67463052,-0.08742391,0.73296022,0.12]]]
[[[1145.7655029296875,0,984.3427734375],[0,1145.7655029296875,575.9391479492188],[0,0,1]],[[0.72152066,0.01703732,0.69218326,-0.08],[-0.0719398,0.99613124,0.05047022,0.05],[-0.68864548,-0.08621083,0.71995497,0.12]]]
[[[1145.7655029296875,0,984.3427734375],[0,1145.7655029296875,575.9391479492188],[0,0,1]],[[0.70531052,0.02616557,0.70841545,-0.08],[-0.08476407,0.99526191,0.04763221,0.05],[-0.70381254,-0.09364367,0.70418656,0.13]]]
[[[1145.7655029296875,0,984.3427734375],[0,1145.7655029296875,575.9391479492188],[0,0,1]],[[0.69030952,0.03420782,0.72270495,-0.08],[-0.09824137,0.99406224,0.0467857,0.05],[-0.71681327,-0.10329615,0.68957126,0.13]]]
[[[1145.7655029296875,0,984.3427734375],[0,1145.7655029296875,575.9391479492188],[0,0,1]],[[0.67484939,0.03777289,0.73698813,-0.08],[-0.10858063,0.99290204,0.04853645,0.05],[-0.72992367,-0.11277743,0.67416072,0.13]]]
[[[1145.7655029296875,0,984.3427734375],[0,1145.7655029296875,575.9391479492188],[0,0,1]],[[0.67041862,0.03100213,0.74133509,-0.08],[-0.10422722,0.993155,0.05272372,0.06],[-0.73462611,-0.11261426,0.66906089,0.13]]]
[[[1145.7655029296875,0,984.3427734375],[0,1145.7655029296875,575.9391479492188],[0,0,1]],[[0.67204916,0.02169969,0.74018854,-0.08],[-0.09830131,0.99333841,0.06013088,0.06],[-0.73395282,-0.1131724,0.66970539,0.14]]]
[[[1145.7655029296875,0,984.3427734375],[0,1145.7655029296875,575.9391479492188],[0,0,1]],[[0.66473514,0.01539554,0.74692053,-0.08],[-0.09296741,0.99372095,0.0622554,0.06],[-0.74127215,-0.11082261,0.66199249,0.14]]]
[[[1145.7655029296875,0,984.3427734375],[0,1145.7655029296875,575.9391479492188],[0,0,1]],[[0.6469903,0.01487179,0.76235318,-0.08],[-0.0867344,0.9947558,0.05420391,0.06],[-0.75754917,-0.10119165,0.64488727,0.14]]]
[[[1145.7655029296875,0,984.3427734375],[0,1145.7655029296875,575.9391479492188],[0,0,1]],[[0.63046765,0.01522305,0.7760663,-0.08],[-0.08583215,0.99504358,0.05021065,0.06],[-0.77145541,-0.09826762,0.62864935,0.15]]]
[[[1145.7655029296875,0,984.3427734375],[0,1145.7655029296875,575.9391479492188],[0,0,1]],[[0.63205624,0.01375724,0.77480042,-0.08],[-0.08438449,0.99511862,0.05116887,0.06],[-0.77031434,-0.09772273,0.63013184,0.15]]]
[[[1145.7655029296875,0,984.3427734375],[0,1145.7655029296875,575.9391479492188],[0,0,1]],[[0.64117813,0.0115393,0.76730531,-0.08],[-0.07555165,0.99597847,0.04815444,0.06],[-0.76366395,-0.08884676,0.63947141,0.14]]]
[[[1145.7655029296875,0,984.3427734375],[0,1145.7655029296875,575.9391479492188],[0,0,1]],[[0.65388834,0.00798151,0.756549,-0.08],[-0.06072311,0.99727219,0.04196212,0.06],[-0.75415039,-0.07337855,0.65258932,0.14]]]
[[[1145.7655029296875,0,984.3427734375],[0,1145.7655029296875,575.9391479492188],[0,0,1]],[[0.66367185,0.00498943,0.74800718,-0.07],[-0.05122291,0.99793357,0.03879119,0.06],[-0.74626791,-0.06405973,0.66255605,0.14]]]
[[[1145.7655029296875,0,984.3427734375],[0,1145.7655029296875,575.9391479492188],[0,0,1]],[[0.687603,-0.00623254,0.72606015,-0.07],[-0.03166578,0.99875438,0.0385619,0.06],[-0.72539604,-0.04950655,0.68654913,0.14]]]
[[[1145.7655029296875,0,984.3427734375],[0,1145.7655029296875,575.9391479492188],[0,0,1]],[[0.71367621,-0.00508317,0.70045727,-0.07],[-0.02311254,0.99925828,0.03080026,0.06],[-0.70009428,-0.03817076,0.71302944,0.14]]]
[[[1145.7655029296875,0,984.3427734375],[0,1145.7655029296875,575.9391479492188],[0,0,1]],[[0.74241495,-0.00129395,0.66993916,-0.07],[-0.02283688,0.99936807,0.02723765,0.06],[-0.66955101,-0.03552096,0.74191624,0.13]]]
[[[1145.7655029296875,0,984.3427734375],[0,1145.7655029296875,575.9391479492188],[0,0,1]],[[0.78200835,-0.00716255,0.62322682,-0.05],[-0.01132382,0.99960566,0.02569697,0.06],[-0.62316507,-0.02715255,0.78161883,0.12]]]
[[[1145.7655029296875,0,984.3427734375],[0,1145.7655029296875,575.9391479492188],[0,0,1]],[[0.83214742,-0.02339009,0.55406106,-0.05],[0.01325277,0.99966353,0.02229712,0.05],[-0.55439615,-0.01121165,0.8321774,0.11]]]
[[[1145.7655029296875,0,984.3427734375],[0,1145.7655029296875,575.9391479492188],[0,0,1]],[[0.86763358,-0.03657817,0.49585682,-0.05],[0.0294568,0.99932003,0.02217494,0.05],[-0.4963308,-0.00463336,0.86812115,0.1]]]
[[[1145.7655029296875,0,984.3427734375],[0,1145.7655029296875,575.9391479492188],[0,0,1]],[[0.88585913,-0.04237557,0.46201512,-0.05],[0.0346182,0.99908137,0.02525848,0.05],[-0.46266106,-0.00638133,0.88651228,0.09]]]
[[[1145.7655029296875,0,984.3427734375],[0,1145.7655029296875,575.9391479492188],[0,0,1]],[[0.89501494,-0.04830408,0.44341284,-0.05],[0.0409287,0.99881864,0.02619504,0.05],[-0.44415432,-0.00529664,0.89593464,0.09]]]
[[[1145.7655029296875,0,984.3427734375],[0,1145.7655029296875,575.9391479492188],[0,0,1]],[[0.90385431,-0.05770455,0.42393109,-0.05],[0.04740475,0.99826896,0.03481149,0.04],[-0.42520604,-0.01136817,0.90502518,0.09]]]
[[[1145.7655029296875,0,984.3427734375],[0,1145.7655029296875,575.9391479492188],[0,0,1]],[[0.90867424,-0.06480928,0.41244507,-0.05],[0.05253097,0.99777514,0.04105165,0.04],[-0.41418797,-0.01563644,0.91005707,0.08]]]
[[[1145.7655029296875,0,984.3427734375],[0,1145.7655029296875,575.9391479492188],[0,0,1]],[[0.91631049,-0.0647473,0.39519978,-0.05],[0.04977684,0.99760485,0.04802932,0.04],[-0.39736301,-0.02433797,0.91733873,0.08]]]
[[[1145.7655029296875,0,984.3427734375],[0,1145.7655029296875,575.9391479492188],[0,0,1]],[[0.92259932,-0.06462794,0.38030732,-0.05],[0.04867019,0.99748945,0.05143894,0.04],[-0.38267696,-0.0289479,0.9234286,0.07]]]
[[[1145.7655029296875,0,984.3427734375],[0,1145.7655029296875,575.9391479492188],[0,0,1]],[[0.93009698,-0.05464229,0.36322686,-0.05],[0.03729412,0.99781108,0.05460921,0.03],[-0.36541578,-0.03724564,0.93009895,0.07]]]
[[[1145.7655029296875,0,984.3427734375],[0,1145.7655029296875,575.9391479492188],[0,0,1]],[[0.94119745,-0.04824359,0.3343949,-0.04],[0.0313353,0.99795133,0.05577851,0.04],[-0.33640078,-0.04202024,0.94078094,0.06]]]
[[[1145.7655029296875,0,984.3427734375],[0,1145.7655029296875,575.9391479492188],[0,0,1]],[[0.94571954,-0.05186073,0.32081932,-0.04],[0.03623776,0.99785697,0.05448186,0.04],[-0.32295728,-0.03989879,0.94557214,0.06]]]
[[[1145.7655029296875,0,984.3427734375],[0,1145.7655029296875,575.9391479492188],[0,0,1]],[[0.95084876,-0.04790814,0.30592728,-0.04],[0.03148077,0.99779618,0.05840969,0.03],[-0.30805135,-0.04590796,0.95026147,0.05]]]
[[[1145.7655029296875,0,984.3427734375],[0,1145.7655029296875,575.9391479492188],[0,0,1]],[[0.961312,-0.03938708,0.2726315,-0.04],[0.02131112,0.99739254,0.06894927,0.03],[-0.2746363,-0.06047167,0.95964479,0.05]]]
[[[1145.7655029296875,0,984.3427734375],[0,1145.7655029296875,575.9391479492188],[0,0,1]],[[0.96804762,-0.04325893,0.2470071,-0.03],[0.02581959,0.99696743,0.07341146,0.03],[-0.24943376,-0.06468818,0.9662289,0.04]]]
[[[1145.7655029296875,0,984.3427734375],[0,1145.7655029296875,575.9391479492188],[0,0,1]],[[0.97831261,-0.04726126,0.20167004,-0.02],[0.0332479,0.99682724,0.0723185,0.03],[-0.20444806,-0.064045,0.97678006,0.04]]]
[[[1145.7655029296875,0,984.3427734375],[0,1145.7655029296875,575.9391479492188],[0,0,1]],[[0.98394597,-0.04803428,0.17188106,-0.02],[0.03596597,0.99670863,0.07265261,0.03],[-0.17480515,-0.06530437,0.98243499,0.03]]]
[[[1145.7655029296875,0,984.3427734375],[0,1145.7655029296875,575.9391479492188],[0,0,1]],[[0.98621672,-0.04851764,0.15818544,-0.03],[0.03725757,0.99660724,0.07338851,0.03],[-0.16120939,-0.06648337,0.98467839,0.03]]]
[[[1145.7655029296875,0,984.3427734375],[0,1145.7655029296875,575.9391479492188],[0,0,1]],[[0.98999822,-0.05185743,0.13120347,-0.02],[0.04236195,0.99634641,0.07415735,0.02],[-0.1345697,-0.06785762,0.98857796,0.02]]]
[[[1145.7655029296875,0,984.3427734375],[0,1145.7655029296875,575.9391479492188],[0,0,1]],[[0.992513,-0.05546327,0.10881988,-0.01],[0.04721258,0.99591374,0.07698537,0.02],[-0.11264508,-0.07127131,0.99107593,0.01]]]
[[[1145.7655029296875,0,984.3427734375],[0,1145.7655029296875,575.9391479492188],[0,0,1]],[[0.9947204,-0.05518439,0.08652168,-0.01],[0.04846897,0.99578357,0.07788384,0.02],[-0.09045484,-0.07327902,0.99320096,0.01]]]
[[[1145.7655029296875,0,984.3427734375],[0,1145.7655029296875,575.9391479492188],[0,0,1]],[[0.99738824,-0.04797124,0.0539952,-0.01],[0.04387615,0.99624568,0.07462861,0.02],[-0.05737251,-0.0720646,0.99574852,0.]]]
[[[1145.7655029296875,0,984.3427734375],[0,1145.7655029296875,575.9391479492188],[0,0,1]],[[0.99843138,-0.03822049,0.04091379,-0.02],[0.03505949,0.996539,0.07537116,0.02],[-0.04365292,-0.07381852,0.99631584,0.]]]
[[[1145.7655029296875,0,984.3427734375],[0,1145.7655029296875,575.9391479492188],[0,0,1]],[[9.99736309e-01,9.94366594e-04,2.29426417e-02,-2.00000000e-02],[-2.77251000e-03,9.96980490e-01,7.76029400e-02,1.00000000e-02],[-2.27962000e-02,-7.76460800e-02,9.96720310e-01,0.00000000e+00]]]
[[[1145.7655029296875,0,984.3427734375],[0,1145.7655029296875,575.9391479492188],[0,0,1]],[[0.99678552,0.07920785,-0.01203266,-0.06],[-0.07806251,0.99400383,0.0765681,0.01],[0.0180253,-0.07538267,0.99699175,-0.]]]
[[[1145.7655029296875,0,984.3427734375],[0,1145.7655029296875,575.9391479492188],[0,0,1]],[[0.98150498,0.1908295,-0.01523529,-0.04],[-0.18834014,0.97682214,0.10171749,-0.02],[0.03429287,-0.0969668,0.99469668,0.]]]
[[[1145.7655029296875,0,984.3427734375],[0,1145.7655029296875,575.9391479492188],[0,0,1]],[[0.9295612,0.36396688,-0.05868611,-0.02],[-0.35194939,0.92348498,0.15266675,0.02],[0.10976138,-0.12125856,0.98653376,-0.03]]]
[[[1145.7655029296875,0,984.3427734375],[0,1145.7655029296875,575.9391479492188],[0,0,1]],[[0.85584331,0.50402832,-0.11613645,-0.03],[-0.48297215,0.85910672,0.16933239,0.02],[0.18512194,-0.08883133,0.97869241,-0.02]]]
[[[1145.7655029296875,0,984.3427734375],[0,1145.7655029296875,575.9391479492188],[0,0,1]],[[0.80696678,0.57606429,-0.13021138,0.],[-0.55145949,0.81387299,0.18303877,0.03],[0.21141763,-0.07589994,0.97444451,-0.03]]]
[[[1145.7655029296875,0,984.3427734375],[0,1145.7655029296875,575.9391479492188],[0,0,1]],[[0.76409984,0.62508386,-0.15944462,0.01],[-0.59850353,0.77914369,0.18635698,0.04],[0.24071899,-0.04696718,0.96945822,-0.04]]]
[[[1145.7655029296875,0,984.3427734375],[0,1145.7655029296875,575.9391479492188],[0,0,1]],[[0.75630009,0.63289696,-0.16568837,0.02],[-0.60600746,0.77314574,0.18708563,0.04],[0.24650708,-0.04108447,0.96827012,-0.05]]]
[[[1145.7655029296875,0,984.3427734375],[0,1145.7655029296875,575.9391479492188],[0,0,1]],[[0.77178645,0.61559302,-0.15934862,0.04],[-0.59506011,0.78753525,0.16028786,0.05],[0.22416466,-0.02888598,0.97412348,-0.05]]]
[[[1145.7655029296875,0,984.3427734375],[0,1145.7655029296875,575.9391479492188],[0,0,1]],[[0.80333304,0.57097113,-0.16925943,0.05],[-0.55664301,0.82093066,0.12736513,0.05],[0.21167208,-0.00809952,0.97730768,-0.06]]]
[[[1145.7655029296875,0,984.3427734375],[0,1145.7655029296875,575.9391479492188],[0,0,1]],[[9.10428640e-01,3.79258280e-01,-1.65177080e-01,8.00000000e-02],[-3.73272840e-01,9.25291000e-01,6.71147200e-02,2.00000000e-02],[1.78290725e-01,5.52957528e-04,9.83978212e-01,-8.00000000e-02]]]
[[[1145.7655029296875,0,984.3427734375],[0,1145.7655029296875,575.9391479492188],[0,0,1]],[[0.97465628,0.15175027,-0.16436818,0.1],[-0.14470267,0.98799479,0.05410484,-0.01],[0.17060535,-0.0289491,0.98491412,-0.07]]]
[[[1145.7655029296875,0,984.3427734375],[0,1145.7655029296875,575.9391479492188],[0,0,1]],[[0.98495668,0.01609901,-0.17205021,0.09],[-0.00583907,0.99818295,0.05997394,-0.],[0.17270307,-0.05806713,0.98326081,-0.07]]]
[[[1145.7655029296875,0,984.3427734375],[0,1145.7655029296875,575.9391479492188],[0,0,1]],[[0.97912306,-0.16457516,-0.11930352,0.08],[0.16938494,0.9850533,0.03129302,0.],[0.11237021,-0.05084793,0.9923647,-0.08]]]
[[[1145.7655029296875,0,984.3427734375],[0,1145.7655029296875,575.9391479492188],[0,0,1]],[[0.95610207,-0.27728707,-0.09476767,0.08],[0.27969697,0.96000195,0.01290263,0.],[0.08739936,-0.03884245,0.99541593,-0.08]]]
[[[1145.7655029296875,0,984.3427734375],[0,1145.7655029296875,575.9391479492188],[0,0,1]],[[0.92891639,-0.3624219,-0.07592681,0.06],[0.36324167,0.9316898,-0.00320842,-0.01],[0.071903,-0.02459942,0.9971084,-0.09]]]
[[[1145.7655029296875,0,984.3427734375],[0,1145.7655029296875,575.9391479492188],[0,0,1]],[[0.90404284,-0.42513049,-0.04439681,0.06],[0.42550641,0.90495509,-0.00107922,-0.01],[0.04063591,-0.01791547,0.99901354,-0.08]]]
[[[1145.7655029296875,0,984.3427734375],[0,1145.7655029296875,575.9391479492188],[0,0,1]],[[0.8850075,-0.46397191,-0.03863192,0.08],[0.46465385,0.8854298,0.01055152,-0.01],[0.02931022,-0.02728863,0.99919802,-0.06]]]
[[[1145.7655029296875,0,984.3427734375],[0,1145.7655029296875,575.9391479492188],[0,0,1]],[[0.83403575,-0.54851645,-0.05928806,0.09],[0.55088955,0.83383375,0.03525174,-0.01],[0.03010021,-0.06206233,0.99761856,-0.05]]]
[[[1145.7655029296875,0,984.3427734375],[0,1145.7655029296875,575.9391479492188],[0,0,1]],[[0.79682088,-0.59703213,-0.0928978,0.08],[0.60251045,0.79666853,0.0479699,-0.01],[0.04536916,-0.09419526,0.99451977,-0.06]]]
[[[1145.7655029296875,0,984.3427734375],[0,1145.7655029296875,575.9391479492188],[0,0,1]],[[0.7712335,-0.62593502,-0.11578112,0.05],[0.63313025,0.7731275,0.0376896,-0.02],[0.0659223,-0.10237195,0.99255979,-0.07]]]
[[[1145.7655029296875,0,984.3427734375],[0,1145.7655029296875,575.9391479492188],[0,0,1]],[[0.79054445,-0.60337055,-0.10480599,0.03],[0.60923636,0.79223859,0.0344919,-0.04],[0.06221994,-0.09111896,0.9938947,-0.09]]]
[[[1145.7655029296875,0,984.3427734375],[0,1145.7655029296875,575.9391479492188],[0,0,1]],[[0.82129157,-0.56474751,-0.08088059,0.02],[0.56880534,0.82151771,0.03962419,-0.04],[0.04406716,-0.07854827,0.99593627,-0.09]]]
[[[1145.7655029296875,0,984.3427734375],[0,1145.7655029296875,575.9391479492188],[0,0,1]],[[0.86251599,-0.50370103,-0.04850847,0.02],[0.50543749,0.8621788,0.03437407,-0.02],[0.02450871,-0.05416616,0.99823153,-0.1]]]
[[[1145.7655029296875,0,984.3427734375],[0,1145.7655029296875,575.9391479492188],[0,0,1]],[[0.8869099,-0.46005744,-0.04170999,0.02],[0.46041313,0.88770455,-0.00120928,-0.01],[0.03758247,-0.01813131,0.99912947,-0.11]]]
[[[1145.7655029296875,0,984.3427734375],[0,1145.7655029296875,575.9391479492188],[0,0,1]],[[0.90647519,-0.42039749,-0.0396254,0.01],[0.41983041,0.90733421,-0.02209325,-0.01],[0.0452414,0.00339101,0.99897063,-0.12]]]
[[[1145.7655029296875,0,984.3427734375],[0,1145.7655029296875,575.9391479492188],[0,0,1]],[[0.93186992,-0.36085945,-0.03742542,0.01],[0.35919559,0.93219703,-0.04459179,-0.],[0.05097921,0.02811065,0.99830431,-0.12]]]
[[[1145.7655029296875,0,984.3427734375],[0,1145.7655029296875,575.9391479492188],[0,0,1]],[[0.96478349,-0.25929308,-0.04429438,0.01],[0.25551423,0.96377957,-0.07643896,0.01],[0.06251007,0.0624291,0.99609023,-0.12]]]
[[[1145.7655029296875,0,984.3427734375],[0,1145.7655029296875,575.9391479492188],[0,0,1]],[[0.97942024,-0.19463386,-0.05344188,0.01],[0.18914507,0.97748405,-0.09354664,0.01],[0.07044586,0.08151308,0.99418008,-0.12]]]
[[[1145.7655029296875,0,984.3427734375],[0,1145.7655029296875,575.9391479492188],[0,0,1]],[[0.98508018,-0.16121365,-0.06024698,0.01],[0.15476125,0.98290962,-0.09969866,0.01],[0.07529002,0.08888712,0.99319249,-0.12]]]
[[[1145.7655029296875,0,984.3427734375],[0,1145.7655029296875,575.9391479492188],[0,0,1]],[[0.98907042,-0.12468137,-0.07871802,0.02],[0.11611974,0.98763752,-0.1053092,0.01],[0.09087487,0.09501736,0.9913193,-0.12]]]
[[[1145.7655029296875,0,984.3427734375],[0,1145.7655029296875,575.9391479492188],[0,0,1]],[[0.98808652,-0.09845454,-0.1182957,0.02],[0.08627191,0.99082506,-0.10403956,0.01],[0.12745337,0.09259436,0.98751318,-0.12]]]
[[[1145.7655029296875,0,984.3427734375],[0,1145.7655029296875,575.9391479492188],[0,0,1]],[[0.98806173,-0.0755575,-0.13426627,0.01],[0.06086194,0.99202526,-0.11037679,0.01],[0.14153515,0.10088722,0.98477924,-0.12]]]
[[[1145.7655029296875,0,984.3427734375],[0,1145.7655029296875,575.9391479492188],[0,0,1]],[[0.98609453,-0.03870377,-0.16162372,0.01],[0.02024313,0.99323565,-0.1143433,0.],[0.16495569,0.10948133,0.98020613,-0.13]]]
[[[1145.7655029296875,0,984.3427734375],[0,1145.7655029296875,575.9391479492188],[0,0,1]],[[0.98509187,-0.05410098,-0.16330062,0.06],[0.04168102,0.99603856,-0.07854855,0.03],[0.16690327,0.07057101,0.98344445,-0.03]]]
[[[1145.7655029296875,0,984.3427734375],[0,1145.7655029296875,575.9391479492188],[0,0,1]],[[0.97957253,-0.00406699,-0.20105003,0.03],[-0.00805527,0.99819952,-0.05943985,0.03],[0.20092975,0.05984515,0.97777593,-0.04]]]
[[[1145.7655029296875,0,984.3427734375],[0,1145.7655029296875,575.9391479492188],[0,0,1]],[[0.97803068,0.03852509,-0.20487127,0.01],[-0.04938643,0.99761796,-0.04816747,0.03],[0.20252752,0.0572271,0.97760326,-0.05]]]
[[[1145.7655029296875,0,984.3427734375],[0,1145.7655029296875,575.9391479492188],[0,0,1]],[[0.97256666,0.10068499,-0.20970729,0.01],[-0.11051068,0.99323565,-0.03564528,0.04],[0.20469974,0.0578423,0.9771145,-0.05]]]
[[[1145.7655029296875,0,984.3427734375],[0,1145.7655029296875,575.9391479492188],[0,0,1]],[[0.96739089,0.14158379,-0.21002164,0.01],[-0.15132838,0.98799765,-0.03099331,0.04],[0.20311271,0.06176488,0.97720563,-0.05]]]
[[[1145.7655029296875,0,984.3427734375],[0,1145.7655029296875,575.9391479492188],[0,0,1]],[[0.95373273,0.20839904,-0.21671183,0.01],[-0.2199772,0.97502899,-0.03047524,0.04],[0.20494926,0.0767369,0.9757601,-0.05]]]
[[[1145.7655029296875,0,984.3427734375],[0,1145.7655029296875,575.9391479492188],[0,0,1]],[[0.9351427,0.27794081,-0.21967547,0.02],[-0.28977844,0.9568184,-0.02296727,0.03],[0.20380591,0.08513488,0.97530288,-0.05]]]
[[[1145.7655029296875,0,984.3427734375],[0,1145.7655029296875,575.9391479492188],[0,0,1]],[[0.91797239,0.31716526,-0.23818834,0.03],[-0.3286041,0.9444266,-0.00885942,0.03],[0.22214137,0.08640236,0.97117895,-0.06]]]
[[[1145.7655029296875,0,984.3427734375],[0,1145.7655029296875,575.9391479492188],[0,0,1]],[[9.05104700e-01,3.41985670e-01,-2.52649690e-01,2.00000000e-02],[-3.53510499e-01,9.35430944e-01,-2.37733155e-04,3.00000000e-02],[2.36254900e-01,8.95294600e-02,9.67558150e-01,-6.00000000e-02]]]
[[[1145.7655029296875,0,984.3427734375],[0,1145.7655029296875,575.9391479492188],[0,0,1]],[[0.8812601,0.3946346,-0.26008627,0.02],[-0.40604568,0.9137907,0.01069494,0.04],[0.2418849,0.09618186,0.96552664,-0.05]]]
[[[1145.7655029296875,0,984.3427734375],[0,1145.7655029296875,575.9391479492188],[0,0,1]],[[0.87094069,0.41670641,-0.26041996,0.02],[-0.43133733,0.90219051,0.00107281,0.05],[0.23539539,0.1113945,0.96549523,-0.05]]]
[[[1145.7655029296875,0,984.3427734375],[0,1145.7655029296875,575.9391479492188],[0,0,1]],[[0.86676288,0.42520541,-0.26062006,0.02],[-0.44005418,0.8979702,0.00153198,0.04],[0.2346804,0.11335909,0.96544063,-0.05]]]
[[[1145.7655029296875,0,984.3427734375],[0,1145.7655029296875,575.9391479492188],[0,0,1]],[[0.85774201,0.44814864,-0.25187686,0.03],[-0.4583973,0.88852561,0.01987106,0.05],[0.23270418,0.09841542,0.96755564,-0.04]]]
[[[1145.7655029296875,0,984.3427734375],[0,1145.7655029296875,575.9391479492188],[0,0,1]],[[0.85021764,0.45927101,-0.25729454,0.05],[-0.47222981,0.88138282,0.01280884,0.04],[0.23265767,0.11061184,0.96624851,-0.05]]]
[[[1145.7655029296875,0,984.3427734375],[0,1145.7655029296875,575.9391479492188],[0,0,1]],[[0.82910246,0.48701942,-0.27459335,0.04],[-0.50153476,0.864914,0.01968852,0.04],[0.24708821,0.12139425,0.96135926,-0.04]]]
[[[1145.7655029296875,0,984.3427734375],[0,1145.7655029296875,575.9391479492188],[0,0,1]],[[0.81375605,0.50758547,-0.28312206,0.04],[-0.52424389,0.85134506,0.01951048,0.04],[0.25093773,0.13254823,0.95888567,-0.04]]]
[[[1145.7655029296875,0,984.3427734375],[0,1145.7655029296875,575.9391479492188],[0,0,1]],[[0.80609488,0.51727575,-0.287467,0.05],[-0.5330385,0.84566081,0.02699533,0.05],[0.25706354,0.13147014,0.95741028,-0.04]]]
[[[1145.7655029296875,0,984.3427734375],[0,1145.7655029296875,575.9391479492188],[0,0,1]],[[0.80436194,0.51275927,-0.3001329,0.05],[-0.52689475,0.8490591,0.03847913,0.05],[0.27456108,0.12718728,0.95312095,-0.04]]]
[[[1145.7655029296875,0,984.3427734375],[0,1145.7655029296875,575.9391479492188],[0,0,1]],[[0.81217378,0.49491853,-0.30891657,0.06],[-0.50994611,0.85944331,0.0362219,0.05],[0.28342316,0.12811233,0.95039916,-0.04]]]
[[[1145.7655029296875,0,984.3427734375],[0,1145.7655029296875,575.9391479492188],[0,0,1]],[[0.82615364,0.45990583,-0.32551005,0.08],[-0.47777122,0.87803894,0.02796488,0.05],[0.29867166,0.13241607,0.94512492,-0.05]]]
[[[1145.7655029296875,0,984.3427734375],[0,1145.7655029296875,575.9391479492188],[0,0,1]],[[0.84229529,0.41229424,-0.34720623,0.08],[-0.43246782,0.90139902,0.02124386,0.06],[0.32172996,0.13226189,0.93754816,-0.05]]]
[[[1145.7655029296875,0,984.3427734375],[0,1145.7655029296875,575.9391479492188],[0,0,1]],[[0.86202204,0.34785765,-0.36866403,0.08],[-0.37075055,0.92868513,0.0093719,0.06],[0.34563273,0.12860355,0.92951554,-0.05]]]
[[[1145.7655029296875,0,984.3427734375],[0,1145.7655029296875,575.9391479492188],[0,0,1]],[[0.87870485,0.29616219,-0.3743872,0.08],[-0.31739667,0.94827855,0.00519829,0.06],[0.35656279,0.11426152,0.9272579,-0.05]]]
[[[1145.7655029296875,0,984.3427734375],[0,1145.7655029296875,575.9391479492188],[0,0,1]],[[0.90442371,0.20590319,-0.37365988,0.1],[-0.22515142,0.97429013,-0.0080901,0.06],[0.3623873,0.09144697,0.92753059,-0.05]]]
[[[1145.7655029296875,0,984.3427734375],[0,1145.7655029296875,575.9391479492188],[0,0,1]],[[0.9230417,0.11543605,-0.36697283,0.1],[-0.1327635,0.99089825,-0.02223855,0.05],[0.36106557,0.06924777,0.92996609,-0.05]]]
[[[1145.7655029296875,0,984.3427734375],[0,1145.7655029296875,575.9391479492188],[0,0,1]],[[0.93357259,0.02395917,-0.35758731,0.11],[-0.03140973,0.99939352,-0.0150416,0.04],[0.35700995,0.02527418,0.93375903,-0.05]]]
[[[1145.7655029296875,0,984.3427734375],[0,1145.7655029296875,575.9391479492188],[0,0,1]],[[0.9329353,-0.05276996,-0.35615665,0.11],[0.05591811,0.99843442,-0.00145841,0.04],[0.355676,-0.01855497,0.93442565,-0.04]]]
[[[1145.7655029296875,0,984.3427734375],[0,1145.7655029296875,575.9391479492188],[0,0,1]],[[9.31695700e-01,-9.65320400e-02,-3.50179340e-01,1.00000000e-01],[1.03151418e-01,9.94665742e-01,2.52850703e-04,6.00000000e-02],[3.48286840e-01,-3.63570200e-02,9.36683180e-01,-5.00000000e-02]]]
[[[1145.7655029296875,0,984.3427734375],[0,1145.7655029296875,575.9391479492188],[0,0,1]],[[0.92747825,-0.1575861,-0.33904487,0.12],[0.16265871,0.98658884,-0.01359804,0.06],[0.3366406,-0.04253666,0.94067252,-0.05]]]
[[[1145.7655029296875,0,984.3427734375],[0,1145.7655029296875,575.9391479492188],[0,0,1]],[[0.90846288,-0.26154834,-0.32601929,0.12],[0.26296407,0.96395242,-0.04057159,0.06],[0.32487828,-0.0488735,0.9444927,-0.04]]]
