[[[1146.248291015625,0,984.2332153320312],[0,1146.248291015625,575.9268798828125],[0,0,1]],[[0.97025096,-0.19881654,-0.1381488,0.04],[0.19052893,0.97911352,-0.07096041,0.01],[0.14937145,0.04252807,0.98786616,-0.04]]]
[[[1146.248291015625,0,984.2332153320312],[0,1146.248291015625,575.9268798828125],[0,0,1]],[[0.96665192,-0.1865198,-0.17548306,0.06],[0.17352571,0.98099452,-0.08682287,0.01],[0.18834214,0.05347668,0.98064637,-0.04]]]
[[[1146.248291015625,0,984.2332153320312],[0,1146.248291015625,575.9268798828125],[0,0,1]],[[0.96130657,-0.19005749,-0.19941843,0.07],[0.17592768,0.98059547,-0.08649681,0.02],[0.21198826,0.04806674,0.97608942,-0.03]]]
[[[1146.248291015625,0,984.2332153320312],[0,1146.248291015625,575.9268798828125],[0,0,1]],[[0.96249509,-0.18116303,-0.20194855,0.07],[0.16840471,0.98256248,-0.07880837,0.02],[0.21270429,0.04184362,0.97622037,-0.03]]]
[[[1146.248291015625,0,984.2332153320312],[0,1146.248291015625,575.9268798828125],[0,0,1]],[[0.9675644,-0.16794862,-0.18871301,0.08],[0.15619622,0.9848271,-0.07561944,0.03],[0.19854985,0.04369047,0.97911674,-0.03]]]
[[[1146.248291015625,0,984.2332153320312],[0,1146.248291015625,575.9268798828125],[0,0,1]],[[0.96925187,-0.16521519,-0.18236037,0.08],[0.15668364,0.98580384,-0.06034077,0.02],[0.18974073,0.02991256,0.98137867,-0.03]]]
[[[1146.248291015625,0,984.2332153320312],[0,1146.248291015625,575.9268798828125],[0,0,1]],[[0.97243333,-0.16797034,-0.16174011,0.08],[0.16750953,0.98573101,-0.01657972,0.],[0.16221714,-0.01097031,0.98669434,-0.01]]]
[[[1146.248291015625,0,984.2332153320312],[0,1146.248291015625,575.9268798828125],[0,0,1]],[[0.97501528,-0.16664469,-0.14688522,0.08],[0.1740327,0.98397213,0.0388803,0.],[0.13805175,-0.06347169,0.98838937,-0.01]]]
[[[1146.248291015625,0,984.2332153320312],[0,1146.248291015625,575.9268798828125],[0,0,1]],[[0.97629386,-0.17397352,-0.12877914,0.08],[0.18632655,0.97826576,0.09098747,-0.],[0.11015081,-0.11282545,0.98749059,-0.02]]]
[[[1146.248291015625,0,984.2332153320312],[0,1146.248291015625,575.9268798828125],[0,0,1]],[[0.97639978,-0.18371987,-0.11354035,0.08],[0.19628288,0.97417098,0.11164429,-0.],[0.09009641,-0.13129547,0.98724103,-0.02]]]
[[[1146.248291015625,0,984.2332153320312],[0,1146.248291015625,575.9268798828125],[0,0,1]],[[0.97639698,-0.19121785,-0.10042869,0.08],[0.2027597,0.97170597,0.12114649,-0.],[0.07442177,-0.13864991,0.98754156,-0.02]]]
[[[1146.248291015625,0,984.2332153320312],[0,1146.248291015625,575.9268798828125],[0,0,1]],[[0.97685039,-0.19001538,-0.09828007,0.09],[0.20174561,0.97106797,0.12777391,-0.],[0.0711576,-0.14464349,0.98692226,-0.02]]]
[[[1146.248291015625,0,984.2332153320312],[0,1146.248291015625,575.9268798828125],[0,0,1]],[[0.97532988,-0.19284213,-0.10744654,0.09],[0.20564942,0.97065532,0.12464786,-0.],[0.0802562,-0.14366896,0.98636639,-0.02]]]
[[[1146.248291015625,0,984.2332153320312],[0,1146.248291015625,575.9268798828125],[0,0,1]],[[0.97199631,-0.19288489,-0.13423812,0.1],[0.20905599,0.97062933,0.11905824,-0.01],[0.10733092,-0.14378731,0.9837712,-0.02]]]
[[[1146.248291015625,0,984.2332153320312],[0,1146.248291015625,575.9268798828125],[0,0,1]],[[0.96893615,-0.19227026,-0.15555191,0.11],[0.21114716,0.97060382,0.11552463,-0.01],[0.1287673,-0.14478019,0.98104954,-0.03]]]
[[[1146.248291015625,0,984.2332153320312],[0,1146.248291015625,575.9268798828125],[0,0,1]],[[0.96583301,-0.18971035,-0.17657301,0.12],[0.2110527,0.97114873,0.11103014,-0.01],[0.15041503,-0.14450264,0.97800553,-0.03]]]
[[[1146.248291015625,0,984.2332153320312],[0,1146.248291015625,575.9268798828125],[0,0,1]],[[0.95928741,-0.19628701,-0.20307823,0.13],[0.22015207,0.97008747,0.10229446,-0.01],[0.17692454,-0.1428377,0.97380465,-0.03]]]
[[[1146.248291015625,0,984.2332153320312],[0,1146.248291015625,575.9268798828125],[0,0,1]],[[0.95412254,-0.19902675,-0.22369713,0.14],[0.22463208,0.96977407,0.09528886,-0.],[0.19797054,-0.14116661,0.9699899,-0.03]]]
[[[1146.248291015625,0,984.2332153320312],[0,1146.248291015625,575.9268798828125],[0,0,1]],[[0.9486956,-0.19975294,-0.24510732,0.15],[0.22762826,0.96949261,0.09094468,-0.],[0.21946314,-0.14207195,0.96522146,-0.03]]]
[[[1146.248291015625,0,984.2332153320312],[0,1146.248291015625,575.9268798828125],[0,0,1]],[[0.94186383,-0.20267794,-0.26798567,0.15],[0.23265494,0.96884269,0.08495421,-0.01],[0.24241748,-0.14236329,0.9596706,-0.03]]]
[[[1146.248291015625,0,984.2332153320312],[0,1146.248291015625,575.9268798828125],[0,0,1]],[[0.9320516,-0.20152313,-0.3011156,0.16],[0.23538987,0.96857172,0.0803884,-0.],[0.27545175,-0.14580551,0.95019388,-0.02]]]
[[[1146.248291015625,0,984.2332153320312],[0,1146.248291015625,575.9268798828125],[0,0,1]],[[0.92399186,-0.20110044,-0.32526898,0.16],[0.23685922,0.9687286,0.07392193,-0.01],[0.30023146,-0.14534603,0.94272846,-0.02]]]
[[[1146.248291015625,0,984.2332153320312],[0,1146.248291015625,575.9268798828125],[0,0,1]],[[0.91391778,-0.1972584,-0.35474724,0.17],[0.23699138,0.9688549,0.07181489,-0.01],[0.32953224,-0.14970475,0.93220073,-0.02]]]
[[[1146.248291015625,0,984.2332153320312],[0,1146.248291015625,575.9268798828125],[0,0,1]],[[0.90566605,-0.19610865,-0.37591529,0.18],[0.23812123,0.96883446,0.06826469,-0.01],[0.35081208,-0.15133826,0.92413658,-0.02]]]
[[[1146.248291015625,0,984.2332153320312],[0,1146.248291015625,575.9268798828125],[0,0,1]],[[0.89477199,-0.1941092,-0.40212762,0.18],[0.23813011,0.96925348,0.06199862,-0.01],[0.3777287,-0.1512332,0.91348261,-0.02]]]
[[[1146.248291015625,0,984.2332153320312],[0,1146.248291015625,575.9268798828125],[0,0,1]],[[0.88780254,-0.19055946,-0.41892233,0.19],[0.23591159,0.96999967,0.05872336,-0.01],[0.39516371,-0.15096325,0.90612179,-0.02]]]
[[[1146.248291015625,0,984.2332153320312],[0,1146.248291015625,575.9268798828125],[0,0,1]],[[0.88096201,-0.18748195,-0.4344635,0.19],[0.23418467,0.97057736,0.05602838,-0.01],[0.41117546,-0.15110341,0.89894557,-0.02]]]
[[[1146.248291015625,0,984.2332153320312],[0,1146.248291015625,575.9268798828125],[0,0,1]],[[0.87307364,-0.18708488,-0.45027128,0.2],[0.2342016,0.97086489,0.05072787,-0.01],[0.42766145,-0.14974324,0.89145029,-0.02]]]
[[[1146.248291015625,0,984.2332153320312],[0,1146.248291015625,575.9268798828125],[0,0,1]],[[0.85998279,-0.18842518,-0.47426587,0.21],[0.23661402,0.97063428,0.04341927,-0.01],[0.45215666,-0.14955758,0.87931103,-0.02]]]
[[[1146.248291015625,0,984.2332153320312],[0,1146.248291015625,575.9268798828125],[0,0,1]],[[0.84889591,-0.18865055,-0.49375004,0.21],[0.23744568,0.97068328,0.03736092,-0.01],[0.47222605,-0.14895417,0.86880159,-0.02]]]
[[[1146.248291015625,0,984.2332153320312],[0,1146.248291015625,575.9268798828125],[0,0,1]],[[0.83273041,-0.1866806,-0.52126074,0.22],[0.2366727,0.97111797,0.03030328,-0.01],[0.50054795,-0.14860247,0.85285997,-0.02]]]
[[[1146.248291015625,0,984.2332153320312],[0,1146.248291015625,575.9268798828125],[0,0,1]],[[0.82147151,-0.18623939,-0.53898245,0.22],[0.23390824,0.97204125,0.02062554,-0.01],[0.52007097,-0.14301553,0.84206522,-0.03]]]
[[[1146.248291015625,0,984.2332153320312],[0,1146.248291015625,575.9268798828125],[0,0,1]],[[0.81973487,-0.18217462,-0.54300052,0.21],[0.22900772,0.97323638,0.01920241,-0.01],[0.5249688,-0.14009205,0.83951366,-0.03]]]
[[[1146.248291015625,0,984.2332153320312],[0,1146.248291015625,575.9268798828125],[0,0,1]],[[0.8250739,-0.17709246,-0.53655738,0.21],[0.22370172,0.97440189,0.02238623,-0.01],[0.51885718,-0.13849892,0.84356773,-0.03]]]
[[[1146.248291015625,0,984.2332153320312],[0,1146.248291015625,575.9268798828125],[0,0,1]],[[0.83466566,-0.1731046,-0.52284843,0.2],[0.21927214,0.97528744,0.02714445,-0.01],[0.5052278,-0.13730246,0.85199434,-0.03]]]
[[[1146.248291015625,0,984.2332153320312],[0,1146.248291015625,575.9268798828125],[0,0,1]],[[0.84697849,-0.16773817,-0.50447387,0.19],[0.21326521,0.97642469,0.0333964,-0.01],[0.48697808,-0.13587259,0.8627817,-0.03]]]
[[[1146.248291015625,0,984.2332153320312],[0,1146.248291015625,575.9268798828125],[0,0,1]],[[0.85853243,-0.16542839,-0.4853431,0.18],[0.21083067,0.97670376,0.0400351,-0.01],[0.46741268,-0.13669649,0.87340754,-0.04]]]
[[[1146.248291015625,0,984.2332153320312],[0,1146.248291015625,575.9268798828125],[0,0,1]],[[0.87599641,-0.16383098,-0.4536429,0.17],[0.20772485,0.97699618,0.04828532,-0.01],[0.43529603,-0.13653044,0.88987511,-0.03]]]
[[[1146.248291015625,0,984.2332153320312],[0,1146.248291015625,575.9268798828125],[0,0,1]],[[0.8874163,-0.16567969,-0.43016851,0.16],[0.20896038,0.97637624,0.05502379,-0.01],[0.4108893,-0.13871694,0.90107077,-0.03]]]
[[[1146.248291015625,0,984.2332153320312],[0,1146.248291015625,575.9268798828125],[0,0,1]],[[0.90325946,-0.16250603,-0.39713582,0.14],[0.20514002,0.97643638,0.06702544,-0.],[0.37688521,-0.14200956,0.91530985,-0.03]]]
[[[1146.248291015625,0,984.2332153320312],[0,1146.248291015625,575.9268798828125],[0,0,1]],[[0.91438437,-0.16400571,-0.37014362,0.13],[0.20519392,0.97588319,0.07450085,-0.],[0.34899777,-0.14407337,0.92598301,-0.03]]]
[[[1146.248291015625,0,984.2332153320312],[0,1146.248291015625,575.9268798828125],[0,0,1]],[[0.92292142,-0.16591851,-0.3474046,0.12],[0.20592184,0.97518575,0.0813134,0.],[0.32529202,-0.14658383,0.93418366,-0.03]]]
[[[1146.248291015625,0,984.2332153320312],[0,1146.248291015625,575.9268798828125],[0,0,1]],[[0.93347514,-0.1660825,-0.31787437,0.11],[0.20436612,0.97466624,0.09090393,0.],[0.2947233,-0.14981903,0.94376564,-0.03]]]
[[[1146.248291015625,0,984.2332153320312],[0,1146.248291015625,575.9268798828125],[0,0,1]],[[0.94048977,-0.16765076,-0.29559407,0.1],[0.2049835,0.97364783,0.09997622,0.],[0.27104285,-0.15461817,0.95006853,-0.03]]]
[[[1146.248291015625,0,984.2332153320312],[0,1146.248291015625,575.9268798828125],[0,0,1]],[[0.94721389,-0.16885316,-0.27253997,0.09],[0.20417726,0.97309989,0.10673255,0.01],[0.24718601,-0.15674466,0.9562068,-0.03]]]
[[[1146.248291015625,0,984.2332153320312],[0,1146.248291015625,575.9268798828125],[0,0,1]],[[0.95398873,-0.16636388,-0.24946371,0.08],[0.19977358,0.97306699,0.11504231,0.01],[0.22360559,-0.15958495,0.96152711,-0.02]]]
[[[1146.248291015625,0,984.2332153320312],[0,1146.248291015625,575.9268798828125],[0,0,1]],[[0.96000189,-0.16618195,-0.22535214,0.07],[0.19667728,0.97306484,0.12027882,0.01],[0.19929369,-0.15978914,0.96682519,-0.02]]]
[[[1146.248291015625,0,984.2332153320312],[0,1146.248291015625,575.9268798828125],[0,0,1]],[[0.96604192,-0.1656809,-0.19828507,0.06],[0.19341229,0.97250849,0.12970544,0.02],[0.17134391,-0.16365124,0.97152525,-0.02]]]
[[[1146.248291015625,0,984.2332153320312],[0,1146.248291015625,575.9268798828125],[0,0,1]],[[0.97104752,-0.16738549,-0.17044987,0.05],[0.1910212,0.97250587,0.13322183,0.02],[0.14346384,-0.16192381,0.97632003,-0.02]]]
[[[1146.248291015625,0,984.2332153320312],[0,1146.248291015625,575.9268798828125],[0,0,1]],[[0.97406167,-0.1672056,-0.15248118,0.04],[0.18815757,0.97278482,0.1352452,0.02],[0.12571742,-0.1604272,0.97900981,-0.01]]]
[[[1146.248291015625,0,984.2332153320312],[0,1146.248291015625,575.9268798828125],[0,0,1]],[[0.9747411,-0.16851227,-0.14658681,0.04],[0.18876311,0.97236681,0.1373913,0.02],[0.11938384,-0.16159067,0.97961122,-0.01]]]
[[[1146.248291015625,0,984.2332153320312],[0,1146.248291015625,575.9268798828125],[0,0,1]],[[0.97450012,-0.16832846,-0.14838964,0.04],[0.18872531,0.97254634,0.13616788,0.02],[0.12139467,-0.16070005,0.97951072,-0.01]]]
[[[1146.248291015625,0,984.2332153320312],[0,1146.248291015625,575.9268798828125],[0,0,1]],[[0.97266281,-0.16467428,-0.16374992,0.05],[0.1867578,0.97375977,0.1300732,0.02],[0.13803315,-0.1570985,0.97789043,-0.01]]]
[[[1146.248291015625,0,984.2332153320312],[0,1146.248291015625,575.9268798828125],[0,0,1]],[[0.96838957,-0.16470644,-0.1873447,0.06],[0.18996164,0.97369063,0.12588575,0.02],[0.16168123,-0.15749432,0.97419584,-0.01]]]
[[[1146.248291015625,0,984.2332153320312],[0,1146.248291015625,575.9268798828125],[0,0,1]],[[0.96247971,-0.16554153,-0.21501967,0.07],[0.19392538,0.97386158,0.11829137,0.02],[0.18981682,-0.15555039,0.96942067,-0.01]]]
[[[1146.248291015625,0,984.2332153320312],[0,1146.248291015625,575.9268798828125],[0,0,1]],[[0.95452166,-0.16475971,-0.2484898,0.08],[0.19638421,0.97454154,0.10820603,0.02],[0.22433501,-0.15208408,0.96257317,-0.01]]]
[[[1146.248291015625,0,984.2332153320312],[0,1146.248291015625,575.9268798828125],[0,0,1]],[[0.94225615,-0.16403545,-0.29197678,0.08],[0.20024711,0.97477555,0.09859215,0.02],[0.26843837,-0.15136617,0.95133185,-0.]]]
[[[1146.248291015625,0,984.2332153320312],[0,1146.248291015625,575.9268798828125],[0,0,1]],[[0.9331221,-0.1634718,-0.32025781,0.09],[0.20140775,0.97546685,0.08891905,0.02],[0.29786411,-0.14747436,0.94314981,-0.]]]
[[[1146.248291015625,0,984.2332153320312],[0,1146.248291015625,575.9268798828125],[0,0,1]],[[0.9214139,-0.1610484,-0.35364541,0.1],[0.20173544,0.97607917,0.08111565,0.02],[0.33212116,-0.14608352,0.93185771,-0.]]]
[[[1146.248291015625,0,984.2332153320312],[0,1146.248291015625,575.9268798828125],[0,0,1]],[[0.91243052,-0.16049351,-0.3764537,0.1],[0.20161511,0.97680205,0.07222607,0.02],[0.35612759,-0.14179967,0.92361784,-0.]]]
[[[1146.248291015625,0,984.2332153320312],[0,1146.248291015625,575.9268798828125],[0,0,1]],[[0.90426642,-0.15777226,-0.39675593,0.1],[0.19839641,0.97808385,0.0632356,0.02],[0.37808233,-0.13589644,0.91574556,-0.]]]
[[[1146.248291015625,0,984.2332153320312],[0,1146.248291015625,575.9268798828125],[0,0,1]],[[0.89839262,-0.1570614,-0.4101558,0.1],[0.20035097,0.97760355,0.06448869,0.02],[0.3908397,-0.14011092,0.9097349,0.]]]
[[[1146.248291015625,0,984.2332153320312],[0,1146.248291015625,575.9268798828125],[0,0,1]],[[0.89636075,-0.15770748,-0.41433227,0.1],[0.20069343,0.97769183,0.06203904,0.02],[0.39530382,-0.13876274,0.90801108,0.]]]
[[[1146.248291015625,0,984.2332153320312],[0,1146.248291015625,575.9268798828125],[0,0,1]],[[0.89653802,-0.15909821,-0.41341597,0.1],[0.20169196,0.9775393,0.06119771,0.02],[0.39439255,-0.1382484,0.90848571,0.]]]
[[[1146.248291015625,0,984.2332153320312],[0,1146.248291015625,575.9268798828125],[0,0,1]],[[0.89823586,-0.1572049,-0.41044444,0.1],[0.20019934,0.97768891,0.06366049,0.02],[0.39127791,-0.1393525,0.90966326,-0.]]]
[[[1146.248291015625,0,984.2332153320312],[0,1146.248291015625,575.9268798828125],[0,0,1]],[[0.90069807,-0.15734017,-0.40496039,0.1],[0.20053282,0.97744864,0.06624824,0.02],[0.38540319,-0.14087716,0.91193354,-0.]]]
[[[1146.248291015625,0,984.2332153320312],[0,1146.248291015625,575.9268798828125],[0,0,1]],[[0.92541665,0.04772306,-0.37594262,0.09],[-0.00286505,0.99289566,0.11898877,0.02],[0.37894905,-0.10903676,0.91897428,-0.]]]
[[[1146.248291015625,0,984.2332153320312],[0,1146.248291015625,575.9268798828125],[0,0,1]],[[0.92940915,0.04602223,-0.3661789,0.09],[-0.00174162,0.99273419,0.12034963,0.02],[0.3690559,-0.11121596,0.9227317,-0.]]]
[[[1146.248291015625,0,984.2332153320312],[0,1146.248291015625,575.9268798828125],[0,0,1]],[[0.93352014,0.04721717,-0.35541111,0.09],[-0.00251012,0.99213076,0.12521456,0.02],[0.3585254,-0.11599782,0.92628783,-0.]]]
[[[1146.248291015625,0,984.2332153320312],[0,1146.248291015625,575.9268798828125],[0,0,1]],[[0.93643802,0.04757675,-0.34760144,0.09],[-0.00274524,0.99172997,0.12834491,0.02],[0.35083193,-0.11923242,0.92881954,-0.]]]
[[[1146.248291015625,0,984.2332153320312],[0,1146.248291015625,575.9268798828125],[0,0,1]],[[0.94031602,0.04992697,-0.33662939,0.08],[-0.00536851,0.99123687,0.13201952,0.02],[0.34026971,-0.12233248,0.93233919,-0.]]]
[[[1146.248291015625,0,984.2332153320312],[0,1146.248291015625,575.9268798828125],[0,0,1]],[[0.94330668,0.05199378,-0.32783449,0.08],[-0.00893099,0.99127781,0.13151743,0.02],[0.33181211,-0.121133,0.93553871,-0.]]]
[[[1146.248291015625,0,984.2332153320312],[0,1146.248291015625,575.9268798828125],[0,0,1]],[[0.94626766,0.05320434,-0.3189877,0.08],[-0.01131518,0.99122101,0.13176176,0.02],[0.32319665,-0.12107208,0.93855768,-0.]]]
[[[1146.248291015625,0,984.2332153320312],[0,1146.248291015625,575.9268798828125],[0,0,1]],[[0.94904447,0.05445942,-0.31041121,0.08],[-0.01361433,0.9911254,0.13226268,0.02],[0.31485844,-0.12129672,0.9413588,-0.]]]
[[[1146.248291015625,0,984.2332153320312],[0,1146.248291015625,575.9268798828125],[0,0,1]],[[0.95173919,0.05443853,-0.30205157,0.07],[-0.01515008,0.99128115,0.13092224,0.02],[0.30654433,-0.12002734,0.94426113,-0.]]]
[[[1146.248291015625,0,984.2332153320312],[0,1146.248291015625,575.9268798828125],[0,0,1]],[[0.95429677,0.05380154,-0.29398873,0.07],[-0.01579549,0.99137211,0.13015488,0.02],[0.29845393,-0.11956231,0.94690824,-0.]]]
[[[1146.248291015625,0,984.2332153320312],[0,1146.248291015625,575.9268798828125],[0,0,1]],[[0.95620251,0.05390496,-0.28771064,0.07],[-0.01663233,0.99131888,0.13045551,0.03],[0.29224443,-0.1199562,0.94879341,-0.]]]
[[[1146.248291015625,0,984.2332153320312],[0,1146.248291015625,575.9268798828125],[0,0,1]],[[0.95747644,0.05408148,-0.28340867,0.07],[-0.01737951,0.99130654,0.13045181,0.03],[0.28799912,-0.11997864,0.95008773,-0.]]]
[[[1146.248291015625,0,984.2332153320312],[0,1146.248291015625,575.9268798828125],[0,0,1]],[[0.95795774,0.05264168,-0.28204969,0.07],[-0.01684904,0.99165374,0.12785678,0.03],[0.28642544,-0.11772874,0.95084459,-0.]]]
[[[1146.248291015625,0,984.2332153320312],[0,1146.248291015625,575.9268798828125],[0,0,1]],[[0.95863992,0.05146037,-0.2799423,0.07],[-0.01600821,0.99171567,0.1274844,0.03],[0.28418276,-0.11772989,0.95151716,-0.]]]
[[[1146.248291015625,0,984.2332153320312],[0,1146.248291015625,575.9268798828125],[0,0,1]],[[0.95953381,0.05240498,-0.27668566,0.07],[-0.01710879,0.99156946,0.12847453,0.03],[0.28108498,-0.11854152,0.95233619,-0.]]]
[[[1146.248291015625,0,984.2332153320312],[0,1146.248291015625,575.9268798828125],[0,0,1]],[[0.96049953,0.05288951,-0.27322099,0.07],[-0.01770226,0.99140179,0.12968268,0.03],[0.27772984,-0.11972314,0.95317233,-0.]]]
[[[1146.248291015625,0,984.2332153320312],[0,1146.248291015625,575.9268798828125],[0,0,1]],[[0.96090233,0.05307892,-0.27176404,0.07],[-0.01802036,0.99136609,0.12991098,0.03],[0.27631244,-0.11993408,0.95355773,-0.]]]
[[[1146.248291015625,0,984.2332153320312],[0,1146.248291015625,575.9268798828125],[0,0,1]],[[0.96110129,0.05278245,-0.27111763,0.07],[-0.01774641,0.99134743,0.13009098,0.03],[0.27563757,-0.12021887,0.95371723,-0.]]]
[[[1146.248291015625,0,984.2332153320312],[0,1146.248291015625,575.9268798828125],[0,0,1]],[[0.96068561,0.05278013,-0.27258712,0.07],[-0.01737094,0.99127185,0.13071688,0.03],[0.2771064,-0.12084234,0.95321262,-0.]]]
[[[1146.248291015625,0,984.2332153320312],[0,1146.248291015625,575.9268798828125],[0,0,1]],[[0.95938158,0.0538803,-0.27692994,0.07],[-0.01754054,0.9910903,0.13206398,0.03],[0.28157747,-0.12184186,0.951774,-0.]]]
[[[1146.248291015625,0,984.2332153320312],[0,1146.248291015625,575.9268798828125],[0,0,1]],[[0.95789909,0.05368982,-0.28205177,0.07],[-0.01660927,0.99108154,0.13224986,0.02],[0.28663594,-0.12199694,0.95024294,-0.]]]
[[[1146.248291015625,0,984.2332153320312],[0,1146.248291015625,575.9268798828125],[0,0,1]],[[0.95679396,0.05374875,-0.28576687,0.07],[-0.01600069,0.99101466,0.13282414,0.02],[0.2903375,-0.12251247,0.94905216,-0.]]]
[[[1146.248291015625,0,984.2332153320312],[0,1146.248291015625,575.9268798828125],[0,0,1]],[[0.95576608,0.05381827,-0.28917328,0.08],[-0.0157458,0.99107438,0.13240816,0.02],[0.29371738,-0.12199757,0.94807798,-0.]]]
[[[1146.248291015625,0,984.2332153320312],[0,1146.248291015625,575.9268798828125],[0,0,1]],[[0.95443809,0.0539094,-0.29350993,0.08],[-0.01546938,0.99116695,0.13174668,0.02],[0.29801884,-0.12120324,0.94683665,-0.]]]
[[[1146.248291015625,0,984.2332153320312],[0,1146.248291015625,575.9268798828125],[0,0,1]],[[0.95289344,0.05281023,-0.29868329,0.08],[-0.01395853,0.9913221,0.13074476,0.02],[0.30299512,-0.12041624,0.94535649,-0.]]]
[[[1146.248291015625,0,984.2332153320312],[0,1146.248291015625,575.9268798828125],[0,0,1]],[[0.95146453,0.05195065,-0.30335253,0.08],[-0.01195126,0.99114794,0.13225508,0.02],[0.30753705,-0.12221019,0.94365811,-0.]]]
[[[1146.248291015625,0,984.2332153320312],[0,1146.248291015625,575.9268798828125],[0,0,1]],[[0.94886345,0.05244449,-0.31131035,0.08],[-0.01148146,0.99118936,0.13198535,0.02],[0.31548846,-0.12166138,0.94110072,0.]]]
[[[1146.248291015625,0,984.2332153320312],[0,1146.248291015625,575.9268798828125],[0,0,1]],[[0.94669217,0.05160052,-0.31799003,0.08],[-0.00991861,0.99129331,0.13133019,0.02],[0.32199711,-0.12117484,0.93895668,0.]]]
[[[1146.248291015625,0,984.2332153320312],[0,1146.248291015625,575.9268798828125],[0,0,1]],[[0.94460809,0.05163875,-0.32412231,0.09],[-0.00895134,0.99123532,0.13183594,0.02],[0.32808837,-0.12163159,0.93678647,0.]]]
[[[1146.248291015625,0,984.2332153320312],[0,1146.248291015625,575.9268798828125],[0,0,1]],[[0.94310391,0.05174496,-0.32845664,0.09],[-0.00811519,0.99110866,0.13283865,0.02],[0.33240896,-0.12261477,0.9351337,0.]]]
[[[1146.248291015625,0,984.2332153320312],[0,1146.248291015625,575.9268798828125],[0,0,1]],[[0.9413681,0.05302312,-0.3331981,0.09],[-0.0087178,0.99107063,0.13308394,0.02],[0.33727834,-0.12237582,0.93341976,0.]]]
[[[1146.248291015625,0,984.2332153320312],[0,1146.248291015625,575.9268798828125],[0,0,1]],[[0.93836528,0.05338018,-0.34150758,0.09],[-0.00729291,0.99084502,0.13483849,0.02],[0.34557769,-0.12403677,0.93015915,0.]]]
[[[1146.248291015625,0,984.2332153320312],[0,1146.248291015625,575.9268798828125],[0,0,1]],[[0.93528312,0.05271434,-0.34996155,0.09],[-0.00491346,0.99068773,0.13609581,0.02],[0.3538757,-0.12556817,0.92682779,0.]]]
[[[1146.248291015625,0,984.2332153320312],[0,1146.248291015625,575.9268798828125],[0,0,1]],[[0.93270665,0.05040346,-0.3571052,0.1],[-0.00210123,0.99093223,0.13437745,0.02],[0.36063892,-0.12458397,0.92435026,0.]]]
[[[1146.248291015625,0,984.2332153320312],[0,1146.248291015625,575.9268798828125],[0,0,1]],[[0.92932624,0.05072267,-0.36576816,0.1],[-0.00157425,0.9910605,0.13343576,0.02],[0.36926535,-0.12342913,0.92109358,0.]]]
[[[1146.248291015625,0,984.2332153320312],[0,1146.248291015625,575.9268798828125],[0,0,1]],[[0.92398262,0.04744079,-0.37948897,0.11],[0.00411434,0.99098998,0.13390434,0.01],[0.38242102,-0.12528622,0.91545761,0.]]]
[[[1146.248291015625,0,984.2332153320312],[0,1146.248291015625,575.9268798828125],[0,0,1]],[[0.91889954,0.04805874,-0.39156154,0.11],[0.00517886,0.99100101,0.13378596,0.01],[0.39446607,-0.1249633,0.91037667,0.]]]
[[[1146.248291015625,0,984.2332153320312],[0,1146.248291015625,575.9268798828125],[0,0,1]],[[0.91456515,0.04856513,-0.40151995,0.11],[0.00662356,0.9908368,0.13493253,0.01],[0.40439245,-0.12606367,0.90585864,0.]]]
[[[1146.248291015625,0,984.2332153320312],[0,1146.248291015625,575.9268798828125],[0,0,1]],[[0.9100998,0.05044866,-0.41131449,0.12],[0.00601877,0.99085218,0.13484848,0.01],[0.41435337,-0.12520076,0.90146607,0.]]]
[[[1146.248291015625,0,984.2332153320312],[0,1146.248291015625,575.9268798828125],[0,0,1]],[[0.9043842,0.05185708,-0.4235639,0.12],[0.00613331,0.99091053,0.13441399,0.01],[0.42668271,-0.12415933,0.89584118,0.]]]
[[[1146.248291015625,0,984.2332153320312],[0,1146.248291015625,575.9268798828125],[0,0,1]],[[0.89918667,0.05290221,-0.43436277,0.12],[0.00672526,0.99088073,0.13460487,0.01],[0.43752104,-0.1239557,0.89062643,0.]]]
[[[1146.248291015625,0,984.2332153320312],[0,1146.248291015625,575.9268798828125],[0,0,1]],[[0.89433426,0.05206005,-0.44436738,0.13],[0.00967984,0.99072731,0.13555142,0.01],[0.4473021,-0.12552927,0.8855328,0.]]]
[[[1146.248291015625,0,984.2332153320312],[0,1146.248291015625,575.9268798828125],[0,0,1]],[[0.88959634,0.05079743,-0.45392099,0.13],[0.01225101,0.99078941,0.13488762,0.01],[0.45659038,-0.12555611,0.88077575,0.]]]
[[[1146.248291015625,0,984.2332153320312],[0,1146.248291015625,575.9268798828125],[0,0,1]],[[0.88428783,0.05116162,-0.46413773,0.13],[0.01376591,0.99069524,0.13543163,0.],[0.46674627,-0.1261494,0.87535095,0.]]]
[[[1146.248291015625,0,984.2332153320312],[0,1146.248291015625,575.9268798828125],[0,0,1]],[[0.88006741,0.05211089,-0.4719874,0.13],[0.01531213,0.9903332,0.13789171,0.],[0.47460869,-0.12858072,0.87075752,0.]]]
[[[1146.248291015625,0,984.2332153320312],[0,1146.248291015625,575.9268798828125],[0,0,1]],[[0.87644446,0.05277713,-0.47860855,0.14],[0.01607527,0.9902178,0.13863154,0.],[0.48124152,-0.1291962,0.86701792,0.]]]
[[[1146.248291015625,0,984.2332153320312],[0,1146.248291015625,575.9268798828125],[0,0,1]],[[0.8751536,0.05562925,-0.48064324,0.14],[0.01364764,0.99013948,0.13944817,0.],[0.48365951,-0.12859778,0.86576051,0.]]]
[[[1146.248291015625,0,984.2332153320312],[0,1146.248291015625,575.9268798828125],[0,0,1]],[[0.87218606,0.0547495,-0.48610732,0.14],[0.01620291,0.98994261,0.14056802,0.],[0.48891258,-0.13047737,0.8625226,0.]]]
[[[1146.248291015625,0,984.2332153320312],[0,1146.248291015625,575.9268798828125],[0,0,1]],[[0.87060654,0.05484487,-0.48891985,0.14],[0.01570271,0.9901672,0.13903461,0.],[0.49173594,-0.12872136,0.86118042,0.]]]
[[[1146.248291015625,0,984.2332153320312],[0,1146.248291015625,575.9268798828125],[0,0,1]],[[0.87085539,0.05396821,-0.48857418,0.14],[0.0172403,0.98999345,0.14008576,0.],[0.4912436,-0.13041715,0.86120623,0.]]]
[[[1146.248291015625,0,984.2332153320312],[0,1146.248291015625,575.9268798828125],[0,0,1]],[[0.87084609,0.05253968,-0.48874637,0.14],[0.01803586,0.9901911,0.13858128,0.],[0.4912315,-0.12949748,0.86135191,0.]]]
[[[1146.248291015625,0,984.2332153320312],[0,1146.248291015625,575.9268798828125],[0,0,1]],[[0.87255102,0.05042272,-0.48592034,0.14],[0.01889495,0.9904359,0.13670471,0.],[0.48816416,-0.12846285,0.86324865,0.]]]
[[[1146.248291015625,0,984.2332153320312],[0,1146.248291015625,575.9268798828125],[0,0,1]],[[0.87366802,0.04992839,-0.48396039,0.14],[0.01878089,0.99052221,0.13609329,0.],[0.48616666,-0.12798914,0.86444533,0.]]]
[[[1146.248291015625,0,984.2332153320312],[0,1146.248291015625,575.9268798828125],[0,0,1]],[[0.8742553,0.04947207,-0.48294559,0.14],[0.01949032,0.99041951,0.13673988,0.],[0.48508173,-0.12895793,0.86491078,0.]]]
[[[1146.248291015625,0,984.2332153320312],[0,1146.248291015625,575.9268798828125],[0,0,1]],[[0.87398183,0.0491603,-0.48347214,0.14],[0.01948533,0.99052912,0.1359434,0.],[0.48557451,-0.12823227,0.8647421,0.]]]
[[[1146.248291015625,0,984.2332153320312],[0,1146.248291015625,575.9268798828125],[0,0,1]],[[0.8731609,0.04941443,-0.48492727,0.14],[0.01881297,0.99069464,0.13482776,0.],[0.48707551,-0.12684885,0.86410177,0.]]]
[[[1146.248291015625,0,984.2332153320312],[0,1146.248291015625,575.9268798828125],[0,0,1]],[[0.87154949,0.04791208,-0.48796737,0.14],[0.02134718,0.99056673,0.13538925,0.],[0.48984921,-0.12841474,0.86230069,0.]]]
[[[1146.248291015625,0,984.2332153320312],[0,1146.248291015625,575.9268798828125],[0,0,1]],[[0.87271345,0.03241465,-0.48716199,0.14],[0.03903403,0.98997152,0.13579759,-0.],[0.48667651,-0.13752781,0.86269182,0.01]]]
[[[1146.248291015625,0,984.2332153320312],[0,1146.248291015625,575.9268798828125],[0,0,1]],[[0.86821723,0.01982566,-0.49579448,0.14],[0.06026234,0.9875958,0.14502156,-0.],[0.49251783,-0.15578741,0.8562485,0.01]]]
[[[1146.248291015625,0,984.2332153320312],[0,1146.248291015625,575.9268798828125],[0,0,1]],[[0.85938489,0.02995507,-0.51045722,0.14],[0.05110775,0.98825592,0.14403713,-0.],[0.50877512,-0.14987114,0.8477568,0.01]]]
[[[1146.248291015625,0,984.2332153320312],[0,1146.248291015625,575.9268798828125],[0,0,1]],[[0.85490173,0.02843567,-0.51801622,0.14],[0.05477031,0.98797393,0.14462338,-0.],[0.51589704,-0.15201017,0.84305882,0.01]]]
[[[1146.248291015625,0,984.2332153320312],[0,1146.248291015625,575.9268798828125],[0,0,1]],[[0.84883606,0.02900911,-0.52786571,0.14],[0.05301193,0.98879415,0.13958624,0.],[0.52599782,-0.14646851,0.83778179,0.01]]]
[[[1146.248291015625,0,984.2332153320312],[0,1146.248291015625,575.9268798828125],[0,0,1]],[[0.83769029,0.03083061,-0.54528046,0.15],[0.0496215,0.98998368,0.13220641,0.],[0.54389256,-0.13780519,0.82776546,0.01]]]
[[[1146.248291015625,0,984.2332153320312],[0,1146.248291015625,575.9268798828125],[0,0,1]],[[0.82703042,0.02628184,-0.56154823,0.15],[0.04910923,0.99171424,0.11874175,0.],[0.56001389,-0.12577981,0.81888276,0.02]]]
[[[1146.248291015625,0,984.2332153320312],[0,1146.248291015625,575.9268798828125],[0,0,1]],[[0.81320608,0.02847225,-0.5812844,0.15],[0.0450118,0.99273777,0.11159715,-0.],[0.58023804,-0.11691579,0.8060146,0.02]]]
[[[1146.248291015625,0,984.2332153320312],[0,1146.248291015625,575.9268798828125],[0,0,1]],[[0.80651569,0.0335058,-0.59026784,0.15],[0.04295313,0.99243784,0.11502422,-0.],[0.58965576,-0.11812231,0.79897326,0.02]]]
[[[1146.248291015625,0,984.2332153320312],[0,1146.248291015625,575.9268798828125],[0,0,1]],[[0.80589235,0.03360151,-0.59111327,0.15],[0.04473789,0.99208212,0.11738819,-0.],[0.59037495,-0.12104703,0.79800391,0.02]]]
[[[1146.248291015625,0,984.2332153320312],[0,1146.248291015625,575.9268798828125],[0,0,1]],[[0.80856276,0.0195746,-0.5880897,0.16],[0.05342771,0.99287975,0.10650621,0.01],[0.58598489,-0.11753689,0.80175555,0.02]]]
[[[1146.248291015625,0,984.2332153320312],[0,1146.248291015625,575.9268798828125],[0,0,1]],[[0.80266243,0.00245519,-0.59643394,0.16],[0.06135359,0.99435097,0.0866615,0.01],[0.59327501,-0.10615298,0.79797333,0.02]]]
[[[1146.248291015625,0,984.2332153320312],[0,1146.248291015625,575.9268798828125],[0,0,1]],[[0.79756123,-0.00301289,-0.60323572,0.16],[0.0592585,0.99554646,0.07337615,0.01],[0.60032582,-0.09426859,0.79418355,0.02]]]
[[[1146.248291015625,0,984.2332153320312],[0,1146.248291015625,575.9268798828125],[0,0,1]],[[0.78973174,-0.00814318,-0.61340344,0.15],[0.05928669,0.9962486,0.06310406,-0.],[0.61058605,-0.08620177,0.78724778,0.03]]]
[[[1146.248291015625,0,984.2332153320312],[0,1146.248291015625,575.9268798828125],[0,0,1]],[[0.78749555,-0.00565505,-0.61629951,0.15],[0.05800999,0.99620295,0.06498359,-0.],[0.61358947,-0.08692563,0.78482926,0.03]]]
[[[1146.248291015625,0,984.2332153320312],[0,1146.248291015625,575.9268798828125],[0,0,1]],[[0.78872132,-0.00796795,-0.61470443,0.15],[0.05909686,0.99627197,0.06291322,-0.],[0.61190903,-0.08594792,0.78624767,0.02]]]
[[[1146.248291015625,0,984.2332153320312],[0,1146.248291015625,575.9268798828125],[0,0,1]],[[0.78930765,-0.00810699,-0.61394948,0.15],[0.05550773,0.99676472,0.05820059,0.],[0.61148888,-0.08001694,0.78719991,0.02]]]
[[[1146.248291015625,0,984.2332153320312],[0,1146.248291015625,575.9268798828125],[0,0,1]],[[0.78950906,-0.00746402,-0.6136986,0.15],[0.04496031,0.99794692,0.04570352,0.01],[0.612095,-0.06367534,0.78821963,0.02]]]
[[[1146.248291015625,0,984.2332153320312],[0,1146.248291015625,575.9268798828125],[0,0,1]],[[0.78781331,-0.00749372,-0.61587369,0.15],[0.03838817,0.99858356,0.03695552,0.],[0.61472189,-0.05275629,0.78698087,0.02]]]
[[[1146.248291015625,0,984.2332153320312],[0,1146.248291015625,575.9268798828125],[0,0,1]],[[0.78605217,-0.0029373,-0.61815822,0.15],[0.0300836,0.99898982,0.03350805,0.],[0.61743283,-0.04493551,0.7853424,0.02]]]
[[[1146.248291015625,0,984.2332153320312],[0,1146.248291015625,575.9268798828125],[0,0,1]],[[0.78632599,0.00172298,-0.61781448,0.15],[0.02502507,0.99909079,0.03463756,-0.],[0.61730999,-0.0426973,0.78556377,0.02]]]
[[[1146.248291015625,0,984.2332153320312],[0,1146.248291015625,575.9268798828125],[0,0,1]],[[0.78662014,0.00601099,-0.6174131,0.15],[0.01632724,0.99940461,0.03053234,0.],[0.61722654,-0.03409806,0.78604949,0.02]]]
[[[1146.248291015625,0,984.2332153320312],[0,1146.248291015625,575.9268798828125],[0,0,1]],[[0.78790873,0.01916716,-0.61549872,0.15],[-0.00260804,0.99961454,0.02779077,-0.],[0.61579168,-0.02029148,0.78765088,0.02]]]
[[[1146.248291015625,0,984.2332153320312],[0,1146.248291015625,575.9268798828125],[0,0,1]],[[0.7871893,0.03707615,-0.61560106,0.13],[-0.02540616,0.99929756,0.02769809,-0.01],[0.61619306,-0.00616374,0.78757429,0.02]]]
[[[1146.248291015625,0,984.2332153320312],[0,1146.248291015625,575.9268798828125],[0,0,1]],[[0.7928319,0.04055957,-0.60809439,0.17],[-0.03033365,0.99917674,0.02709612,0.01],[0.60869026,-0.00303712,0.79340529,0.04]]]
[[[1146.248291015625,0,984.2332153320312],[0,1146.248291015625,575.9268798828125],[0,0,1]],[[0.79809088,0.02982765,-0.60180372,0.15],[-0.03015335,0.99950385,0.00955135,0.01],[0.60178763,0.01052331,0.79859,0.03]]]
[[[1146.248291015625,0,984.2332153320312],[0,1146.248291015625,575.9268798828125],[0,0,1]],[[0.81404454,0.03757439,-0.57959127,0.15],[-0.03703928,0.99923658,0.012758,0.],[0.5796259,0.01108179,0.81481045,0.03]]]
[[[1146.248291015625,0,984.2332153320312],[0,1146.248291015625,575.9268798828125],[0,0,1]],[[0.82903934,0.03853218,-0.55786687,0.17],[-0.03698231,0.99922121,0.01405838,-0.],[0.55797189,0.008976,0.82981437,0.04]]]
[[[1146.248291015625,0,984.2332153320312],[0,1146.248291015625,575.9268798828125],[0,0,1]],[[0.83067352,0.03693414,-0.55553913,0.17],[-0.03607973,0.99927503,0.01248732,0.],[0.5555954,0.00967057,0.83139962,0.04]]]
[[[1146.248291015625,0,984.2332153320312],[0,1146.248291015625,575.9268798828125],[0,0,1]],[[0.83686179,0.03448914,-0.54633248,0.17],[-0.02801815,0.99940795,0.02017397,-0.],[0.5467028,-0.0015758,0.83732831,0.05]]]
[[[1146.248291015625,0,984.2332153320312],[0,1146.248291015625,575.9268798828125],[0,0,1]],[[0.83985382,0.02594208,-0.54219818,0.18],[-0.01540532,0.99959826,0.02396497,-0.01],[0.54260004,-0.01177448,0.8399117,0.05]]]
[[[1146.248291015625,0,984.2332153320312],[0,1146.248291015625,575.9268798828125],[0,0,1]],[[0.84067643,0.01941208,-0.54119569,0.18],[-0.00273349,0.99950087,0.03160546,-0.01],[0.54153693,-0.0250907,0.84030551,0.05]]]
[[[1146.248291015625,0,984.2332153320312],[0,1146.248291015625,575.9268798828125],[0,0,1]],[[0.84080958,0.03632511,-0.54011667,0.17],[-0.01543315,0.99895316,0.04315928,-0.02],[0.54111695,-0.0279531,0.84048569,0.04]]]
[[[1146.248291015625,0,984.2332153320312],[0,1146.248291015625,575.9268798828125],[0,0,1]],[[0.84705687,0.03983796,-0.5300132,0.18],[-0.01750609,0.99874139,0.04709218,-0.],[0.53122008,-0.03061136,0.84668368,0.04]]]
[[[1146.248291015625,0,984.2332153320312],[0,1146.248291015625,575.9268798828125],[0,0,1]],[[0.84978598,0.0325243,-0.52612948,0.18],[-0.01077232,0.99896193,0.04435543,-0.],[0.52702391,-0.03202505,0.84924978,0.04]]]
[[[1146.248291015625,0,984.2332153320312],[0,1146.248291015625,575.9268798828125],[0,0,1]],[[0.85097015,0.03375185,-0.52413452,0.18],[-0.01566693,0.99912435,0.0389032,-0.],[0.52498662,-0.02489396,0.85074937,0.04]]]
[[[1146.248291015625,0,984.2332153320312],[0,1146.248291015625,575.9268798828125],[0,0,1]],[[0.84910315,0.04102215,-0.52663779,0.18],[-0.02327259,0.99892122,0.04028837,0.],[0.52772039,-0.02195285,0.84913749,0.04]]]
[[[1146.248291015625,0,984.2332153320312],[0,1146.248291015625,575.9268798828125],[0,0,1]],[[0.84939963,0.04754198,-0.52561051,0.18],[-0.03031636,0.99868929,0.04134102,-0.],[0.52688491,-0.01918056,0.8497231,0.04]]]
[[[1146.248291015625,0,984.2332153320312],[0,1146.248291015625,575.9268798828125],[0,0,1]],[[0.84721601,0.05140524,-0.52876157,0.19],[-0.03182013,0.99843496,0.04608234,0.],[0.53030092,-0.02221653,0.84752136,0.04]]]
[[[1146.248291015625,0,984.2332153320312],[0,1146.248291015625,575.9268798828125],[0,0,1]],[[0.85462135,0.0438151,-0.51740593,0.19],[-0.02367969,0.99868965,0.04545914,0.],[0.51871783,-0.02659841,0.85453463,0.04]]]
[[[1146.248291015625,0,984.2332153320312],[0,1146.248291015625,575.9268798828125],[0,0,1]],[[0.85638881,0.03882576,-0.51487595,0.19],[-0.019401,0.99888849,0.04305527,0.],[0.51597333,-0.02688302,0.85618573,0.04]]]
[[[1146.248291015625,0,984.2332153320312],[0,1146.248291015625,575.9268798828125],[0,0,1]],[[0.85504913,0.03883075,-0.51709735,0.19],[-0.02112248,0.99897695,0.04009027,0.],[0.51812303,-0.02335686,0.85499012,0.04]]]
[[[1146.248291015625,0,984.2332153320312],[0,1146.248291015625,575.9268798828125],[0,0,1]],[[0.85497612,0.03882683,-0.51721823,0.19],[-0.02228746,0.99902749,0.03815437,0.],[0.51819462,-0.0210937,0.8550055,0.04]]]
[[[1146.248291015625,0,984.2332153320312],[0,1146.248291015625,575.9268798828125],[0,0,1]],[[0.85491467,0.03811211,-0.51737297,0.19],[-0.02131668,0.99904037,0.03837056,0.01],[0.51833689,-0.02177497,0.85490221,0.04]]]
[[[1146.248291015625,0,984.2332153320312],[0,1146.248291015625,575.9268798828125],[0,0,1]],[[0.85347509,0.03567352,-0.51991743,0.19],[-0.02121163,0.99920964,0.03374006,0.01],[0.52070814,-0.0177681,0.85355282,0.04]]]
[[[1146.248291015625,0,984.2332153320312],[0,1146.248291015625,575.9268798828125],[0,0,1]],[[0.85324591,0.03354704,-0.52043486,0.19],[-0.0192816,0.99928004,0.03280193,0.01],[0.52115858,-0.01795341,0.85327411,0.04]]]
[[[1146.248291015625,0,984.2332153320312],[0,1146.248291015625,575.9268798828125],[0,0,1]],[[0.85119987,0.03266076,-0.52383065,0.18],[-0.01878424,0.99932241,0.03178472,0.01],[0.52451169,-0.01721551,0.85123217,0.04]]]
[[[1146.248291015625,0,984.2332153320312],[0,1146.248291015625,575.9268798828125],[0,0,1]],[[0.85177952,0.03014662,-0.52303839,0.19],[-0.0165747,0.99939811,0.03061115,0.01],[0.52364439,-0.01740487,0.85176212,0.04]]]
[[[1146.248291015625,0,984.2332153320312],[0,1146.248291015625,575.9268798828125],[0,0,1]],[[0.8520093,0.02713337,-0.52282912,0.19],[-0.01524782,0.99952263,0.02702498,0.01],[0.52331084,-0.01505365,0.85201192,0.04]]]
[[[1146.248291015625,0,984.2332153320312],[0,1146.248291015625,575.9268798828125],[0,0,1]],[[0.8507145,0.02435617,-0.52506948,0.19],[-0.01372772,0.99961883,0.02412789,0.01],[0.52545506,-0.01331809,0.85072017,0.04]]]
[[[1146.248291015625,0,984.2332153320312],[0,1146.248291015625,575.9268798828125],[0,0,1]],[[0.84956646,0.02717936,-0.52678704,0.19],[-0.01570705,0.99953645,0.02624001,0.01],[0.52725399,-0.0140185,0.84959513,0.04]]]
