[[[1144.638671875,0,984.3290405273438],[0,1144.638671875,575.9369506835938],[0,0,1]],[[9.99857426e-01,-1.68862287e-02,2.69095199e-05,0.00000000e+00],[1.68862250e-02,9.99857426e-01,1.88311737e-04,0.00000000e+00],[-3.00855590e-05,-1.87830476e-04,1.00000000e+00,0.00000000e+00]]]
[[[1144.638671875,0,984.3290405273438],[0,1144.638671875,575.9369506835938],[0,0,1]],[[9.99857426e-01,-1.68862287e-02,2.69095199e-05,0.00000000e+00],[1.68862250e-02,9.99857426e-01,1.88311737e-04,0.00000000e+00],[-3.00855590e-05,-1.87830476e-04,1.00000000e+00,0.00000000e+00]]]
[[[1144.638671875,0,984.3290405273438],[0,1144.638671875,575.9369506835938],[0,0,1]],[[9.99857426e-01,-1.68862287e-02,2.69095199e-05,0.00000000e+00],[1.68862250e-02,9.99857426e-01,1.88311737e-04,0.00000000e+00],[-3.00855590e-05,-1.87830476e-04,1.00000000e+00,0.00000000e+00]]]
[[[1144.638671875,0,984.3290405273438],[0,1144.638671875,575.9369506835938],[0,0,1]],[[9.99857426e-01,-1.68862287e-02,2.69095199e-05,0.00000000e+00],[1.68862250e-02,9.99857426e-01,1.88311737e-04,0.00000000e+00],[-3.00855590e-05,-1.87830476e-04,1.00000000e+00,0.00000000e+00]]]
[[[1144.638671875,0,984.3290405273438],[0,1144.638671875,575.9369506835938],[0,0,1]],[[9.99857426e-01,-1.68862287e-02,2.69095199e-05,0.00000000e+00],[1.68862250e-02,9.99857426e-01,1.88311737e-04,0.00000000e+00],[-3.00855590e-05,-1.87830476e-04,1.00000000e+00,0.00000000e+00]]]
[[[1144.638671875,0,984.3290405273438],[0,1144.638671875,575.9369506835938],[0,0,1]],[[9.99857426e-01,-1.68862287e-02,2.69095199e-05,0.00000000e+00],[1.68862250e-02,9.99857426e-01,1.88311737e-04,0.00000000e+00],[-3.00855590e-05,-1.87830476e-04,1.00000000e+00,0.00000000e+00]]]
[[[1144.638671875,0,984.3290405273438],[0,1144.638671875,575.9369506835938],[0,0,1]],[[9.99857426e-01,-1.68862287e-02,2.69095199e-05,0.00000000e+00],[1.68862250e-02,9.99857426e-01,1.88311737e-04,0.00000000e+00],[-3.00855590e-05,-1.87830476e-04,1.00000000e+00,0.00000000e+00]]]
[[[1144.638671875,0,984.3290405273438],[0,1144.638671875,575.9369506835938],[0,0,1]],[[9.99856830e-01,-1.69218201e-02,5.46468509e-05,0.00000000e+00],[1.69218015e-02,9.99856770e-01,3.33356205e-04,0.00000000e+00],[-6.02800137e-05,-3.32383730e-04,9.99999940e-01,-0.00000000e+00]]]
[[[1144.638671875,0,984.3290405273438],[0,1144.638671875,575.9369506835938],[0,0,1]],[[9.99857605e-01,-1.68763790e-02,9.24802080e-05,0.00000000e+00],[1.68763604e-02,9.99857545e-01,2.04119700e-04,0.00000000e+00],[-9.59118406e-05,-2.02529904e-04,1.00000000e+00,-0.00000000e+00]]]
[[[1144.638671875,0,984.3290405273438],[0,1144.638671875,575.9369506835938],[0,0,1]],[[0.99924326,-0.01748087,-0.03474576,0.],[0.01753788,0.99984533,0.0013367,0.],[0.03471702,-0.00194505,0.99939531,0.]]]
[[[1144.638671875,0,984.3290405273438],[0,1144.638671875,575.9369506835938],[0,0,1]],[[9.89592370e-01,-1.38907300e-02,-1.43227090e-01,0.00000000e+00],[1.36628200e-02,9.99903320e-01,-2.57471000e-03,-0.00000000e+00],[1.43249020e-01,5.91031741e-04,9.89686489e-01,-1.00000000e-02]]]
[[[1144.638671875,0,984.3290405273438],[0,1144.638671875,575.9369506835938],[0,0,1]],[[0.96380454,-0.00897466,-0.26645926,0.],[0.00771683,0.99995357,-0.00576721,-0.01],[0.26649863,0.00350224,0.96382892,-0.02]]]
[[[1144.638671875,0,984.3290405273438],[0,1144.638671875,575.9369506835938],[0,0,1]],[[0.97478116,-0.00933601,-0.2229698,-0.],[0.00808809,0.99994624,-0.00650936,-0.01],[0.22301857,0.0045418,0.97480386,-0.03]]]
[[[1144.638671875,0,984.3290405273438],[0,1144.638671875,575.9369506835938],[0,0,1]],[[0.99107635,-0.01251704,-0.13270906,-0.],[0.01216097,0.99992007,-0.0034933,-0.01],[0.13274217,0.00184825,0.99114913,-0.02]]]
[[[1144.638671875,0,984.3290405273438],[0,1144.638671875,575.9369506835938],[0,0,1]],[[9.99271090e-01,-1.63183200e-02,-3.45205400e-02,1.00000000e-02],[1.63157657e-02,9.99867082e-01,-3.55763070e-04,-1.00000000e-02],[3.45217288e-02,-2.07727164e-04,9.99404192e-01,-0.00000000e+00]]]
[[[1144.638671875,0,984.3290405273438],[0,1144.638671875,575.9369506835938],[0,0,1]],[[9.98279390e-01,-2.03969900e-02,5.49812200e-02,2.00000000e-02],[2.03168700e-02,9.99791800e-01,2.01560000e-03,-0.00000000e+00],[-5.50108850e-02,-8.95083882e-04,9.98485565e-01,0.00000000e+00]]]
[[[1144.638671875,0,984.3290405273438],[0,1144.638671875,575.9369506835938],[0,0,1]],[[0.99533772,-0.02058709,0.09423195,0.02],[0.02028042,0.99978572,0.00421112,-0.],[-0.09429843,-0.00228043,0.99554163,0.01]]]
[[[1144.638671875,0,984.3290405273438],[0,1144.638671875,575.9369506835938],[0,0,1]],[[0.99059349,-0.02236556,0.13499904,0.03],[0.02110326,0.99971926,0.01077442,0.01],[-0.13520212,-0.00782416,0.99078739,0.02]]]
[[[1144.638671875,0,984.3290405273438],[0,1144.638671875,575.9369506835938],[0,0,1]],[[0.99143827,-0.0250995,0.12814422,0.04],[0.0259207,0.99965286,-0.00474449,-0.02],[-0.12798066,0.00802545,0.99174458,0.01]]]
[[[1144.638671875,0,984.3290405273438],[0,1144.638671875,575.9369506835938],[0,0,1]],[[0.99962384,-0.02165348,0.01685365,0.03],[0.02181324,0.99971843,-0.00935413,-0.03],[-0.01664636,0.00971824,0.99981457,-0.]]]
[[[1144.638671875,0,984.3290405273438],[0,1144.638671875,575.9369506835938],[0,0,1]],[[0.99524271,-0.01786413,-0.09577867,0.01],[0.01697635,0.99980521,-0.01007605,-0.03],[0.09593999,0.00840214,0.99535203,-0.01]]]
[[[1144.638671875,0,984.3290405273438],[0,1144.638671875,575.9369506835938],[0,0,1]],[[0.98701972,-0.01360616,-0.1600246,-0.],[0.01191844,0.99986309,-0.01150171,-0.02],[0.16015911,0.00944517,0.98704648,-0.03]]]
[[[1144.638671875,0,984.3290405273438],[0,1144.638671875,575.9369506835938],[0,0,1]],[[0.97550583,-0.01163606,-0.21966782,-0.],[0.00924918,0.99988675,-0.01189121,-0.02],[0.21978125,0.0095682,0.97550273,-0.03]]]
[[[1144.638671875,0,984.3290405273438],[0,1144.638671875,575.9369506835938],[0,0,1]],[[0.96837419,-0.00885763,-0.24934705,-0.01],[0.00414947,0.99980319,-0.01940127,-0.04],[0.24946979,0.01775303,0.96822035,-0.04]]]
[[[1144.638671875,0,984.3290405273438],[0,1144.638671875,575.9369506835938],[0,0,1]],[[0.9664945,-0.0091898,-0.25652558,-0.01],[0.00470486,0.99982548,-0.01809167,-0.04],[0.25664693,0.01627857,0.96636862,-0.04]]]
[[[1144.638671875,0,984.3290405273438],[0,1144.638671875,575.9369506835938],[0,0,1]],[[0.9419868,-0.0088522,-0.33553523,-0.01],[0.00289295,0.99982953,-0.01825613,-0.04],[0.33563945,0.01622634,0.94185126,-0.04]]]
[[[1144.638671875,0,984.3290405273438],[0,1144.638671875,575.9369506835938],[0,0,1]],[[0.91599435,-0.00379819,-0.4011749,-0.01],[-0.00560471,0.99973667,-0.02226229,-0.05],[0.40115365,0.02264059,0.91573143,-0.06]]]
[[[1144.638671875,0,984.3290405273438],[0,1144.638671875,575.9369506835938],[0,0,1]],[[0.96455801,-0.00775487,-0.26375976,-0.01],[0.00227102,0.99977511,-0.02108964,-0.04],[0.26386389,0.01974317,0.96435821,-0.05]]]
[[[1144.638671875,0,984.3290405273438],[0,1144.638671875,575.9369506835938],[0,0,1]],[[0.98045039,-0.01136689,-0.19644257,-0.01],[0.00787914,0.99979758,-0.01852696,-0.04],[0.19661333,0.01661696,0.98034078,-0.04]]]
[[[1144.638671875,0,984.3290405273438],[0,1144.638671875,575.9369506835938],[0,0,1]],[[0.99772668,-0.01403192,-0.06592922,-0.01],[0.01304215,0.99979639,-0.01541904,-0.04],[0.06613215,0.01452411,0.99770564,-0.02]]]
[[[1144.638671875,0,984.3290405273438],[0,1144.638671875,575.9369506835938],[0,0,1]],[[0.99975204,-0.01800469,-0.01319324,0.],[0.01786431,0.99978393,-0.01068146,-0.03],[0.01338274,0.01044312,0.99985653,-0.02]]]
[[[1144.638671875,0,984.3290405273438],[0,1144.638671875,575.9369506835938],[0,0,1]],[[0.99910223,-0.01917791,0.03780891,0.01],[0.01945345,0.99978733,-0.00693358,-0.02],[-0.0376678,0.00766286,0.99926168,-0.01]]]
[[[1144.638671875,0,984.3290405273438],[0,1144.638671875,575.9369506835938],[0,0,1]],[[0.99682653,-0.02133743,0.0767105,0.02],[0.02192937,0.99973643,-0.00688264,-0.02],[-0.07654327,0.008543,0.99703038,-0.01]]]
[[[1144.638671875,0,984.3290405273438],[0,1144.638671875,575.9369506835938],[0,0,1]],[[0.9979682,-0.02272245,0.05955033,0.02],[0.02330481,0.99968767,-0.00910348,-0.02],[-0.05932473,0.01047278,0.99818462,-0.02]]]
[[[1144.638671875,0,984.3290405273438],[0,1144.638671875,575.9369506835938],[0,0,1]],[[0.99895209,-0.01873816,-0.04179617,0.02],[0.01823873,0.99975884,-0.01229831,-0.02],[0.04201652,0.0115231,0.99905139,-0.03]]]
[[[1144.638671875,0,984.3290405273438],[0,1144.638671875,575.9369506835938],[0,0,1]],[[0.98911625,-0.01507201,-0.1463736,0.01],[0.01287466,0.99979091,-0.0159477,-0.02],[0.14658317,0.0138896,0.98910183,-0.04]]]
[[[1144.638671875,0,984.3290405273438],[0,1144.638671875,575.9369506835938],[0,0,1]],[[0.97589493,-0.01208028,-0.2179144,0.],[0.00766355,0.999749,-0.02110195,-0.03],[0.21811435,0.01892326,0.97574097,-0.05]]]
[[[1144.638671875,0,984.3290405273438],[0,1144.638671875,575.9369506835938],[0,0,1]],[[0.96702129,-0.01126252,-0.25445303,0.],[0.0060279,0.99975526,-0.02134242,-0.04],[0.2546308,0.01910473,0.96685082,-0.05]]]
[[[1144.638671875,0,984.3290405273438],[0,1144.638671875,575.9369506835938],[0,0,1]],[[0.95822483,-0.01034458,-0.28583521,-0.],[0.00398835,0.99973303,-0.02281061,-0.04],[0.28599438,0.02071764,0.95800853,-0.06]]]
[[[1144.638671875,0,984.3290405273438],[0,1144.638671875,575.9369506835938],[0,0,1]],[[0.94907373,-0.00857142,-0.31494305,-0.],[0.00116992,0.99972004,-0.02368261,-0.04],[0.31505737,0.02210805,0.94881636,-0.06]]]
[[[1144.638671875,0,984.3290405273438],[0,1144.638671875,575.9369506835938],[0,0,1]],[[0.96800071,-0.00953003,-0.25077406,-0.],[0.00391856,0.99973214,-0.0228664,-0.04],[0.25092444,0.02115198,0.96777689,-0.06]]]
[[[1144.638671875,0,984.3290405273438],[0,1144.638671875,575.9369506835938],[0,0,1]],[[0.98976552,-0.01095417,-0.14229567,-0.],[0.00785634,0.99972135,-0.02231391,-0.04],[0.14250025,0.02096757,0.98957402,-0.05]]]
[[[1144.638671875,0,984.3290405273438],[0,1144.638671875,575.9369506835938],[0,0,1]],[[0.99952894,-0.01605563,-0.02623181,0.01],[0.01554797,0.99969125,-0.01944269,-0.04],[0.0265359,0.01902564,0.99946821,-0.04]]]
[[[1144.638671875,0,984.3290405273438],[0,1144.638671875,575.9369506835938],[0,0,1]],[[0.99962848,-0.01822781,0.02036948,0.02],[0.01859483,0.99966693,-0.01797717,-0.04],[-0.02003489,0.01834922,0.9996323,-0.03]]]
[[[1144.638671875,0,984.3290405273438],[0,1144.638671875,575.9369506835938],[0,0,1]],[[0.99463314,-0.01994878,0.10154565,0.03],[0.0214862,0.9996717,-0.01406918,-0.04],[-0.10123132,0.01617546,0.99473286,-0.02]]]
[[[1144.638671875,0,984.3290405273438],[0,1144.638671875,575.9369506835938],[0,0,1]],[[0.97582859,-0.02582905,0.21701609,0.05],[0.02968847,0.99945498,-0.01454218,-0.04],[-0.21652158,0.02063349,0.97606122,-0.02]]]
[[[1144.638671875,0,984.3290405273438],[0,1144.638671875,575.9369506835938],[0,0,1]],[[0.97744644,-0.02836826,0.20928106,0.07],[0.03500596,0.99899405,-0.02808054,-0.07],[-0.20827334,0.03477322,0.97745377,-0.03]]]
[[[1144.638671875,0,984.3290405273438],[0,1144.638671875,575.9369506835938],[0,0,1]],[[0.99571472,-0.02844454,0.08802208,0.08],[0.03429845,0.9972499,-0.06572397,-0.14],[-0.08591022,0.06846117,0.99394941,-0.06]]]
[[[1144.638671875,0,984.3290405273438],[0,1144.638671875,575.9369506835938],[0,0,1]],[[0.99179113,-0.01685774,-0.12677111,0.06],[0.00728499,0.99711317,-0.07559995,-0.15],[0.12767935,0.07405562,0.98904836,-0.08]]]
[[[1144.638671875,0,984.3290405273438],[0,1144.638671875,575.9369506835938],[0,0,1]],[[0.97376484,-0.01159834,-0.22727107,0.05],[-0.00643831,0.99689788,-0.07846034,-0.16],[0.22747561,0.07786495,0.970667,-0.09]]]
[[[1144.638671875,0,984.3290405273438],[0,1144.638671875,575.9369506835938],[0,0,1]],[[0.97360373,-0.01126914,-0.22797662,0.05],[-0.00707031,0.99681377,-0.07946827,-0.16],[0.22814536,0.07898226,0.97041941,-0.1]]]
[[[1144.638671875,0,984.3290405273438],[0,1144.638671875,575.9369506835938],[0,0,1]],[[0.98425794,-0.01216137,-0.17633331,0.05],[-0.00173341,0.99691969,-0.07843117,-0.16],[0.17674366,0.07750195,0.98120224,-0.09]]]
[[[1144.638671875,0,984.3290405273438],[0,1144.638671875,575.9369506835938],[0,0,1]],[[0.99712056,-0.01764444,-0.07378687,0.05],[0.01190643,0.99692357,-0.07749339,-0.16],[0.07492714,0.0763915,0.99426007,-0.09]]]
[[[1144.638671875,0,984.3290405273438],[0,1144.638671875,575.9369506835938],[0,0,1]],[[0.99969727,-0.01794374,0.01699058,0.05],[0.01915025,0.99709564,-0.07373714,-0.16],[-0.01561793,0.07403997,0.99713439,-0.08]]]
[[[1144.638671875,0,984.3290405273438],[0,1144.638671875,575.9369506835938],[0,0,1]],[[0.99604267,-0.02126136,0.08632652,0.06],[0.02769724,0.99687135,-0.07405374,-0.16],[-0.08448155,0.07615145,0.99351233,-0.07]]]
[[[1144.638671875,0,984.3290405273438],[0,1144.638671875,575.9369506835938],[0,0,1]],[[0.99490696,-0.02157282,0.09849032,0.07],[0.02881145,0.99694115,-0.07267607,-0.16],[-0.09662078,0.07514333,0.99248213,-0.07]]]
[[[1144.638671875,0,984.3290405273438],[0,1144.638671875,575.9369506835938],[0,0,1]],[[0.99527442,-0.02269403,0.09444219,0.07],[0.02954798,0.99698168,-0.07181972,-0.16],[-0.09252682,0.07427064,0.99293786,-0.07]]]
[[[1144.638671875,0,984.3290405273438],[0,1144.638671875,575.9369506835938],[0,0,1]],[[0.99966633,-0.02110476,-0.01509278,0.08],[0.01992248,0.99701619,-0.0746029,-0.16],[0.01662232,0.07427705,0.99710077,-0.08]]]
[[[1144.638671875,0,984.3290405273438],[0,1144.638671875,575.9369506835938],[0,0,1]],[[0.98113191,-0.01083508,-0.19305187,0.07],[-0.00556812,0.99643326,-0.08422349,-0.17],[0.19327541,0.08370898,0.97756892,-0.09]]]
[[[1144.638671875,0,984.3290405273438],[0,1144.638671875,575.9369506835938],[0,0,1]],[[0.9702127,-0.00903617,-0.2420989,0.07],[-0.01195153,0.99630404,-0.08508216,-0.17],[0.24197231,0.08544094,0.96651554,-0.1]]]
[[[1144.638671875,0,984.3290405273438],[0,1144.638671875,575.9369506835938],[0,0,1]],[[0.96337175,-0.00728246,-0.26808265,0.07],[-0.01645079,0.9961459,-0.08617722,-0.18],[0.26767629,0.08743057,0.95953578,-0.11]]]
[[[1144.638671875,0,984.3290405273438],[0,1144.638671875,575.9369506835938],[0,0,1]],[[0.98365575,-0.00772454,-0.17991157,0.06],[-0.00853986,0.99595624,-0.08945269,-0.18],[0.17987463,0.08952676,0.97960877,-0.11]]]
[[[1144.638671875,0,984.3290405273438],[0,1144.638671875,575.9369506835938],[0,0,1]],[[9.92969450e-01,-1.10307400e-02,-1.17884320e-01,7.00000000e-02],[4.44293488e-04,9.95992661e-01,-8.94550979e-02,-1.80000000e-01],[1.18398470e-01,8.87734700e-02,9.88991740e-01,-1.10000000e-01]]]
[[[1144.638671875,0,984.3290405273438],[0,1144.638671875,575.9369506835938],[0,0,1]],[[0.99907422,-0.01186658,-0.04143158,0.07],[0.00822464,0.9961772,-0.08699101,-0.18],[0.04230553,0.08656937,0.99534911,-0.1]]]
[[[1144.638671875,0,984.3290405273438],[0,1144.638671875,575.9369506835938],[0,0,1]],[[0.99568576,-0.01585883,0.09146242,0.08],[0.02331718,0.99643844,-0.08106343,-0.18],[-0.08985055,0.08284599,0.99250567,-0.08]]]
[[[1144.638671875,0,984.3290405273438],[0,1144.638671875,575.9369506835938],[0,0,1]],[[0.9889763,-0.01975616,0.14677492,0.1],[0.03238795,0.99592662,-0.08417816,-0.18],[-0.14451323,0.08800355,0.98558384,-0.08]]]
[[[1144.638671875,0,984.3290405273438],[0,1144.638671875,575.9369506835938],[0,0,1]],[[0.99478936,-0.0188355,0.10023282,0.1],[0.02766974,0.99578333,-0.08749133,-0.19],[-0.09816161,0.08980842,0.99111193,-0.09]]]
[[[1144.638671875,0,984.3290405273438],[0,1144.638671875,575.9369506835938],[0,0,1]],[[0.99962968,-0.01863714,0.02001409,0.1],[0.02037011,0.99571788,-0.0901986,-0.18],[-0.01824705,0.09057246,0.99572486,-0.1]]]
[[[1144.638671875,0,984.3290405273438],[0,1144.638671875,575.9369506835938],[0,0,1]],[[0.99618715,-0.01436623,-0.08609225,0.09],[0.00620957,0.99552947,-0.09427222,-0.19],[0.08706161,0.09337777,0.99181914,-0.11]]]
[[[1144.638671875,0,984.3290405273438],[0,1144.638671875,575.9369506835938],[0,0,1]],[[0.97807562,-0.01091233,-0.20798138,0.09],[-0.0091472,0.99541438,-0.09524378,-0.19],[0.20806646,0.09505766,0.97348702,-0.12]]]
[[[1144.638671875,0,984.3290405273438],[0,1144.638671875,575.9369506835938],[0,0,1]],[[0.96643889,-0.00685651,-0.25682008,0.08],[-0.01890726,0.99503732,-0.09771506,-0.19],[0.2562148,0.09929096,0.96150923,-0.14]]]
[[[1144.638671875,0,984.3290405273438],[0,1144.638671875,575.9369506835938],[0,0,1]],[[0.97051913,-0.00626528,-0.240959,0.08],[-0.0180105,0.99498534,-0.09841254,-0.19],[0.24036655,0.0998506,0.9655354,-0.14]]]
[[[1144.638671875,0,984.3290405273438],[0,1144.638671875,575.9369506835938],[0,0,1]],[[0.99095958,-0.00725302,-0.13399383,0.08],[-0.00632029,0.99490994,-0.10059602,-0.2],[0.13404115,0.10053305,0.98586553,-0.13]]]
[[[1144.638671875,0,984.3290405273438],[0,1144.638671875,575.9369506835938],[0,0,1]],[[0.99871117,-0.01734903,0.04778228,0.11],[0.02183232,0.99524391,-0.09496564,-0.2],[-0.04590702,0.09588601,0.99433571,-0.11]]]
[[[1144.638671875,0,984.3290405273438],[0,1144.638671875,575.9369506835938],[0,0,1]],[[0.99208069,-0.02041035,0.12396352,0.13],[0.03209375,0.9951517,-0.09299674,-0.2],[-0.12146369,0.09623833,0.98792189,-0.11]]]
[[[1144.638671875,0,984.3290405273438],[0,1144.638671875,575.9369506835938],[0,0,1]],[[0.99055904,-0.02146981,0.1354233,0.13],[0.03450016,0.99491823,-0.09461996,-0.2],[-0.13270283,0.09839832,0.98626184,-0.11]]]
[[[1144.638671875,0,984.3290405273438],[0,1144.638671875,575.9369506835938],[0,0,1]],[[0.99060112,-0.0212124,0.13515633,0.14],[0.03422718,0.99491894,-0.09471159,-0.2],[-0.13245969,0.098447,0.98628968,-0.11]]]
[[[1144.638671875,0,984.3290405273438],[0,1144.638671875,575.9369506835938],[0,0,1]],[[0.99887782,-0.01936723,-0.04331056,0.14],[0.01492309,0.99480993,-0.10067672,-0.19],[0.04503568,0.099917,0.99397832,-0.14]]]
[[[1144.638671875,0,984.3290405273438],[0,1144.638671875,575.9369506835938],[0,0,1]],[[0.98048311,-0.01119875,-0.19630432,0.12],[-0.00917014,0.99468863,-0.10254709,-0.19],[0.19640949,0.10234539,0.97516847,-0.15]]]
[[[1144.638671875,0,984.3290405273438],[0,1144.638671875,575.9369506835938],[0,0,1]],[[0.9531135,-0.00814008,-0.30251649,0.12],[-0.02402488,0.99445081,-0.10245177,-0.19],[0.30167061,0.10491564,0.94762468,-0.17]]]
[[[1144.638671875,0,984.3290405273438],[0,1144.638671875,575.9369506835938],[0,0,1]],[[0.96160996,-0.0068602,-0.27434871,0.11],[-0.02244712,0.99437475,-0.10354336,-0.19],[0.27351481,0.1057262,0.95604229,-0.17]]]
[[[1144.638671875,0,984.3290405273438],[0,1144.638671875,575.9369506835938],[0,0,1]],[[0.9741978,-0.00878255,-0.22554326,0.11],[-0.01474363,0.99463588,-0.10241342,-0.19],[0.22523218,0.10309579,0.96883798,-0.16]]]
[[[1144.638671875,0,984.3290405273438],[0,1144.638671875,575.9369506835938],[0,0,1]],[[0.9854663,-0.00948636,-0.16962931,0.11],[-0.00810829,0.99467927,-0.10273184,-0.19],[0.16970088,0.10261372,0.98014146,-0.16]]]
[[[1144.638671875,0,984.3290405273438],[0,1144.638671875,575.9369506835938],[0,0,1]],[[0.99678236,-0.01345818,-0.0790675,0.12],[0.00533503,0.99476689,-0.10206316,-0.19],[0.08002724,0.10131247,0.99163324,-0.15]]]
[[[1144.638671875,0,984.3290405273438],[0,1144.638671875,575.9369506835938],[0,0,1]],[[0.99973625,-0.01580305,-0.01690606,0.13],[0.01401339,0.99477172,-0.10119067,-0.19],[0.018417,0.10092659,0.99472606,-0.14]]]
[[[1144.638671875,0,984.3290405273438],[0,1144.638671875,575.9369506835938],[0,0,1]],[[0.9967612,-0.0189846,0.07819735,0.14],[0.02652733,0.99497539,-0.09657877,-0.19],[-0.07597025,0.09833986,0.99225152,-0.13]]]
[[[1144.638671875,0,984.3290405273438],[0,1144.638671875,575.9369506835938],[0,0,1]],[[0.98856378,-0.02328047,0.14902319,0.16],[0.03790804,0.99465501,-0.09608229,-0.19],[-0.14598876,0.10063218,0.98415744,-0.13]]]
[[[1144.638671875,0,984.3290405273438],[0,1144.638671875,575.9369506835938],[0,0,1]],[[0.9945609,-0.0242532,0.10133433,0.17],[0.03513016,0.99364495,-0.10697288,-0.21],[-0.0980951,0.1099504,0.98908728,-0.13]]]
[[[1144.638671875,0,984.3290405273438],[0,1144.638671875,575.9369506835938],[0,0,1]],[[0.99970412,-0.01903037,0.01542973,0.15],[0.02057659,0.99403077,-0.10717805,-0.21],[-0.01329762,0.10746329,0.9941228,-0.14]]]
[[[1144.638671875,0,984.3290405273438],[0,1144.638671875,575.9369506835938],[0,0,1]],[[0.9963454,-0.0161546,-0.08392679,0.14],[0.00695517,0.99404663,-0.10876937,-0.21],[0.0851841,0.10778759,0.99052072,-0.15]]]
[[[1144.638671875,0,984.3290405273438],[0,1144.638671875,575.9369506835938],[0,0,1]],[[0.98728955,-0.01139873,-0.15854965,0.14],[-0.00635984,0.99379838,-0.11105064,-0.21],[0.15883164,0.11064693,0.98108894,-0.16]]]
[[[1144.638671875,0,984.3290405273438],[0,1144.638671875,575.9369506835938],[0,0,1]],[[0.9873004,-0.01118462,-0.15849751,0.14],[-0.00649727,0.99384737,-0.1106046,-0.21],[0.15875877,0.11022918,0.98114777,-0.16]]]
[[[1144.638671875,0,984.3290405273438],[0,1144.638671875,575.9369506835938],[0,0,1]],[[0.99009758,-0.01082599,-0.1399935,0.13],[-0.00482552,0.99381495,-0.11098196,-0.21],[0.14032863,0.11055791,0.98391593,-0.16]]]
[[[1144.638671875,0,984.3290405273438],[0,1144.638671875,575.9369506835938],[0,0,1]],[[0.99839854,-0.01259031,-0.05522834,0.13],[0.00639946,0.99381834,-0.1108715,-0.21],[0.05628281,0.11033995,0.99230194,-0.16]]]
[[[1144.638671875,0,984.3290405273438],[0,1144.638671875,575.9369506835938],[0,0,1]],[[0.99853861,-0.01685467,0.05142933,0.14],[0.02233336,0.99391639,-0.10788794,-0.21],[-0.0492975,0.10887831,0.9928351,-0.15]]]
[[[1144.638671875,0,984.3290405273438],[0,1144.638671875,575.9369506835938],[0,0,1]],[[0.99443883,-0.01953673,0.10352839,0.15],[0.03061317,0.99384487,-0.10650656,-0.21],[-0.10080957,0.10908305,0.98891085,-0.14]]]
[[[1144.638671875,0,984.3290405273438],[0,1144.638671875,575.9369506835938],[0,0,1]],[[0.98823464,-0.02138496,0.15147124,0.16],[0.0376314,0.99374121,-0.10521832,-0.21],[-0.14827207,0.10967991,0.982849,-0.14]]]
[[[1144.638671875,0,984.3290405273438],[0,1144.638671875,575.9369506835938],[0,0,1]],[[0.98279846,-0.02357034,0.18319499,0.17],[0.04331131,0.99358392,-0.1045181,-0.21],[-0.17955483,0.11065409,0.97750819,-0.14]]]
[[[1144.638671875,0,984.3290405273438],[0,1144.638671875,575.9369506835938],[0,0,1]],[[0.97632986,-0.02568249,0.2147771,0.18],[0.04940399,0.9931618,-0.10582016,-0.22],[-0.21058926,0.11392567,0.97091699,-0.14]]]
[[[1144.638671875,0,984.3290405273438],[0,1144.638671875,575.9369506835938],[0,0,1]],[[0.99380988,-0.02167451,0.10900056,0.17],[0.03459716,0.99240303,-0.11810187,-0.23],[-0.10561187,0.12114131,0.98700422,-0.15]]]
[[[1144.638671875,0,984.3290405273438],[0,1144.638671875,575.9369506835938],[0,0,1]],[[0.99854672,-0.01504617,-0.05183486,0.15],[0.0084755,0.99215966,-0.12472305,-0.23],[0.053305,0.12410188,0.99083984,-0.16]]]
[[[1144.638671875,0,984.3290405273438],[0,1144.638671875,575.9369506835938],[0,0,1]],[[0.99045724,-0.0099731,-0.13749138,0.14],[-0.00788109,0.99165583,-0.12870446,-0.24],[0.13762717,0.12855925,0.98210871,-0.17]]]
[[[1144.638671875,0,984.3290405273438],[0,1144.638671875,575.9369506835938],[0,0,1]],[[0.98820013,-0.00917641,-0.15292265,0.14],[-0.01079229,0.99155855,-0.12924099,-0.25],[0.15281714,0.12936576,0.97975385,-0.18]]]
[[[1144.638671875,0,984.3290405273438],[0,1144.638671875,575.9369506835938],[0,0,1]],[[0.9912864,-0.00927712,-0.13143159,0.14],[-0.00778359,0.99165678,-0.12870158,-0.25],[0.13152854,0.12860258,0.98293835,-0.18]]]
[[[1144.638671875,0,984.3290405273438],[0,1144.638671875,575.9369506835938],[0,0,1]],[[0.99785841,-0.01052611,-0.06462701,0.14],[0.00217735,0.991786,-0.12791774,-0.25],[0.06544255,0.12750259,0.98967999,-0.17]]]
[[[1144.638671875,0,984.3290405273438],[0,1144.638671875,575.9369506835938],[0,0,1]],[[0.99720389,-0.01475516,0.0733199,0.15],[0.02380236,0.99198818,-0.12409826,-0.25],[-0.0709008,0.12549596,0.98956066,-0.16]]]
[[[1144.638671875,0,984.3290405273438],[0,1144.638671875,575.9369506835938],[0,0,1]],[[0.99123061,-0.01795216,0.13095333,0.16],[0.03434538,0.99168843,-0.12402327,-0.25],[-0.12763755,0.12743279,0.9836036,-0.16]]]
[[[1144.638671875,0,984.3290405273438],[0,1144.638671875,575.9369506835938],[0,0,1]],[[0.98560977,-0.01952858,0.16793188,0.17],[0.04071644,0.99149144,-0.12366986,-0.25],[-0.16408685,0.12872732,0.97801393,-0.15]]]
[[[1144.638671875,0,984.3290405273438],[0,1144.638671875,575.9369506835938],[0,0,1]],[[0.99055475,-0.01963952,0.13573718,0.17],[0.03720645,0.99106383,-0.12812287,-0.25],[-0.13200706,0.13196249,0.98242897,-0.16]]]
[[[1144.638671875,0,984.3290405273438],[0,1144.638671875,575.9369506835938],[0,0,1]],[[0.99778259,-0.01789991,0.06417619,0.16],[0.0263119,0.99080652,-0.13273172,-0.26],[-0.06120972,0.13412546,0.98907566,-0.17]]]
[[[1144.638671875,0,984.3290405273438],[0,1144.638671875,575.9369506835938],[0,0,1]],[[0.98780239,-0.01013997,-0.15541308,0.15],[-0.01160006,0.99032021,-0.13834338,-0.26],[0.15531097,0.13845815,0.978118,-0.19]]]
[[[1144.638671875,0,984.3290405273438],[0,1144.638671875,575.9369506835938],[0,0,1]],[[0.97585678,-0.00609302,-0.21834818,0.14],[-0.02491852,0.9899835,-0.13899308,-0.26],[0.21700718,0.1410777,0.9659254,-0.2]]]
[[[1144.638671875,0,984.3290405273438],[0,1144.638671875,575.9369506835938],[0,0,1]],[[0.97588927,-0.00555225,-0.21821752,0.14],[-0.02569783,0.98980635,-0.14010736,-0.26],[0.2167702,0.14233643,0.96579409,-0.21]]]
[[[1144.638671875,0,984.3290405273438],[0,1144.638671875,575.9369506835938],[0,0,1]],[[0.99681598,-0.00867358,-0.07932329,0.13],[-0.0024874,0.9902178,-0.13953279,-0.26],[0.0797575,0.13928528,0.98703873,-0.2]]]
[[[1144.638671875,0,984.3290405273438],[0,1144.638671875,575.9369506835938],[0,0,1]],[[0.99919242,-0.01026283,-0.03897391,0.14],[0.00474482,0.99026799,-0.13911735,-0.26],[0.04002246,0.13881947,0.98951226,-0.19]]]
[[[1144.638671875,0,984.3290405273438],[0,1144.638671875,575.9369506835938],[0,0,1]],[[0.99988341,-0.01170631,0.01029037,0.15],[0.01301654,0.9903242,-0.13818616,-0.26],[-0.00857282,0.13830343,0.99035639,-0.18]]]
[[[1144.638671875,0,984.3290405273438],[0,1144.638671875,575.9369506835938],[0,0,1]],[[0.99931967,-0.01277039,0.03474125,0.15],[0.01740422,0.99048537,-0.13653834,-0.26],[-0.0326666,0.13704956,0.9900291,-0.18]]]
[[[1144.638671875,0,984.3290405273438],[0,1144.638671875,575.9369506835938],[0,0,1]],[[0.99611616,-0.01557771,0.08671979,0.16],[0.02728753,0.99040043,-0.13553302,-0.26],[-0.08377532,0.13737237,0.98697412,-0.18]]]
[[[1144.638671875,0,984.3290405273438],[0,1144.638671875,575.9369506835938],[0,0,1]],[[0.99539989,-0.01666327,0.09440178,0.17],[0.02940908,0.99037379,-0.13528275,-0.26],[-0.09123807,0.13743611,0.98630321,-0.18]]]
[[[1144.638671875,0,984.3290405273438],[0,1144.638671875,575.9369506835938],[0,0,1]],[[0.99719852,-0.0145283,-0.07344776,0.18],[0.0042101,0.9903245,-0.13873023,-0.26],[0.07475257,0.13803178,0.98760653,-0.18]]]
[[[1144.638671875,0,984.3290405273438],[0,1144.638671875,575.9369506835938],[0,0,1]],[[0.97397524,-0.00445428,-0.2266334,0.16],[-0.02893613,0.98918718,-0.14379698,-0.27],[0.22482267,0.146612,0.96331054,-0.21]]]
[[[1144.638671875,0,984.3290405273438],[0,1144.638671875,575.9369506835938],[0,0,1]],[[0.97406864,-0.00461044,-0.22622852,0.16],[-0.02881938,0.98912531,-0.14424513,-0.27],[0.22443275,0.14702386,0.96333891,-0.21]]]
[[[1144.638671875,0,984.3290405273438],[0,1144.638671875,575.9369506835938],[0,0,1]],[[0.98679173,-0.00483814,-0.1619537,0.16],[-0.01897996,0.9892236,-0.14519754,-0.27],[0.16091055,0.14635307,0.97606182,-0.21]]]
[[[1144.638671875,0,984.3290405273438],[0,1144.638671875,575.9369506835938],[0,0,1]],[[0.99496049,-0.00727881,-0.10005547,0.16],[-0.00735305,0.98939329,-0.14509563,-0.27],[0.10005025,0.1450996,0.98434961,-0.2]]]
[[[1144.638671875,0,984.3290405273438],[0,1144.638671875,575.9369506835938],[0,0,1]],[[0.99929488,-0.00828678,-0.03676707,0.17],[0.00287118,0.9894349,-0.14496906,-0.27],[0.03758012,0.14476077,0.98875701,-0.2]]]
[[[1144.638671875,0,984.3290405273438],[0,1144.638671875,575.9369506835938],[0,0,1]],[[0.99972457,-0.01048984,0.02124834,0.17],[0.01344543,0.98947179,-0.14411968,-0.27],[-0.01951244,0.14436515,0.98933631,-0.19]]]
[[[1144.638671875,0,984.3290405273438],[0,1144.638671875,575.9369506835938],[0,0,1]],[[0.99796069,-0.01245516,0.06269059,0.18],[0.02132829,0.98950589,-0.14292936,-0.26],[-0.06025194,0.14397445,0.98774976,-0.19]]]
[[[1144.638671875,0,984.3290405273438],[0,1144.638671875,575.9369506835938],[0,0,1]],[[0.99788636,-0.01262831,0.06383029,0.18],[0.02164787,0.98953813,-0.14265797,-0.26],[-0.06136041,0.14373776,0.98771614,-0.19]]]
[[[1144.638671875,0,984.3290405273438],[0,1144.638671875,575.9369506835938],[0,0,1]],[[0.99885297,-0.01416804,0.04586443,0.19],[0.02043422,0.99005878,-0.13918345,-0.26],[-0.04343603,0.13996047,0.98920834,-0.18]]]
[[[1144.638671875,0,984.3290405273438],[0,1144.638671875,575.9369506835938],[0,0,1]],[[0.99879581,-0.0113235,-0.04786061,0.19],[0.00439578,0.9897961,-0.14244463,-0.26],[0.0489853,0.1420622,0.98864949,-0.19]]]
[[[1144.638671875,0,984.3290405273438],[0,1144.638671875,575.9369506835938],[0,0,1]],[[0.98740369,-0.00793131,-0.15806019,0.18],[-0.01486378,0.98968393,-0.14251572,-0.26],[0.1575596,0.1430694,0.97709543,-0.2]]]
[[[1144.638671875,0,984.3290405273438],[0,1144.638671875,575.9369506835938],[0,0,1]],[[0.97527856,-0.00485116,-0.22095326,0.17],[-0.02740886,0.98938864,-0.14270434,-0.26],[0.21930028,0.14523204,0.96479237,-0.21]]]
[[[1144.638671875,0,984.3290405273438],[0,1144.638671875,575.9369506835938],[0,0,1]],[[0.9752028,-0.00466866,-0.22129118,0.17],[-0.02769685,0.98934811,-0.1429293,-0.26],[0.21960065,0.14551364,0.96468163,-0.21]]]
[[[1144.638671875,0,984.3290405273438],[0,1144.638671875,575.9369506835938],[0,0,1]],[[0.98926067,-0.00495861,-0.14611979,0.15],[-0.01647899,0.98927706,-0.14513765,-0.26],[0.14527227,0.14598633,0.97856706,-0.22]]]
[[[1144.638671875,0,984.3290405273438],[0,1144.638671875,575.9369506835938],[0,0,1]],[[0.99990237,-0.01300398,-0.00621026,0.17],[0.01201702,0.99026102,-0.13872454,-0.25],[0.00795397,0.13863586,0.99031639,-0.2]]]
[[[1144.638671875,0,984.3290405273438],[0,1144.638671875,575.9369506835938],[0,0,1]],[[0.99946874,-0.01464879,0.0293268,0.18],[0.01857261,0.99021256,-0.13834816,-0.25],[-0.02701275,0.13881883,0.98995423,-0.19]]]
[[[1144.638671875,0,984.3290405273438],[0,1144.638671875,575.9369506835938],[0,0,1]],[[0.99786466,-0.01618043,0.06337751,0.19],[0.02476317,0.99025404,-0.13707589,-0.25],[-0.06054136,0.13835211,0.98853588,-0.19]]]
[[[1144.638671875,0,984.3290405273438],[0,1144.638671875,575.9369506835938],[0,0,1]],[[0.99988717,-0.01540592,0.00109509,0.19],[0.01540911,0.99025118,-0.13846064,-0.25],[0.00104896,0.13846132,0.99037236,-0.19]]]
[[[1144.638671875,0,984.3290405273438],[0,1144.638671875,575.9369506835938],[0,0,1]],[[0.98413068,-0.00975832,-0.17721239,0.18],[-0.01534766,0.99007082,-0.13975066,-0.25],[0.17681605,0.14025217,0.97420508,-0.21]]]
[[[1144.638671875,0,984.3290405273438],[0,1144.638671875,575.9369506835938],[0,0,1]],[[0.96893114,-0.00571511,-0.24728981,0.16],[-0.03047935,0.98935872,-0.14228933,-0.25],[0.24547079,0.14540526,0.95844221,-0.23]]]
[[[1144.638671875,0,984.3290405273438],[0,1144.638671875,575.9369506835938],[0,0,1]],[[0.96890664,-0.00539268,-0.24739347,0.16],[-0.0309491,0.98927414,-0.14277515,-0.26],[0.2455091,0.14599182,0.95834321,-0.23]]]
[[[1144.638671875,0,984.3290405273438],[0,1144.638671875,575.9369506835938],[0,0,1]],[[0.96867955,-0.00248821,-0.24832727,0.15],[-0.03426806,0.98904759,-0.14358367,-0.26],[0.24596399,0.14759566,0.95798081,-0.24]]]
[[[1144.638671875,0,984.3290405273438],[0,1144.638671875,575.9369506835938],[0,0,1]],[[0.9995414,-0.01175552,-0.0281373,0.14],[0.00747711,0.98902321,-0.14759105,-0.26],[0.0295636,0.14731233,0.98865318,-0.24]]]
[[[1144.638671875,0,984.3290405273438],[0,1144.638671875,575.9369506835938],[0,0,1]],[[0.99706227,-0.01831306,0.07445942,0.16],[0.02897749,0.989043,-0.14477617,-0.26],[-0.07099169,0.14650783,0.98666388,-0.23]]]
[[[1144.638671875,0,984.3290405273438],[0,1144.638671875,575.9369506835938],[0,0,1]],[[0.99475497,-0.01962221,0.10045122,0.17],[0.03407892,0.98895061,-0.14429662,-0.26],[-0.09650917,0.14696233,0.98442793,-0.22]]]
[[[1144.638671875,0,984.3290405273438],[0,1144.638671875,575.9369506835938],[0,0,1]],[[0.99907291,-0.01968835,0.03845529,0.17],[0.02499054,0.98945725,-0.14267425,-0.24],[-0.03524042,0.14350228,0.98902762,-0.23]]]
[[[1144.638671875,0,984.3290405273438],[0,1144.638671875,575.9369506835938],[0,0,1]],[[0.99981958,-0.01881165,0.0044775,0.17],[0.0192582,0.98957318,-0.1427585,-0.24],[-0.00174502,0.14281826,0.98975283,-0.23]]]
[[[1144.638671875,0,984.3290405273438],[0,1144.638671875,575.9369506835938],[0,0,1]],[[0.99148732,-0.0163214,-0.12922624,0.16],[-0.00258904,0.98945546,-0.1448337,-0.24],[0.13022724,0.14393465,0.9809863,-0.24]]]
[[[1144.638671875,0,984.3290405273438],[0,1144.638671875,575.9369506835938],[0,0,1]],[[0.97034031,-0.0097891,-0.24157183,0.15],[-0.02636544,0.98893923,-0.14597851,-0.24],[0.24032816,0.14801724,0.95934546,-0.27]]]
[[[1144.638671875,0,984.3290405273438],[0,1144.638671875,575.9369506835938],[0,0,1]],[[0.9814043,-0.00723452,-0.19184983,0.14],[-0.02265783,0.98794442,-0.15316051,-0.25],[0.19064452,0.15465848,0.96940476,-0.29]]]
[[[1144.638671875,0,984.3290405273438],[0,1144.638671875,575.9369506835938],[0,0,1]],[[0.99792135,-0.01426279,-0.06295111,0.16],[0.00441337,0.98807859,-0.15390642,-0.25],[0.06439582,0.15330788,0.98608309,-0.27]]]
[[[1144.638671875,0,984.3290405273438],[0,1144.638671875,575.9369506835938],[0,0,1]],[[0.99973673,-0.01628966,-0.01656616,0.17],[0.01357793,0.98823768,-0.15234143,-0.25],[0.01885315,0.15207556,0.98819399,-0.26]]]
[[[1144.638671875,0,984.3290405273438],[0,1144.638671875,575.9369506835938],[0,0,1]],[[0.99971509,-0.0177424,0.01638187,0.18],[0.0200124,0.98836112,-0.15082368,-0.25],[-0.01351482,0.1511077,0.98842984,-0.26]]]
[[[1144.638671875,0,984.3290405273438],[0,1144.638671875,575.9369506835938],[0,0,1]],[[0.99946833,-0.01879426,0.02688721,0.18],[0.02260107,0.98856181,-0.14913236,-0.25],[-0.02377639,0.14965996,0.98845643,-0.25]]]
[[[1144.638671875,0,984.3290405273438],[0,1144.638671875,575.9369506835938],[0,0,1]],[[0.99302912,-0.01906579,-0.11637651,0.18],[0.002282,0.9897694,-0.14268057,-0.23],[0.11790597,0.14141963,0.98290843,-0.24]]]
[[[1144.638671875,0,984.3290405273438],[0,1144.638671875,575.9369506835938],[0,0,1]],[[0.96632135,-0.01009911,-0.2571677,0.16],[-0.02885146,0.98868358,-0.14723717,-0.24],[0.25574347,0.1496973,0.95508981,-0.27]]]
[[[1144.638671875,0,984.3290405273438],[0,1144.638671875,575.9369506835938],[0,0,1]],[[0.96097976,-0.00929853,-0.27648833,0.16],[-0.03262854,0.98865253,-0.14665508,-0.25],[0.27471346,0.1499532,0.94976676,-0.27]]]
[[[1144.638671875,0,984.3290405273438],[0,1144.638671875,575.9369506835938],[0,0,1]],[[0.95804399,-0.00833366,-0.28652465,0.16],[-0.03560738,0.98837793,-0.14780679,-0.25],[0.28442532,0.15180703,0.94660801,-0.28]]]
[[[1144.638671875,0,984.3290405273438],[0,1144.638671875,575.9369506835938],[0,0,1]],[[0.97885627,-0.00872316,-0.20439783,0.15],[-0.02253241,0.98841834,-0.15009049,-0.25],[0.2033391,0.1515218,0.967318,-0.28]]]
[[[1144.638671875,0,984.3290405273438],[0,1144.638671875,575.9369506835938],[0,0,1]],[[0.99666655,-0.01557096,-0.08017436,0.17],[0.00348412,0.98887289,-0.14874128,-0.25],[0.08159819,0.14796536,0.98562568,-0.26]]]
[[[1144.638671875,0,984.3290405273438],[0,1144.638671875,575.9369506835938],[0,0,1]],[[0.99966174,-0.01891231,-0.01826837,0.18],[0.01602495,0.98901302,-0.14697725,-0.25],[0.02084752,0.14663397,0.9889763,-0.25]]]
[[[1144.638671875,0,984.3290405273438],[0,1144.638671875,575.9369506835938],[0,0,1]],[[0.99588996,-0.01848477,-0.08874904,0.19],[0.005283,0.98916364,-0.14674212,-0.24],[0.09049962,0.14566939,0.98519063,-0.24]]]
[[[1144.638671875,0,984.3290405273438],[0,1144.638671875,575.9369506835938],[0,0,1]],[[0.98678797,-0.01691684,-0.16117808,0.19],[-0.00688412,0.98926669,-0.14597809,-0.24],[0.16191708,0.14515823,0.97607499,-0.25]]]
[[[1144.638671875,0,984.3290405273438],[0,1144.638671875,575.9369506835938],[0,0,1]],[[0.96407938,-0.01170472,-0.26538444,0.18],[-0.02877599,0.98855096,-0.14813641,-0.25],[0.26407889,0.15045114,0.95270002,-0.26]]]
[[[1144.638671875,0,984.3290405273438],[0,1144.638671875,575.9369506835938],[0,0,1]],[[0.94592148,-0.00880899,-0.32429928,0.17],[-0.04053136,0.98859274,-0.14507595,-0.25],[0.32187659,0.15037388,0.93476927,-0.28]]]
[[[1144.638671875,0,984.3290405273438],[0,1144.638671875,575.9369506835938],[0,0,1]],[[0.95153594,-0.00877543,-0.30743682,0.17],[-0.03799312,0.98858565,-0.14580926,-0.25],[0.30520597,0.15042235,0.94033659,-0.28]]]
[[[1144.638671875,0,984.3290405273438],[0,1144.638671875,575.9369506835938],[0,0,1]],[[0.97404432,-0.00940555,-0.22619553,0.17],[-0.0255546,0.98818582,-0.15113387,-0.25],[0.22494386,0.15299049,0.96229136,-0.27]]]
[[[1144.638671875,0,984.3290405273438],[0,1144.638671875,575.9369506835938],[0,0,1]],[[0.99888849,-0.01822546,-0.04364477,0.19],[0.01161683,0.98904997,-0.14714333,-0.24],[0.04584867,0.14647189,0.98815709,-0.25]]]
[[[1144.638671875,0,984.3290405273438],[0,1144.638671875,575.9369506835938],[0,0,1]],[[9.99786437e-01,-2.10148077e-02,-8.76106787e-04,2.00000000e-01],[2.06654500e-02,9.89209830e-01,-1.45061190e-01,-2.40000000e-01],[3.91536000e-03,1.45011250e-01,9.89427570e-01,-2.40000000e-01]]]
[[[1144.638671875,0,984.3290405273438],[0,1144.638671875,575.9369506835938],[0,0,1]],[[0.9992913,-0.02213074,0.03069795,0.21],[0.02636791,0.98903608,-0.14532126,-0.24],[-0.02714487,0.14602685,0.98891348,-0.24]]]
[[[1144.638671875,0,984.3290405273438],[0,1144.638671875,575.9369506835938],[0,0,1]],[[0.99202979,-0.02188991,-0.12414844,0.21],[0.00457932,0.99041903,-0.13803978,-0.22],[0.12598032,0.13637023,0.98262024,-0.24]]]
[[[1144.638671875,0,984.3290405273438],[0,1144.638671875,575.9369506835938],[0,0,1]],[[0.97525889,-0.01652656,-0.2204807,0.19],[-0.01483384,0.99006766,-0.13982773,-0.22],[0.22060083,0.13963798,0.96532208,-0.25]]]
[[[1144.638671875,0,984.3290405273438],[0,1144.638671875,575.9369506835938],[0,0,1]],[[0.96283901,-0.01378903,-0.26975173,0.19],[-0.02545252,0.98962319,-0.14143632,-0.23],[0.26890171,0.1430454,0.9524917,-0.27]]]
[[[1144.638671875,0,984.3290405273438],[0,1144.638671875,575.9369506835938],[0,0,1]],[[0.98099774,-0.01061822,-0.19376791,0.17],[-0.01971519,0.98788536,-0.15394826,-0.25],[0.19305435,0.15484206,0.96889865,-0.3]]]
[[[1144.638671875,0,984.3290405273438],[0,1144.638671875,575.9369506835938],[0,0,1]],[[0.99928671,-0.02272854,0.03041327,0.17],[0.02730578,0.98678553,-0.15973388,-0.26],[-0.02638044,0.16044934,0.98669696,-0.28]]]
[[[1144.638671875,0,984.3290405273438],[0,1144.638671875,575.9369506835938],[0,0,1]],[[0.99902278,-0.02257971,0.03820161,0.18],[0.02842701,0.98667681,-0.16020992,-0.26],[-0.0340747,0.16113819,0.98634905,-0.28]]]
[[[1144.638671875,0,984.3290405273438],[0,1144.638671875,575.9369506835938],[0,0,1]],[[0.99882847,-0.02379239,0.04232476,0.18],[0.03022145,0.98691308,-0.1584167,-0.26],[-0.03800126,0.15950909,0.98647034,-0.28]]]
[[[1144.638671875,0,984.3290405273438],[0,1144.638671875,575.9369506835938],[0,0,1]],[[0.99289209,-0.0201688,-0.11736497,0.18],[0.00146755,0.98755413,-0.15729347,-0.25],[0.11907627,0.15600203,0.98055857,-0.29]]]
[[[1144.638671875,0,984.3290405273438],[0,1144.638671875,575.9369506835938],[0,0,1]],[[0.98936021,-0.01682443,-0.14456676,0.17],[-0.00670686,0.98697376,-0.16076209,-0.26],[0.14538772,0.16001998,0.97635394,-0.3]]]
[[[1144.638671875,0,984.3290405273438],[0,1144.638671875,575.9369506835938],[0,0,1]],[[0.98936218,-0.01685827,-0.14455023,0.17],[-0.00667347,0.9869706,-0.1607828,-0.26],[0.14537676,0.16003586,0.97635281,-0.3]]]
[[[1144.638671875,0,984.3290405273438],[0,1144.638671875,575.9369506835938],[0,0,1]],[[0.98936802,-0.01690977,-0.14450501,0.17],[-0.00660489,0.98698181,-0.16071691,-0.26],[0.14534087,0.15996139,0.97637039,-0.3]]]
[[[1144.638671875,0,984.3290405273438],[0,1144.638671875,575.9369506835938],[0,0,1]],[[0.98933399,-0.0167483,-0.14475726,0.17],[-0.00678136,0.98700881,-0.16054359,-0.26],[0.14556487,0.15981165,0.97636151,-0.3]]]
[[[1144.638671875,0,984.3290405273438],[0,1144.638671875,575.9369506835938],[0,0,1]],[[0.98934096,-0.01675055,-0.1447092,0.17],[-0.00679524,0.98698252,-0.16070445,-0.26],[0.14551669,0.15997358,0.9763422,-0.3]]]
[[[1144.638671875,0,984.3290405273438],[0,1144.638671875,575.9369506835938],[0,0,1]],[[0.98939621,-0.01688726,-0.14431602,0.17],[-0.0066223,0.9869535,-0.16089082,-0.26],[0.14514953,0.16013916,0.97636986,-0.3]]]
