[[[1465.2923583984375,0,1136.9453125],[0,1465.2923583984375,669.1659545898438],[0,0,1]],[[9.99968469e-01,0.00000000e+00,9.05473333e-05,0.00000000e+00],[-7.94056191e-03,9.99708444e-01,2.28029536e-02,0.00000000e+00],[9.05473333e-05,-2.28029536e-02,9.99739975e-01,0.00000000e+00]]]
[[[1465.2923583984375,0,1136.9453125],[0,1465.2923583984375,669.1659545898438],[0,0,1]],[[9.99963343e-01,0.00000000e+00,1.01390558e-04,-0.00000000e+00],[-8.56166442e-03,9.99682903e-01,2.36810223e-02,-0.00000000e+00],[1.01390558e-04,-2.36810223e-02,9.99719560e-01,-0.00000000e+00]]]
[[[1465.2923583984375,0,1136.9453125],[0,1465.2923583984375,669.1659545898438],[0,0,1]],[[9.99959826e-01,0.00000000e+00,1.06873299e-04,-0.00000000e+00],[-8.96292481e-03,9.99675512e-01,2.38439934e-02,-0.00000000e+00],[1.06873299e-04,-2.38439934e-02,9.99715686e-01,-0.00000000e+00]]]
[[[1465.2923583984375,0,1136.9453125],[0,1465.2923583984375,669.1659545898438],[0,0,1]],[[9.99959826e-01,0.00000000e+00,9.97340117e-05,-0.00000000e+00],[-8.96300708e-03,9.99712229e-01,2.22513853e-02,-0.00000000e+00],[9.97340117e-05,-2.22513853e-02,9.99752402e-01,-0.00000000e+00]]]
[[[1465.2923583984375,0,1136.9453125],[0,1465.2923583984375,669.1659545898438],[0,0,1]],[[9.99960124e-01,0.00000000e+00,1.03355557e-04,0.00000000e+00],[-8.92965509e-03,9.99692231e-01,2.31452729e-02,-0.00000000e+00],[1.03355557e-04,-2.31452729e-02,9.99732107e-01,-0.00000000e+00]]]
[[[1465.2923583984375,0,1136.9453125],[0,1465.2923583984375,669.1659545898438],[0,0,1]],[[9.99956131e-01,0.00000000e+00,1.27479273e-04,1.00000000e-02],[-9.36588841e-03,9.99585688e-01,2.72163957e-02,-1.00000000e-02],[1.27479273e-04,-2.72163957e-02,9.99629557e-01,-1.40000000e-01]]]
[[[1465.2923583984375,0,1136.9453125],[0,1465.2923583984375,669.1659545898438],[0,0,1]],[[9.99937713e-01,3.69900682e-05,-3.61573085e-03,1.00000000e-02],[-1.04455574e-02,9.99491692e-01,3.01205706e-02,-1.00000000e-02],[3.93194153e-03,-3.00809262e-02,9.99539733e-01,-1.40000000e-01]]]
[[[1465.2923583984375,0,1136.9453125],[0,1465.2923583984375,669.1659545898438],[0,0,1]],[[0.97245389,0.0014708,-0.23251454,-0.],[-0.01034211,0.99956998,0.02743886,-0.06],[0.23286577,-0.02427834,0.97220579,-0.11]]]
[[[1465.2923583984375,0,1136.9453125],[0,1465.2923583984375,669.1659545898438],[0,0,1]],[[0.88774809,-0.00156381,-0.45992711,-0.03],[-0.01421783,0.99979535,0.01439154,-0.06],[0.46010995,-0.0062369,0.88784003,-0.12]]]
[[[1465.2923583984375,0,1136.9453125],[0,1465.2923583984375,669.1659545898438],[0,0,1]],[[0.88042501,-0.00168636,-0.47341295,-0.02],[-0.01886184,0.99957901,0.02204607,-0.06],[0.4738101,-0.01048047,0.88056467,-0.13]]]
[[[1465.2923583984375,0,1136.9453125],[0,1465.2923583984375,669.1659545898438],[0,0,1]],[[0.88813079,-0.00140764,-0.45876814,-0.02],[-0.0190005,0.99955249,0.0231042,-0.06],[0.45919789,-0.01180273,0.8882556,-0.13]]]
[[[1465.2923583984375,0,1136.9453125],[0,1465.2923583984375,669.1659545898438],[0,0,1]],[[9.27241326e-01,-6.56269072e-04,-3.73545962e-01,-3.00000000e-02],[-1.87932326e-02,9.99547601e-01,2.34820818e-02,-6.00000000e-02],[3.73992420e-01,-1.47534200e-02,9.27314401e-01,-1.40000000e-01]]]
[[[1465.2923583984375,0,1136.9453125],[0,1465.2923583984375,669.1659545898438],[0,0,1]],[[9.94811028e-01,9.92788284e-04,-1.00872003e-01,-4.00000000e-02],[-1.00922154e-02,9.99441355e-01,3.18610162e-02,-1.00000000e-01],[1.01238165e-01,-3.06776684e-02,9.94389117e-01,-1.70000000e-01]]]
[[[1465.2923583984375,0,1136.9453125],[0,1465.2923583984375,669.1659545898438],[0,0,1]],[[0.98051319,-0.00279466,0.19645327,-0.04],[-0.00610822,0.99950415,0.03088925,-0.1],[-0.19635831,-0.0314873,0.98002651,-0.17]]]
[[[1465.2923583984375,0,1136.9453125],[0,1465.2923583984375,669.1659545898438],[0,0,1]],[[0.94538682,-0.00356127,0.32594529,-0.04],[-0.00596307,0.99971846,0.02296623,-0.12],[-0.32589598,-0.0236556,0.94510963,-0.13]]]
[[[1465.2923583984375,0,1136.9453125],[0,1465.2923583984375,669.1659545898438],[0,0,1]],[[0.94524881,-0.00390696,0.32634718,-0.04],[-0.00730407,0.99964282,0.02570768,-0.12],[-0.32626881,-0.02668381,0.94490033,-0.13]]]
[[[1465.2923583984375,0,1136.9453125],[0,1465.2923583984375,669.1659545898438],[0,0,1]],[[0.94527745,-0.00525711,0.32620834,-0.04],[-0.00390885,0.99953079,0.03037954,-0.12],[-0.32624418,-0.02999219,0.94480962,-0.12]]]
[[[1465.2923583984375,0,1136.9453125],[0,1465.2923583984375,669.1659545898438],[0,0,1]],[[0.94529402,-0.00516504,0.32617868,-0.04],[-0.00516504,0.99951234,0.03079603,-0.12],[-0.32617868,-0.03079603,0.94480637,-0.12]]]
[[[1465.2923583984375,0,1136.9453125],[0,1465.2923583984375,669.1659545898438],[0,0,1]],[[0.94529172,-0.00516957,0.32618527,-0.04],[-0.00516957,0.99951151,0.03082234,-0.12],[-0.32618527,-0.03082234,0.94480323,-0.12]]]
[[[1465.2923583984375,0,1136.9453125],[0,1465.2923583984375,669.1659545898438],[0,0,1]],[[0.94630886,-0.00480581,0.32324523,-0.04],[-0.00666851,0.99951971,0.03026365,-0.12],[-0.3231951,-0.03079433,0.94583118,-0.12]]]
[[[1465.2923583984375,0,1136.9453125],[0,1465.2923583984375,669.1659545898438],[0,0,1]],[[0.99316296,0.0012197,-0.116258,-0.04],[-0.00708544,0.99951822,0.03021809,-0.12],[0.11652095,-0.02918775,0.99275926,-0.12]]]
[[[1465.2923583984375,0,1136.9453125],[0,1465.2923583984375,669.1659545898438],[0,0,1]],[[0.93043447,0.00169378,-0.36612099,-0.04],[-0.0078583,0.99970567,0.02295247,-0.12],[0.36637404,-0.01847868,0.93028415,-0.12]]]
[[[1465.2923583984375,0,1136.9453125],[0,1465.2923583984375,669.1659545898438],[0,0,1]],[[8.76696226e-01,-2.94695693e-04,-4.80753144e-01,-4.00000000e-02],[-1.03791341e-02,9.99819994e-01,1.58824826e-02,-1.20000000e-01],[4.80932445e-01,-8.93431164e-03,8.76712141e-01,-1.40000000e-01]]]
[[[1465.2923583984375,0,1136.9453125],[0,1465.2923583984375,669.1659545898438],[0,0,1]],[[0.88013634,-0.00222078,-0.47404179,-0.04],[-0.01870577,0.99964824,0.01880117,-0.12],[0.47435232,-0.00768028,0.8803016,-0.14]]]
[[[1465.2923583984375,0,1136.9453125],[0,1465.2923583984375,669.1659545898438],[0,0,1]],[[0.8857406,-0.00303678,-0.46341725,-0.04],[-0.02098285,0.99963027,0.01729273,-0.12],[0.46370606,-0.00559306,0.88597145,-0.14]]]
[[[1465.2923583984375,0,1136.9453125],[0,1465.2923583984375,669.1659545898438],[0,0,1]],[[0.89219413,-0.00304159,-0.45092902,-0.04],[-0.02062392,0.99966198,0.01582958,-0.12],[0.451181,-0.00482314,0.89241943,-0.14]]]
[[[1465.2923583984375,0,1136.9453125],[0,1465.2923583984375,669.1659545898438],[0,0,1]],[[0.93940139,-0.00124605,-0.34203563,-0.02],[-0.01833512,0.99968135,0.01734978,-0.13],[0.34232856,-0.01002714,0.9395268,-0.25]]]
[[[1465.2923583984375,0,1136.9453125],[0,1465.2923583984375,669.1659545898438],[0,0,1]],[[9.99520600e-01,-2.17572785e-04,2.99695125e-02,-1.00000000e-01],[-8.44922091e-03,9.99710053e-01,2.25481754e-02,-1.60000000e-01],[-2.97855860e-02,-2.27905848e-02,9.99296457e-01,-1.60000000e-01]]]
[[[1465.2923583984375,0,1136.9453125],[0,1465.2923583984375,669.1659545898438],[0,0,1]],[[0.957104,-0.00333068,0.28971979,-0.1],[-0.00271073,0.99975351,0.02203591,-0.16],[-0.28973191,-0.02187601,0.9568578,-0.15]]]
[[[1465.2923583984375,0,1136.9453125],[0,1465.2923583984375,669.1659545898438],[0,0,1]],[[0.93218148,-0.00337748,0.36197554,-0.1],[-0.00337748,0.9998318,0.01802701,-0.16],[-0.36197554,-0.01802701,0.93201327,-0.16]]]
[[[1465.2923583984375,0,1136.9453125],[0,1465.2923583984375,669.1659545898438],[0,0,1]],[[0.93224416,-0.0049135,0.36179647,-0.1],[-0.0049135,0.99964368,0.02623669,-0.16],[-0.36179647,-0.02623669,0.93188784,-0.16]]]
[[[1465.2923583984375,0,1136.9453125],[0,1465.2923583984375,669.1659545898438],[0,0,1]],[[0.93224418,-0.00648397,0.36175022,-0.1],[-0.0048725,0.99942625,0.03351773,-0.16],[-0.36179696,-0.03300933,0.93167233,-0.16]]]
[[[1465.2923583984375,0,1136.9453125],[0,1465.2923583984375,669.1659545898438],[0,0,1]],[[0.93226937,-0.00667683,0.36167837,-0.1],[-0.00487521,0.99939543,0.03442392,-0.15],[-0.36173201,-0.03385563,0.93166718,-0.16]]]
[[[1465.2923583984375,0,1136.9453125],[0,1465.2923583984375,669.1659545898438],[0,0,1]],[[9.99976307e-01,0.00000000e+00,9.80992437e-05,-1.50000000e-01],[-6.88298668e-03,9.99570131e-01,2.84987214e-02,-1.50000000e-01],[9.80992437e-05,-2.84987214e-02,9.99593824e-01,-2.50000000e-01]]]
[[[1465.2923583984375,0,1136.9453125],[0,1465.2923583984375,669.1659545898438],[0,0,1]],[[0.97886887,0.0016993,-0.20403892,-0.15],[-0.00794154,0.99956721,0.02832531,-0.15],[0.20433468,-0.02610638,0.97855291,-0.26]]]
[[[1465.2923583984375,0,1136.9453125],[0,1465.2923583984375,669.1659545898438],[0,0,1]],[[0.93446269,0.00237682,-0.35543025,-0.16],[-0.01058866,0.99944028,0.03173329,-0.15],[0.35590359,-0.02589005,0.93416398,-0.26]]]
[[[1465.2923583984375,0,1136.9453125],[0,1465.2923583984375,669.1659545898438],[0,0,1]],[[0.93305352,0.00116715,-0.3590266,-0.16],[-0.01355078,0.99952394,0.02771776,-0.15],[0.35948227,-0.02099706,0.93291565,-0.26]]]
[[[1465.2923583984375,0,1136.9453125],[0,1465.2923583984375,669.1659545898438],[0,0,1]],[[9.39359723e-01,3.58791170e-04,-3.42075924e-01,-1.60000000e-01],[-1.63531421e-02,9.99530524e-01,2.59095801e-02,-1.50000000e-01],[3.42543270e-01,-1.87444002e-02,9.39315050e-01,-2.60000000e-01]]]
[[[1465.2923583984375,0,1136.9453125],[0,1465.2923583984375,669.1659545898438],[0,0,1]],[[9.39812366e-01,-6.35844034e-04,-3.41011182e-01,-1.60000000e-01],[-1.61797078e-02,9.99696761e-01,1.85634679e-02,-1.50000000e-01],[3.41307682e-01,-1.19287155e-02,9.39875934e-01,-2.60000000e-01]]]
[[[1465.2923583984375,0,1136.9453125],[0,1465.2923583984375,669.1659545898438],[0,0,1]],[[9.52449381e-01,-5.41060142e-04,-3.03979564e-01,-1.60000000e-01],[-1.61987587e-02,9.99707431e-01,1.79625556e-02,-1.50000000e-01],[3.04265954e-01,-1.21843330e-02,9.52509195e-01,-2.60000000e-01]]]
[[[1465.2923583984375,0,1136.9453125],[0,1465.2923583984375,669.1659545898438],[0,0,1]],[[0.99386048,-0.00118665,0.11059518,0.07],[-0.00605424,0.99964988,0.0257577,-0.14],[-0.11047482,-0.02626913,0.9935317,-0.42]]]
[[[1465.2923583984375,0,1136.9453125],[0,1465.2923583984375,669.1659545898438],[0,0,1]],[[0.91184252,-0.00606089,0.41044494,0.07],[-0.00176046,0.99967471,0.02544366,-0.14],[-0.41053637,-0.02392318,0.91153034,-0.41]]]
[[[1465.2923583984375,0,1136.9453125],[0,1465.2923583984375,669.1659545898438],[0,0,1]],[[0.91385397,-0.00585371,0.40598218,0.07],[-0.00404596,0.99964291,0.02641374,-0.14],[-0.40602286,-0.02578089,0.9134992,-0.4]]]
[[[1465.2923583984375,0,1136.9453125],[0,1465.2923583984375,669.1659545898438],[0,0,1]],[[0.94479036,-0.00442567,0.32764551,0.07],[-0.00442567,0.99964523,0.02626445,-0.14],[-0.32764551,-0.02626445,0.9444356,-0.4]]]
[[[1465.2923583984375,0,1136.9453125],[0,1465.2923583984375,669.1659545898438],[0,0,1]],[[0.94476727,-0.00454077,0.32771053,0.07],[-0.00454077,0.9996267,0.0269416,-0.13],[-0.32771053,-0.0269416,0.94439396,-0.4]]]
[[[1465.2923583984375,0,1136.9453125],[0,1465.2923583984375,669.1659545898438],[0,0,1]],[[0.94474197,-0.00478615,0.32777997,0.07],[-0.00478615,0.99958545,0.02839052,-0.13],[-0.32777997,-0.02839052,0.94432742,-0.4]]]
[[[1465.2923583984375,0,1136.9453125],[0,1465.2923583984375,669.1659545898438],[0,0,1]],[[0.95160747,-0.00372458,0.30731269,0.07],[-0.00683275,0.99964082,0.02591408,-0.14],[-0.3072402,-0.02675983,0.95125568,-0.41]]]
[[[1465.2923583984375,0,1136.9453125],[0,1465.2923583984375,669.1659545898438],[0,0,1]],[[0.98484296,-0.00152539,0.17339719,0.07],[-0.00836503,0.99969569,0.02320682,-0.13],[-0.17324659,-0.02430555,0.98457852,-0.41]]]
[[[1465.2923583984375,0,1136.9453125],[0,1465.2923583984375,669.1659545898438],[0,0,1]],[[0.98887175,-0.00138551,0.14867927,0.08],[-0.00904462,0.99964312,0.02513629,-0.14],[-0.14849528,-0.02620131,0.98856595,-0.41]]]
[[[1465.2923583984375,0,1136.9453125],[0,1465.2923583984375,669.1659545898438],[0,0,1]],[[9.99889910e-01,1.53037908e-04,-1.18332285e-02,8.00000000e-02],[-8.54128854e-03,9.99373972e-01,3.43323430e-02,-1.40000000e-01],[1.21331711e-02,-3.42274923e-02,9.99340415e-01,-4.10000000e-01]]]
[[[1465.2923583984375,0,1136.9453125],[0,1465.2923583984375,669.1659545898438],[0,0,1]],[[0.9847219,0.00160261,-0.17327172,0.08],[-0.01157995,0.99935353,0.03403573,-0.14],[0.17374892,-0.03150925,0.98428577,-0.42]]]
[[[1465.2923583984375,0,1136.9453125],[0,1465.2923583984375,669.1659545898438],[0,0,1]],[[9.50859489e-01,-2.06891417e-04,-3.09139276e-01,6.00000000e-02],[-1.29197480e-02,9.99785334e-01,1.61977263e-02,-1.40000000e-01],[3.09353069e-01,-1.14077607e-02,9.50878831e-01,-4.20000000e-01]]]
[[[1465.2923583984375,0,1136.9453125],[0,1465.2923583984375,669.1659545898438],[0,0,1]],[[9.29261293e-01,-6.37647266e-04,-3.68832887e-01,8.00000000e-02],[-1.52420730e-02,9.99718577e-01,1.81781921e-02,-1.40000000e-01],[3.69108549e-01,-1.12705122e-02,9.29317947e-01,-4.40000000e-01]]]
[[[1465.2923583984375,0,1136.9453125],[0,1465.2923583984375,669.1659545898438],[0,0,1]],[[9.29268093e-01,-7.15593434e-04,-3.68663697e-01,8.00000000e-02],[-1.70945437e-02,9.99646157e-01,2.03798263e-02,-1.40000000e-01],[3.69010279e-01,-1.26361845e-02,9.29339410e-01,-4.40000000e-01]]]
[[[1465.2923583984375,0,1136.9453125],[0,1465.2923583984375,669.1659545898438],[0,0,1]],[[9.29384922e-01,-8.57686370e-04,-3.68329550e-01,8.00000000e-02],[-1.77564024e-02,9.99634445e-01,2.03884066e-02,-1.40000000e-01],[3.68684655e-01,-1.24084699e-02,9.29471707e-01,-4.40000000e-01]]]
[[[1465.2923583984375,0,1136.9453125],[0,1465.2923583984375,669.1659545898438],[0,0,1]],[[9.61153565e-01,9.92412619e-05,-2.75051946e-01,8.00000000e-02],[-1.71839703e-02,9.99572963e-01,2.36347980e-02,-1.40000000e-01],[2.75478729e-01,-1.79901854e-02,9.61138813e-01,-4.40000000e-01]]]
[[[1465.2923583984375,0,1136.9453125],[0,1465.2923583984375,669.1659545898438],[0,0,1]],[[9.86608505e-01,8.12678938e-04,-1.62080025e-01,7.00000000e-02],[-1.40057442e-02,9.99526381e-01,2.74016764e-02,-1.40000000e-01],[1.62503838e-01,-2.47646755e-02,9.86397087e-01,-4.20000000e-01]]]
[[[1465.2923583984375,0,1136.9453125],[0,1465.2923583984375,669.1659545898438],[0,0,1]],[[9.99640286e-01,-1.53027496e-04,2.46046109e-02,5.00000000e-02],[-1.12473463e-02,9.99664634e-01,2.33262893e-02,-1.80000000e-01],[-2.43473991e-02,-2.35946351e-02,9.99425083e-01,-3.70000000e-01]]]
[[[1465.2923583984375,0,1136.9453125],[0,1465.2923583984375,669.1659545898438],[0,0,1]],[[0.97960234,-0.00150107,0.20092051,0.04],[-0.00725757,0.99978375,0.01948774,-0.16],[-0.20081481,-0.02054843,0.97941369,-0.34]]]
[[[1465.2923583984375,0,1136.9453125],[0,1465.2923583984375,669.1659545898438],[0,0,1]],[[0.95291206,-0.00237508,0.3032467,0.04],[-0.00532455,0.99983352,0.01745202,-0.16],[-0.30320003,-0.01824489,0.95275226,-0.34]]]
[[[1465.2923583984375,0,1136.9453125],[0,1465.2923583984375,669.1659545898438],[0,0,1]],[[9.41571204e-01,-2.34552254e-03,3.36793730e-01,4.00000000e-02],[-4.31060494e-04,9.99925822e-01,1.21722894e-02,-1.50000000e-01],[-3.36813711e-01,-1.16062557e-02,9.41499768e-01,-3.40000000e-01]]]
[[[1465.2923583984375,0,1136.9453125],[0,1465.2923583984375,669.1659545898438],[0,0,1]],[[9.36242792e-01,-3.80193269e-03,3.51298134e-01,4.00000000e-02],[-2.68700353e-04,9.99828756e-01,1.85036957e-02,-1.50000000e-01],[-3.51353621e-01,-1.74183457e-02,9.36080786e-01,-3.30000000e-01]]]
[[[1465.2923583984375,0,1136.9453125],[0,1465.2923583984375,669.1659545898438],[0,0,1]],[[0.93625433,-0.00484269,0.35126328,0.04],[-0.0024854,0.99968299,0.02505468,-0.15],[-0.35131418,-0.02433058,0.93594143,-0.33]]]
[[[1465.2923583984375,0,1136.9453125],[0,1465.2923583984375,669.1659545898438],[0,0,1]],[[0.93626622,-0.00568121,0.35122921,0.04],[-0.0043502,0.99952871,0.03038818,-0.15],[-0.35126434,-0.02997934,0.93579624,-0.33]]]
[[[1465.2923583984375,0,1136.9453125],[0,1465.2923583984375,669.1659545898438],[0,0,1]],[[0.96007812,-0.00403105,0.27972439,0.03],[-0.00665088,0.99952149,0.03020842,-0.15],[-0.27965294,-0.03086286,0.95960498,-0.35]]]
[[[1465.2923583984375,0,1136.9453125],[0,1465.2923583984375,669.1659545898438],[0,0,1]],[[0.98889986,-0.00176251,0.14855131,0.03],[-0.0074039,0.99956745,0.0284622,-0.15],[-0.14839896,-0.02924613,0.98849502,-0.35]]]
[[[1465.2923583984375,0,1136.9453125],[0,1465.2923583984375,669.1659545898438],[0,0,1]],[[9.99944270e-01,1.09490726e-04,-9.59014942e-03,3.00000000e-02],[-4.15403888e-03,9.99626875e-01,2.69973118e-02,-1.50000000e-01],[9.70574703e-03,-2.69559694e-02,9.99589503e-01,-3.40000000e-01]]]
[[[1465.2923583984375,0,1136.9453125],[0,1465.2923583984375,669.1659545898438],[0,0,1]],[[0.9814479,0.00158336,-0.191434,0.03],[-0.00586978,0.99965948,0.02542582,-0.16],[0.19163914,-0.02383044,0.98117611,-0.35]]]
[[[1465.2923583984375,0,1136.9453125],[0,1465.2923583984375,669.1659545898438],[0,0,1]],[[0.96348179,0.00139145,-0.2674763,0.04],[-0.0071437,0.99974465,0.02143816,-0.16],[0.26767855,-0.01874451,0.96332592,-0.37]]]
[[[1465.2923583984375,0,1136.9453125],[0,1465.2923583984375,669.1659545898438],[0,0,1]],[[9.63193745e-01,-5.40732127e-05,-2.68286788e-01,4.00000000e-02],[-1.28033120e-02,9.99783665e-01,1.63920261e-02,-1.60000000e-01],[2.68503044e-01,-1.23537376e-02,9.63199616e-01,-3.70000000e-01]]]
[[[1465.2923583984375,0,1136.9453125],[0,1465.2923583984375,669.1659545898438],[0,0,1]],[[9.66111181e-01,-2.00995028e-04,-2.57408376e-01,4.00000000e-02],[-1.51370621e-02,9.99725103e-01,1.79049441e-02,-1.60000000e-01],[2.57682075e-01,-1.34017599e-02,9.66136811e-01,-3.70000000e-01]]]
[[[1465.2923583984375,0,1136.9453125],[0,1465.2923583984375,669.1659545898438],[0,0,1]],[[9.68499601e-01,-7.86545906e-04,-2.48348668e-01,4.00000000e-02],[-1.55223584e-02,9.99798089e-01,1.27607641e-02,-1.60000000e-01],[2.48530849e-01,-8.50383814e-03,9.68586653e-01,-3.70000000e-01]]]
[[[1465.2923583984375,0,1136.9453125],[0,1465.2923583984375,669.1659545898438],[0,0,1]],[[9.84078558e-01,1.93998985e-04,-1.76892775e-01,4.00000000e-02],[-1.40862494e-02,9.99715418e-01,1.92525690e-02,-1.60000000e-01],[1.77174975e-01,-1.64542847e-02,9.84041811e-01,-3.70000000e-01]]]
[[[1465.2923583984375,0,1136.9453125],[0,1465.2923583984375,669.1659545898438],[0,0,1]],[[9.99792576e-01,-1.43839408e-04,1.86450889e-02,4.00000000e-02],[-8.63929484e-03,9.99678254e-01,2.38484970e-02,-1.60000000e-01],[-1.84436400e-02,-2.40046307e-02,9.99541700e-01,-3.70000000e-01]]]
[[[1465.2923583984375,0,1136.9453125],[0,1465.2923583984375,669.1659545898438],[0,0,1]],[[9.87850518e-01,-6.97734069e-04,1.55323883e-01,3.00000000e-02],[-7.45940735e-03,9.99863923e-01,1.47137201e-02,-1.10000000e-01],[-1.55227941e-01,-1.56935801e-02,9.87754018e-01,-3.40000000e-01]]]
[[[1465.2923583984375,0,1136.9453125],[0,1465.2923583984375,669.1659545898438],[0,0,1]],[[0.92345804,-0.0028833,0.38368444,0.03],[-0.0021235,0.99990049,0.01394635,-0.11],[-0.38369354,-0.01369363,0.92335895,-0.33]]]
[[[1465.2923583984375,0,1136.9453125],[0,1465.2923583984375,669.1659545898438],[0,0,1]],[[0.90846759,-0.00346381,0.4179377,0.03],[-0.00288239,0.99987659,0.01544343,-0.11],[-0.41794537,-0.01523451,0.90834442,-0.33]]]
[[[1465.2923583984375,0,1136.9453125],[0,1465.2923583984375,669.1659545898438],[0,0,1]],[[0.90850016,-0.00539686,0.41784965,0.03],[-0.00539686,0.99968168,0.02464568,-0.11],[-0.41784965,-0.02464568,0.90818184,-0.33]]]
[[[1465.2923583984375,0,1136.9453125],[0,1465.2923583984375,669.1659545898438],[0,0,1]],[[0.92141107,-0.00427549,0.38858232,0.03],[-0.00720918,0.99970749,0.02308596,-0.11],[-0.38852242,-0.02407302,0.92112476,-0.33]]]
[[[1465.2923583984375,0,1136.9453125],[0,1465.2923583984375,669.1659545898438],[0,0,1]],[[9.94431019e-01,-9.73859837e-04,1.05221412e-01,2.00000000e-02],[-8.66854028e-03,9.99639869e-01,2.53966397e-02,-1.10000000e-01],[-1.05032405e-01,-2.61673223e-02,9.94124472e-01,-3.30000000e-01]]]
[[[1465.2923583984375,0,1136.9453125],[0,1465.2923583984375,669.1659545898438],[0,0,1]],[[9.95170384e-01,9.65545857e-04,-9.74675303e-02,3.00000000e-02],[-8.73216584e-03,9.99498904e-01,3.04251649e-02,-1.10000000e-01],[9.77734868e-02,-2.94271204e-02,9.94773537e-01,-3.30000000e-01]]]
[[[1465.2923583984375,0,1136.9453125],[0,1465.2923583984375,669.1659545898438],[0,0,1]],[[0.97691018,0.00213706,-0.21278748,0.03],[-0.01159135,0.99925289,0.03686884,-0.11],[0.21333576,-0.03355105,0.97640267,-0.34]]]
[[[1465.2923583984375,0,1136.9453125],[0,1465.2923583984375,669.1659545898438],[0,0,1]],[[0.97689664,0.00115046,-0.21265616,0.03],[-0.01501593,0.99941432,0.03074946,-0.11],[0.21318413,-0.02684581,0.97664314,-0.34]]]
[[[1465.2923583984375,0,1136.9453125],[0,1465.2923583984375,669.1659545898438],[0,0,1]],[[0.97693688,0.00130695,-0.21267895,0.03],[-0.01296637,0.9994702,0.02985271,-0.11],[0.21313426,-0.02640654,0.976666,-0.34]]]
[[[1465.2923583984375,0,1136.9453125],[0,1465.2923583984375,669.1659545898438],[0,0,1]],[[0.97694534,0.00114788,-0.21268737,0.03],[-0.0128219,0.9995257,0.02799968,-0.11],[0.21310421,-0.0246271,0.97671905,-0.34]]]
[[[1465.2923583984375,0,1136.9453125],[0,1465.2923583984375,669.1659545898438],[0,0,1]],[[0.98515654,0.00131828,-0.17106767,0.03],[-0.00954138,0.99955702,0.02819094,-0.12],[0.171393,-0.02614027,0.98485589,-0.33]]]
[[[1465.2923583984375,0,1136.9453125],[0,1465.2923583984375,669.1659545898438],[0,0,1]],[[0.97907418,-0.00174875,0.20345931,0.02],[-0.00912182,0.99969354,0.02301332,-0.11],[-0.20329915,-0.02438767,0.9788129,-0.33]]]
[[[1465.2923583984375,0,1136.9453125],[0,1465.2923583984375,669.1659545898438],[0,0,1]],[[0.90415565,-0.00450258,0.42718496,0.01],[-0.00537752,0.99977288,0.02062226,-0.11],[-0.42716936,-0.02094293,0.90392906,-0.35]]]
[[[1465.2923583984375,0,1136.9453125],[0,1465.2923583984375,669.1659545898438],[0,0,1]],[[0.8871018,-0.00362911,0.46155502,0.01],[-0.00274366,0.99989399,0.01429947,-0.11],[-0.46156567,-0.01395144,0.88699633,-0.33]]]
[[[1465.2923583984375,0,1136.9453125],[0,1465.2923583984375,669.1659545898438],[0,0,1]],[[0.88716337,-0.00563216,0.46142113,0.01],[-0.00563216,0.99971887,0.02303151,-0.11],[-0.46142113,-0.02303151,0.88688224,-0.33]]]
[[[1465.2923583984375,0,1136.9453125],[0,1465.2923583984375,669.1659545898438],[0,0,1]],[[0.89207169,-0.00460872,0.45188241,0.01],[-0.00686821,0.99976248,0.02068382,-0.11],[-0.45184169,-0.02155507,0.89183768,-0.33]]]
[[[1465.2923583984375,0,1136.9453125],[0,1465.2923583984375,669.1659545898438],[0,0,1]],[[0.94127536,-0.00242747,0.33763572,0.],[-0.0082619,0.99980271,0.01806335,-0.11],[-0.33753879,-0.0197921,0.94110352,-0.34]]]
[[[1465.2923583984375,0,1136.9453125],[0,1465.2923583984375,669.1659545898438],[0,0,1]],[[0.98618758,-0.00135304,0.16557644,0.],[-0.00803614,0.99972808,0.02189017,-0.11],[-0.16543725,-0.0229184,0.98595399,-0.34]]]
[[[1465.2923583984375,0,1136.9453125],[0,1465.2923583984375,669.1659545898438],[0,0,1]],[[0.99225631,0.00115493,-0.12358102,0.01],[-0.00882373,0.99951419,0.02989182,-0.15],[0.1238933,-0.02856991,0.99188417,-0.33]]]
[[[1465.2923583984375,0,1136.9453125],[0,1465.2923583984375,669.1659545898438],[0,0,1]],[[0.97073844,0.00111104,-0.23941662,0.01],[-0.01259825,0.99956566,0.02664158,-0.15],[0.23980859,-0.02284577,0.97055134,-0.33]]]
[[[1465.2923583984375,0,1136.9453125],[0,1465.2923583984375,669.1659545898438],[0,0,1]],[[9.70722407e-01,1.51971065e-04,-2.39307851e-01,1.00000000e-02],[-1.59667719e-02,9.99634206e-01,2.18292428e-02,-1.50000000e-01],[2.39672851e-01,-1.73691615e-02,9.70698326e-01,-3.30000000e-01]]]
[[[1465.2923583984375,0,1136.9453125],[0,1465.2923583984375,669.1659545898438],[0,0,1]],[[9.70693708e-01,-6.72695654e-04,-2.39277711e-01,1.00000000e-02],[-1.87134256e-02,9.99671817e-01,1.74947518e-02,-1.50000000e-01],[2.39590339e-01,-1.25043396e-02,9.70793545e-01,-3.20000000e-01]]]
[[[1465.2923583984375,0,1136.9453125],[0,1465.2923583984375,669.1659545898438],[0,0,1]],[[9.70768212e-01,-4.99555124e-04,-2.39204429e-01,1.00000000e-02],[-1.63682735e-02,9.99735713e-01,1.61426071e-02,-1.50000000e-01],[2.39460130e-01,-1.17553661e-02,9.70835029e-01,-3.20000000e-01]]]
[[[1465.2923583984375,0,1136.9453125],[0,1465.2923583984375,669.1659545898438],[0,0,1]],[[9.96637344e-01,-6.76246330e-04,8.15013626e-02,-4.00000000e-02],[-1.05864409e-02,9.99613047e-01,2.57232236e-02,-1.40000000e-01],[-8.12522677e-02,-2.64995347e-02,9.96341228e-01,-2.00000000e-01]]]
[[[1465.2923583984375,0,1136.9453125],[0,1465.2923583984375,669.1659545898438],[0,0,1]],[[0.96149147,-0.00238545,0.27483013,-0.05],[-0.00766587,0.9997499,0.0210089,-0.13],[-0.27472784,-0.02230669,0.96126324,-0.19]]]
[[[1465.2923583984375,0,1136.9453125],[0,1465.2923583984375,669.1659545898438],[0,0,1]],[[0.91350019,-0.00275347,0.40683257,-0.02],[-0.00366917,0.99990153,0.01354479,-0.17],[-0.40682175,-0.0138659,0.91340232,-0.2]]]
[[[1465.2923583984375,0,1136.9453125],[0,1465.2923583984375,669.1659545898438],[0,0,1]],[[0.90248367,-0.00315954,0.4307187,-0.02],[-0.00475897,0.99987671,0.014964,-0.18],[-0.43069777,-0.01555455,0.90236216,-0.21]]]
[[[1465.2923583984375,0,1136.9453125],[0,1465.2923583984375,669.1659545898438],[0,0,1]],[[0.90495458,-0.00482352,0.42548919,-0.02],[-0.00609403,0.99973053,0.02239945,-0.18],[-0.42546451,-0.02286343,0.90468624,-0.21]]]
[[[1465.2923583984375,0,1136.9453125],[0,1465.2923583984375,669.1659545898438],[0,0,1]],[[0.9205617,-0.00334844,0.3905967,-0.02],[-0.00747032,0.9997879,0.01919259,-0.18],[-0.39052575,-0.02058585,0.92036181,-0.21]]]
[[[1465.2923583984375,0,1136.9453125],[0,1465.2923583984375,669.1659545898438],[0,0,1]],[[0.95661595,-0.00195893,0.29133396,-0.02],[-0.00896609,0.99979144,0.01834882,-0.18],[-0.2912139,-0.0201649,0.95644542,-0.22]]]
[[[1465.2923583984375,0,1136.9453125],[0,1465.2923583984375,669.1659545898438],[0,0,1]],[[9.90601600e-01,-8.00854788e-04,1.36618474e-01,-2.00000000e-02],[-9.31822518e-03,9.99774188e-01,1.90982755e-02,-1.80000000e-01],[-1.36461136e-01,-2.01918239e-02,9.90439624e-01,-2.30000000e-01]]]
[[[1465.2923583984375,0,1136.9453125],[0,1465.2923583984375,669.1659545898438],[0,0,1]],[[9.90758151e-01,7.04394526e-04,-1.34948384e-01,-2.00000000e-02],[-1.06244302e-02,9.99670714e-01,2.33577563e-02,-1.80000000e-01],[1.35223548e-01,-2.17081378e-02,9.90577281e-01,-2.30000000e-01]]]
[[[1465.2923583984375,0,1136.9453125],[0,1465.2923583984375,669.1659545898438],[0,0,1]],[[9.89856064e-01,5.38691337e-04,-1.40763713e-01,-2.00000000e-02],[-1.56959529e-02,9.99530524e-01,2.63128971e-02,-1.80000000e-01],[1.41204143e-01,-2.38365601e-02,9.89693492e-01,-2.30000000e-01]]]
[[[1465.2923583984375,0,1136.9453125],[0,1465.2923583984375,669.1659545898438],[0,0,1]],[[9.83846932e-01,2.37050876e-04,-1.78003173e-01,-2.00000000e-02],[-1.54128729e-02,9.99652654e-01,2.13779040e-02,-1.80000000e-01],[1.78347008e-01,-1.82890447e-02,9.83797669e-01,-2.30000000e-01]]]
[[[1465.2923583984375,0,1136.9453125],[0,1465.2923583984375,669.1659545898438],[0,0,1]],[[9.72142458e-01,4.36559586e-04,-2.33350435e-01,-2.00000000e-02],[-1.66061328e-02,9.99541759e-01,2.53082476e-02,-1.80000000e-01],[2.33801788e-01,-2.07281736e-02,9.72063303e-01,-2.20000000e-01]]]
[[[1465.2923583984375,0,1136.9453125],[0,1465.2923583984375,669.1659545898438],[0,0,1]],[[9.73840474e-01,7.14685488e-04,-2.26189832e-01,-2.00000000e-02],[-1.59873446e-02,9.99500513e-01,2.72603953e-02,-1.80000000e-01],[2.26669658e-01,-2.29311013e-02,9.73701714e-01,-2.20000000e-01]]]
[[[1465.2923583984375,0,1136.9453125],[0,1465.2923583984375,669.1659545898438],[0,0,1]],[[9.97116476e-01,-6.54715146e-04,7.53338157e-02,-2.00000000e-02],[-1.12165420e-02,9.99567598e-01,2.71809860e-02,-1.70000000e-01],[-7.50527933e-02,-2.79475939e-02,9.96787846e-01,-1.90000000e-01]]]
[[[1465.2923583984375,0,1136.9453125],[0,1465.2923583984375,669.1659545898438],[0,0,1]],[[0.95022225,-0.00214323,0.31156014,-0.02],[-0.00899153,0.99979067,0.01837856,-0.17],[-0.31144312,-0.02026512,0.95004869,-0.18]]]
[[[1465.2923583984375,0,1136.9453125],[0,1465.2923583984375,669.1659545898438],[0,0,1]],[[0.91970221,-0.00201301,0.392613,-0.02],[-0.00762908,0.99987906,0.01355205,-0.17],[-0.39254254,-0.01545913,0.91960392,-0.18]]]
[[[1465.2923583984375,0,1136.9453125],[0,1465.2923583984375,669.1659545898438],[0,0,1]],[[0.9210301,-0.00368612,0.38949117,-0.02],[-0.00987135,0.99970302,0.02228067,-0.17],[-0.38936628,-0.02436598,0.92076066,-0.18]]]
[[[1465.2923583984375,0,1136.9453125],[0,1465.2923583984375,669.1659545898438],[0,0,1]],[[0.93039242,-0.00335052,0.36656503,-0.02],[-0.00851901,0.99973974,0.02116332,-0.17],[-0.36646607,-0.02281296,0.9301517,-0.19]]]
[[[1465.2923583984375,0,1136.9453125],[0,1465.2923583984375,669.1659545898438],[0,0,1]],[[0.96494505,-0.00239757,0.26243123,-0.01],[-0.00985388,0.99967164,0.02365412,-0.18],[-0.26226695,-0.02541089,0.96466074,-0.21]]]
[[[1465.2923583984375,0,1136.9453125],[0,1465.2923583984375,669.1659545898438],[0,0,1]],[[9.99215871e-01,-3.26040518e-04,3.85116131e-02,-0.00000000e+00],[-1.02170905e-02,9.99596655e-01,2.64978785e-02,-1.80000000e-01],[-3.82525029e-02,-2.68705774e-02,9.98906761e-01,-2.10000000e-01]]]
[[[1465.2923583984375,0,1136.9453125],[0,1465.2923583984375,669.1659545898438],[0,0,1]],[[0.96603569,0.00134556,-0.25766559,-0.],[-0.0126616,0.99951378,0.02849381,-0.18],[0.2580983,-0.02426358,0.96581393,-0.21]]]
[[[1465.2923583984375,0,1136.9453125],[0,1465.2923583984375,669.1659545898438],[0,0,1]],[[0.9568904,0.00108068,-0.28958211,-0.01],[-0.01475718,0.99948081,0.02864138,-0.18],[0.29007409,-0.02313325,0.95672455,-0.21]]]
[[[1465.2923583984375,0,1136.9453125],[0,1465.2923583984375,669.1659545898438],[0,0,1]],[[9.56898182e-01,2.39355434e-04,-2.89545365e-01,-1.00000000e-02],[-1.63298605e-02,9.99579877e-01,2.39458949e-02,-1.80000000e-01],[2.89964153e-01,-1.81855482e-02,9.56864714e-01,-2.10000000e-01]]]
[[[1465.2923583984375,0,1136.9453125],[0,1465.2923583984375,669.1659545898438],[0,0,1]],[[9.56924256e-01,2.80323418e-04,-2.89574835e-01,-0.00000000e+00],[-1.51188161e-02,9.99629229e-01,2.26456468e-02,-1.80000000e-01],[2.89943774e-01,-1.72921403e-02,9.56887451e-01,-2.10000000e-01]]]
[[[1465.2923583984375,0,1136.9453125],[0,1465.2923583984375,669.1659545898438],[0,0,1]],[[9.63526370e-01,4.71998865e-04,-2.66763880e-01,-1.00000000e-02],[-1.53746159e-02,9.99586344e-01,2.43056074e-02,-1.80000000e-01],[2.67171399e-01,-1.93177016e-02,9.63455381e-01,-2.10000000e-01]]]
[[[1465.2923583984375,0,1136.9453125],[0,1465.2923583984375,669.1659545898438],[0,0,1]],[[9.99920309e-01,5.67064605e-05,-6.76193319e-03,-5.00000000e-02],[-1.04744100e-02,9.99579847e-01,2.70262200e-02,-2.30000000e-01],[7.04721336e-03,-2.69532389e-02,9.99611855e-01,-1.20000000e-01]]]
[[[1465.2923583984375,0,1136.9453125],[0,1465.2923583984375,669.1659545898438],[0,0,1]],[[0.9509466,-0.00323363,0.30934826,-0.05],[-0.00486249,0.99975541,0.02157479,-0.23],[-0.30931684,-0.02202068,0.95070404,-0.11]]]
[[[1465.2923583984375,0,1136.9453125],[0,1465.2923583984375,669.1659545898438],[0,0,1]],[[0.92119316,-0.00303111,0.38909523,-0.05],[-0.00331884,0.99987963,0.01515632,-0.23],[-0.38909144,-0.01525324,0.92107285,-0.11]]]
[[[1465.2923583984375,0,1136.9453125],[0,1465.2923583984375,669.1659545898438],[0,0,1]],[[0.91936279,-0.00415505,0.39338887,-0.05],[-0.00415505,0.9997859,0.02027041,-0.22],[-0.39338887,-0.02027041,0.91914869,-0.11]]]
[[[1465.2923583984375,0,1136.9453125],[0,1465.2923583984375,669.1659545898438],[0,0,1]],[[0.91937346,-0.00587609,0.39334676,-0.05],[-0.0063752,0.99955919,0.02899612,-0.22],[-0.39333421,-0.02916592,0.91893283,-0.11]]]
[[[1465.2923583984375,0,1136.9453125],[0,1465.2923583984375,669.1659545898438],[0,0,1]],[[0.96465769,-0.00273096,0.26350624,-0.05],[-0.00635065,0.99971241,0.02312512,-0.22],[-0.26342971,-0.02398127,0.96438047,-0.11]]]
[[[1465.2923583984375,0,1136.9453125],[0,1465.2923583984375,669.1659545898438],[0,0,1]],[[9.98153001e-01,5.77546914e-04,-6.01601379e-02,-5.00000000e-02],[-6.83063249e-03,9.99611676e-01,2.70155539e-02,-2.20000000e-01],[6.03649646e-02,-2.65547244e-02,9.97823089e-01,-1.10000000e-01]]]
[[[1465.2923583984375,0,1136.9453125],[0,1465.2923583984375,669.1659545898438],[0,0,1]],[[0.97379038,0.00203256,-0.22712716,-0.05],[-0.00592743,0.99959919,0.02768263,-0.27],[0.2273701,-0.02561079,0.97347158,-0.11]]]
[[[1465.2923583984375,0,1136.9453125],[0,1465.2923583984375,669.1659545898438],[0,0,1]],[[0.98457095,0.00167262,-0.17448434,-0.05],[-0.00802189,0.99950048,0.0305685,-0.27],[0.17480186,-0.02869716,0.98418534,-0.11]]]
[[[1465.2923583984375,0,1136.9453125],[0,1465.2923583984375,669.1659545898438],[0,0,1]],[[0.98453674,0.00181977,-0.1745551,-0.05],[-0.0090276,0.99939448,0.03360332,-0.27],[0.17494547,-0.03150789,0.98407385,-0.11]]]
[[[1465.2923583984375,0,1136.9453125],[0,1465.2923583984375,669.1659545898438],[0,0,1]],[[0.98455373,0.00145129,-0.17425619,-0.05],[-0.01157739,0.99941939,0.03204441,-0.27],[0.17469953,-0.02953201,0.98417881,-0.11]]]
[[[1465.2923583984375,0,1136.9453125],[0,1465.2923583984375,669.1659545898438],[0,0,1]],[[0.98457319,0.00159959,-0.17426297,-0.05],[-0.01026329,0.99942419,0.03234122,-0.27],[0.17467199,-0.03005378,0.9841679,-0.11]]]
[[[1465.2923583984375,0,1136.9453125],[0,1465.2923583984375,669.1659545898438],[0,0,1]],[[0.98459434,0.00164954,-0.17419039,-0.05],[-0.00972925,0.99942958,0.03233959,-0.27],[0.17458328,-0.03014664,0.98418081,-0.11]]]
[[[1465.2923583984375,0,1136.9453125],[0,1465.2923583984375,669.1659545898438],[0,0,1]],[[0.98804137,0.00149291,-0.15367896,-0.05],[-0.00795938,0.99950832,0.03032761,-0.27],[0.15398343,-0.02874174,0.98765531,-0.11]]]
[[[1465.2923583984375,0,1136.9453125],[0,1465.2923583984375,669.1659545898438],[0,0,1]],[[0.99231389,0.00132083,-0.12331883,-0.05],[-0.00658958,0.99952009,0.03026815,-0.27],[0.1235707,-0.02922288,0.99190539,-0.11]]]
