[[[1078.620361328125,0,945.0896606445312],[0,1078.620361328125,569.4617919921875],[0,0,1]],[[9.99999285e-01,-1.02707010e-03,6.22105377e-04,0.00000000e+00],[8.11305305e-04,9.59843636e-01,2.80534446e-01,0.00000000e+00],[-8.85252375e-04,-2.80533731e-01,9.59843755e-01,0.00000000e+00]]]
[[[1078.620361328125,0,945.0896606445312],[0,1078.620361328125,569.4617919921875],[0,0,1]],[[9.99999285e-01,-1.02706987e-03,6.22105435e-04,0.00000000e+00],[8.11305421e-04,9.59843636e-01,2.80534446e-01,0.00000000e+00],[-8.85252375e-04,-2.80533731e-01,9.59843755e-01,0.00000000e+00]]]
[[[1078.620361328125,0,945.0896606445312],[0,1078.620361328125,569.4617919921875],[0,0,1]],[[9.99999285e-01,-1.02706964e-03,6.22105494e-04,0.00000000e+00],[8.11305537e-04,9.59843636e-01,2.80534446e-01,0.00000000e+00],[-8.85252375e-04,-2.80533731e-01,9.59843755e-01,0.00000000e+00]]]
[[[1078.620361328125,0,945.0896606445312],[0,1078.620361328125,569.4617919921875],[0,0,1]],[[9.99999285e-01,-1.02706964e-03,6.22105494e-04,0.00000000e+00],[8.11305654e-04,9.59843636e-01,2.80534446e-01,0.00000000e+00],[-8.85252375e-04,-2.80533731e-01,9.59843755e-01,0.00000000e+00]]]
[[[1078.620361328125,0,945.0896606445312],[0,1078.620361328125,569.4617919921875],[0,0,1]],[[9.99999285e-01,-1.02706964e-03,6.22105494e-04,0.00000000e+00],[8.11305770e-04,9.59843636e-01,2.80534446e-01,0.00000000e+00],[-8.85252375e-04,-2.80533731e-01,9.59843755e-01,0.00000000e+00]]]
[[[1078.620361328125,0,945.0896606445312],[0,1078.620361328125,569.4617919921875],[0,0,1]],[[9.99999285e-01,-1.02706964e-03,6.22105494e-04,0.00000000e+00],[8.11305887e-04,9.59843636e-01,2.80534446e-01,0.00000000e+00],[-8.85252375e-04,-2.80533731e-01,9.59843755e-01,0.00000000e+00]]]
[[[1078.620361328125,0,945.0896606445312],[0,1078.620361328125,569.4617919921875],[0,0,1]],[[9.99999106e-01,-1.18466234e-03,5.97983366e-04,-0.00000000e+00],[9.69340000e-04,9.59844110e-01,2.80532180e-01,-0.00000000e+00],[-9.06306726e-04,-2.80531347e-01,9.59844470e-01,-0.00000000e+00]]]
[[[1078.620361328125,0,945.0896606445312],[0,1078.620361328125,569.4617919921875],[0,0,1]],[[9.99999285e-01,-9.76356794e-04,6.88343542e-04,0.00000000e+00],[7.44033779e-04,9.59839523e-01,2.80548602e-01,-0.00000000e+00],[-9.34614858e-04,-2.80547887e-01,9.59839582e-01,-0.00000000e+00]]]
[[[1078.620361328125,0,945.0896606445312],[0,1078.620361328125,569.4617919921875],[0,0,1]],[[9.99999225e-01,-1.06089946e-03,6.06983260e-04,0.00000000e+00],[8.48062453e-04,9.59857225e-01,2.80487746e-01,-0.00000000e+00],[-8.80186562e-04,-2.80487031e-01,9.59857404e-01,-0.00000000e+00]]]
[[[1078.620361328125,0,945.0896606445312],[0,1078.620361328125,569.4617919921875],[0,0,1]],[[9.99999285e-01,-1.01328094e-03,5.93510747e-04,-0.00000000e+00],[8.06125929e-04,9.59854543e-01,2.80497164e-01,-0.00000000e+00],[-8.53906386e-04,-2.80496508e-01,9.59854662e-01,-0.00000000e+00]]]
[[[1078.620361328125,0,945.0896606445312],[0,1078.620361328125,569.4617919921875],[0,0,1]],[[9.99999344e-01,-9.51296533e-04,6.50472648e-04,-0.00000000e+00],[7.30528671e-04,9.59815681e-01,2.80630231e-01,-0.00000000e+00],[-8.91296426e-04,-2.80629575e-01,9.59815741e-01,-0.00000000e+00]]]
[[[1078.620361328125,0,945.0896606445312],[0,1078.620361328125,569.4617919921875],[0,0,1]],[[9.99999404e-01,-8.69925600e-04,6.78077689e-04,-0.00000000e+00],[6.44686457e-04,9.59817529e-01,2.80624062e-01,-0.00000000e+00],[-8.94952973e-04,-2.80623466e-01,9.59817529e-01,-0.00000000e+00]]]
[[[1078.620361328125,0,945.0896606445312],[0,1078.620361328125,569.4617919921875],[0,0,1]],[[9.99999404e-01,-8.04603740e-04,7.16719078e-04,-0.00000000e+00],[5.70709934e-04,9.59683657e-01,2.81081706e-01,-0.00000000e+00],[-9.13983036e-04,-2.81081110e-01,9.59683597e-01,-0.00000000e+00]]]
[[[1078.620361328125,0,945.0896606445312],[0,1078.620361328125,569.4617919921875],[0,0,1]],[[9.99999404e-01,-8.70328746e-04,6.46366330e-04,0.00000000e+00],[6.53478026e-04,9.59656954e-01,2.81172723e-01,-0.00000000e+00],[-8.65002628e-04,-2.81172127e-01,9.59656954e-01,-0.00000000e+00]]]
[[[1078.620361328125,0,945.0896606445312],[0,1078.620361328125,569.4617919921875],[0,0,1]],[[9.99999583e-01,-7.87445926e-04,4.54813649e-04,0.00000000e+00],[6.27389236e-04,9.59482074e-01,2.81769097e-01,-0.00000000e+00],[-6.58263452e-04,-2.81768680e-01,9.59482133e-01,-0.00000000e+00]]]
[[[1078.620361328125,0,945.0896606445312],[0,1078.620361328125,569.4617919921875],[0,0,1]],[[9.99999881e-01,-1.44741562e-05,4.75702691e-04,-0.00000000e+00],[-1.20312194e-04,9.59382653e-01,2.82108098e-01,-0.00000000e+00],[-4.60464158e-04,-2.82108098e-01,9.59382534e-01,-0.00000000e+00]]]
[[[1078.620361328125,0,945.0896606445312],[0,1078.620361328125,569.4617919921875],[0,0,1]],[[9.99999642e-01,8.65064620e-04,-2.30567621e-05,0.00000000e+00],[-8.23310693e-04,9.59263861e-01,2.82510400e-01,-0.00000000e+00],[2.66507268e-04,-2.82510281e-01,9.59264219e-01,-0.00000000e+00]]]
[[[1078.620361328125,0,945.0896606445312],[0,1078.620361328125,569.4617919921875],[0,0,1]],[[9.99999046e-01,1.17639126e-03,-7.46583508e-04,0.00000000e+00],[-9.16484336e-04,9.58975852e-01,2.83486366e-01,-0.00000000e+00],[1.04945000e-03,-2.83485410e-01,9.58975970e-01,-0.00000000e+00]]]
[[[1078.620361328125,0,945.0896606445312],[0,1078.620361328125,569.4617919921875],[0,0,1]],[[0.99999195,0.00267965,-0.00299452,0.],[-0.00171966,0.958884,0.28379306,-0.],[0.00363186,-0.28378561,0.9588809,-0.]]]
[[[1078.620361328125,0,945.0896606445312],[0,1078.620361328125,569.4617919921875],[0,0,1]],[[0.99999642,0.00197344,-0.00179874,0.],[-0.00137993,0.95864809,0.2845909,-0.],[0.00228599,-0.28458738,0.95864737,-0.]]]
[[[1078.620361328125,0,945.0896606445312],[0,1078.620361328125,569.4617919921875],[0,0,1]],[[0.99999255,0.00267608,-0.00278058,0.],[-0.00177522,0.9587397,0.28427991,-0.],[0.00342661,-0.28427288,0.95873731,-0.]]]
[[[1078.620361328125,0,945.0896606445312],[0,1078.620361328125,569.4617919921875],[0,0,1]],[[0.99994093,0.00428659,-0.00998845,0.],[-0.00125393,0.95830876,0.28573203,-0.],[0.01079684,-0.28570265,0.9582575,-0.]]]
[[[1078.620361328125,0,945.0896606445312],[0,1078.620361328125,569.4617919921875],[0,0,1]],[[0.99974006,0.00887126,-0.0210033,0.],[-0.00250552,0.95836675,0.28552917,0.],[0.02266187,-0.28540233,0.95813984,-0.]]]
[[[1078.620361328125,0,945.0896606445312],[0,1078.620361328125,569.4617919921875],[0,0,1]],[[9.98704850e-01,1.44952400e-02,-4.87700600e-02,1.00000000e-02],[9.70657420e-05,9.58013058e-01,2.86724538e-01,0.00000000e+00],[5.08784900e-02,-2.86357910e-01,9.56770900e-01,-0.00000000e+00]]]
[[[1078.620361328125,0,945.0896606445312],[0,1078.620361328125,569.4617919921875],[0,0,1]],[[0.99127799,0.03656545,-0.12661317,0.01],[0.00117339,0.95825088,0.28592628,0.],[0.1317822,-0.28358102,0.94985014,-0.01]]]
[[[1078.620361328125,0,945.0896606445312],[0,1078.620361328125,569.4617919921875],[0,0,1]],[[0.97691035,0.05914609,-0.2052996,0.02],[0.0022601,0.95800227,0.28675169,0.],[0.21363772,-0.28059471,0.93574864,-0.01]]]
[[[1078.620361328125,0,945.0896606445312],[0,1078.620361328125,569.4617919921875],[0,0,1]],[[0.94968128,0.084657,-0.3015604,0.02],[0.00509813,0.95847589,0.28512794,0.01],[0.31317645,-0.27231807,0.90981501,-0.01]]]
[[[1078.620361328125,0,945.0896606445312],[0,1078.620361328125,569.4617919921875],[0,0,1]],[[0.91957998,0.1075688,-0.37789062,0.02],[0.00419385,0.95905018,0.28320485,0.01],[0.39288014,-0.2620143,0.88147241,-0.02]]]
[[[1078.620361328125,0,945.0896606445312],[0,1078.620361328125,569.4617919921875],[0,0,1]],[[9.04990970e-01,1.22711460e-01,-4.07348480e-01,2.00000000e-02],[-2.18856279e-04,9.57631826e-01,2.87994981e-01,2.00000000e-02],[4.25430300e-01,-2.60543670e-01,8.66675140e-01,-2.00000000e-02]]]
[[[1078.620361328125,0,945.0896606445312],[0,1078.620361328125,569.4617919921875],[0,0,1]],[[0.91013807,0.12107121,-0.39621937,0.02],[-0.00238552,0.95786434,0.28721118,0.02],[0.41429746,-0.26045656,0.87207776,-0.02]]]
[[[1078.620361328125,0,945.0896606445312],[0,1078.620361328125,569.4617919921875],[0,0,1]],[[0.91694105,0.11079081,-0.3833324,0.01],[0.0013078,0.95984095,0.28054175,0.02],[0.39901969,-0.25774151,0.87997293,-0.02]]]
[[[1078.620361328125,0,945.0896606445312],[0,1078.620361328125,569.4617919921875],[0,0,1]],[[0.94421518,0.09310132,-0.31589404,0.01],[-0.00109789,0.9600929,0.27967998,0.02],[0.32932624,-0.26373118,0.90663654,-0.02]]]
[[[1078.620361328125,0,945.0896606445312],[0,1078.620361328125,569.4617919921875],[0,0,1]],[[9.65214310e-01,7.39724800e-02,-2.50775750e-01,1.00000000e-02],[-7.12637266e-04,9.59883749e-01,2.80398250e-01,2.00000000e-02],[2.61457380e-01,-2.70465700e-01,9.26546220e-01,-2.00000000e-02]]]
[[[1078.620361328125,0,945.0896606445312],[0,1078.620361328125,569.4617919921875],[0,0,1]],[[0.98021132,0.05720918,-0.18950465,0.01],[-0.00205763,0.96022075,0.27923578,0.02],[0.19794109,-0.27332008,0.94133681,-0.01]]]
[[[1078.620361328125,0,945.0896606445312],[0,1078.620361328125,569.4617919921875],[0,0,1]],[[9.89376540e-01,4.09880600e-02,-1.39475230e-01,1.00000000e-02],[-4.35337250e-04,9.60260451e-01,2.79106498e-01,1.00000000e-02],[1.45372540e-01,-2.76080520e-01,9.50076760e-01,-1.00000000e-02]]]
[[[1078.620361328125,0,945.0896606445312],[0,1078.620361328125,569.4617919921875],[0,0,1]],[[0.99473315,0.02976159,-0.09807904,0.01],[-0.00135618,0.96065283,0.27775007,0.01],[0.1024862,-0.27615407,0.95563328,-0.01]]]
[[[1078.620361328125,0,945.0896606445312],[0,1078.620361328125,569.4617919921875],[0,0,1]],[[0.99893594,0.01484003,-0.04365687,0.01],[-0.00217713,0.96091902,0.27682239,0.01],[0.04605879,-0.27643275,0.95992863,-0.01]]]
[[[1078.620361328125,0,945.0896606445312],[0,1078.620361328125,569.4617919921875],[0,0,1]],[[9.99995650e-01,1.45684000e-03,-2.45470000e-03,1.00000000e-02],[-7.24476180e-04,9.61334169e-01,2.75385141e-01,1.00000000e-02],[2.76099000e-03,-2.75382070e-01,9.61330590e-01,-0.00000000e+00]]]
[[[1078.620361328125,0,945.0896606445312],[0,1078.620361328125,569.4617919921875],[0,0,1]],[[0.99926376,-0.00902354,0.03728144,0.01],[-0.00159587,0.96131426,0.275451,0.01],[-0.03832469,-0.27530763,0.96059161,-0.]]]
[[[1078.620361328125,0,945.0896606445312],[0,1078.620361328125,569.4617919921875],[0,0,1]],[[0.99687624,-0.02001109,0.0763978,0.01],[-0.00206257,0.96043897,0.27848461,0.01],[-0.07894816,-0.27777225,0.95739698,-0.]]]
[[[1078.620361328125,0,945.0896606445312],[0,1078.620361328125,569.4617919921875],[0,0,1]],[[9.94748710e-01,-2.88329200e-02,9.81972600e-02,1.00000000e-02],[2.84740760e-04,9.60270166e-01,2.79072851e-01,1.00000000e-02],[-1.02342360e-01,-2.77579430e-01,9.55235420e-01,0.00000000e+00]]]
[[[1078.620361328125,0,945.0896606445312],[0,1078.620361328125,569.4617919921875],[0,0,1]],[[9.92036880e-01,-3.51933200e-02,1.20927820e-01,1.00000000e-02],[1.57928225e-04,9.60511923e-01,2.78240085e-01,1.00000000e-02],[-1.25944750e-01,-2.76005390e-01,9.52868280e-01,0.00000000e+00]]]
[[[1078.620361328125,0,945.0896606445312],[0,1078.620361328125,569.4617919921875],[0,0,1]],[[0.99108315,-0.03945209,0.12726906,0.01],[0.00250549,0.9605096,0.27823731,0.01],[-0.13322011,-0.27543753,0.95204282,0.]]]
[[[1078.620361328125,0,945.0896606445312],[0,1078.620361328125,569.4617919921875],[0,0,1]],[[0.99033755,-0.04175954,0.13224043,0.01],[0.00357653,0.96095824,0.27667215,0.01],[-0.13863115,-0.27352592,0.95182133,0.]]]
[[[1078.620361328125,0,945.0896606445312],[0,1078.620361328125,569.4617919921875],[0,0,1]],[[0.98999101,-0.04079477,0.13510491,0.01],[0.00176978,0.96082509,0.27715212,0.01],[-0.14111845,-0.27413908,0.95127928,0.]]]
[[[1078.620361328125,0,945.0896606445312],[0,1078.620361328125,569.4617919921875],[0,0,1]],[[0.99968976,-0.01099437,0.02234569,0.02],[0.00418035,0.95862621,0.28464016,0.02],[-0.02455067,-0.28445852,0.95837343,-0.]]]
[[[1078.620361328125,0,945.0896606445312],[0,1078.620361328125,569.4617919921875],[0,0,1]],[[0.99989063,0.00265496,-0.01455658,0.02],[0.00162916,0.95803839,0.28663906,0.02],[0.01470666,-0.28663146,0.9579277,-0.]]]
[[[1078.620361328125,0,945.0896606445312],[0,1078.620361328125,569.4617919921875],[0,0,1]],[[0.9909271,0.03697668,-0.12921473,0.02],[0.00179331,0.95768744,0.28780848,0.02],[0.13438924,-0.28542915,0.9489305,-0.01]]]
[[[1078.620361328125,0,945.0896606445312],[0,1078.620361328125,569.4617919921875],[0,0,1]],[[0.97997671,0.05569723,-0.19116487,0.02],[0.00182258,0.95753163,0.28832662,0.02],[0.19910493,-0.28290185,0.93825549,-0.02]]]
[[[1078.620361328125,0,945.0896606445312],[0,1078.620361328125,569.4617919921875],[0,0,1]],[[0.95912409,0.07673322,-0.27238527,0.03],[0.00513934,0.95765525,0.2878761,0.02],[0.28294021,-0.27750883,0.91811401,-0.02]]]
[[[1078.620361328125,0,945.0896606445312],[0,1078.620361328125,569.4617919921875],[0,0,1]],[[0.93741995,0.09943267,-0.33370295,0.02],[0.0013149,0.95734429,0.28895116,0.03],[0.34819907,-0.2713075,0.8973012,-0.02]]]
[[[1078.620361328125,0,945.0896606445312],[0,1078.620361328125,569.4617919921875],[0,0,1]],[[9.30144250e-01,1.05230410e-01,-3.51793860e-01,2.00000000e-02],[7.57671602e-04,9.57506001e-01,2.88417250e-01,3.00000000e-02],[3.67194290e-01,-2.68536300e-01,8.90537260e-01,-2.00000000e-02]]]
[[[1078.620361328125,0,945.0896606445312],[0,1078.620361328125,569.4617919921875],[0,0,1]],[[0.92838001,0.10500526,-0.35649016,0.02],[0.00224529,0.95765132,0.28792611,0.03],[0.37162644,-0.26810533,0.88882679,-0.02]]]
[[[1078.620361328125,0,945.0896606445312],[0,1078.620361328125,569.4617919921875],[0,0,1]],[[0.9617452,0.0888383,-0.25914311,-0.01],[-0.01225318,0.9589628,0.28327248,0.04],[0.27367356,-0.2692605,0.92336428,-0.02]]]
[[[1078.620361328125,0,945.0896606445312],[0,1078.620361328125,569.4617919921875],[0,0,1]],[[0.98429251,0.05490457,-0.16779599,-0.01],[-0.00627986,0.9607029,0.27751365,0.03],[0.17643861,-0.27210072,0.94595498,-0.01]]]
[[[1078.620361328125,0,945.0896606445312],[0,1078.620361328125,569.4617919921875],[0,0,1]],[[0.99789572,0.02132315,-0.06124614,-0.],[-0.00360291,0.96117204,0.27593234,0.02],[0.06475183,-0.27513099,0.95922393,-0.01]]]
[[[1078.620361328125,0,945.0896606445312],[0,1078.620361328125,569.4617919921875],[0,0,1]],[[0.99991715,0.00638891,-0.01126021,-0.],[-0.00303614,0.96122181,0.2757661,0.02],[0.01258554,-0.275709,0.96115917,-0.]]]
[[[1078.620361328125,0,945.0896606445312],[0,1078.620361328125,569.4617919921875],[0,0,1]],[[0.9996112,-0.00573728,0.0273218,-0.],[-0.00189703,0.96243566,0.27151018,0.02],[-0.02785298,-0.27145636,0.96204805,-0.]]]
[[[1078.620361328125,0,945.0896606445312],[0,1078.620361328125,569.4617919921875],[0,0,1]],[[0.99736977,-0.01836743,0.07012717,-0.],[-0.00129804,0.96269095,0.27060661,0.02],[-0.07248081,-0.26998585,0.96013278,-0.]]]
[[[1078.620361328125,0,945.0896606445312],[0,1078.620361328125,569.4617919921875],[0,0,1]],[[0.99198002,-0.03294646,0.12203229,-0.],[-0.00129402,0.96273756,0.27044103,0.02],[-0.12639464,-0.26842996,0.95497143,0.]]]
[[[1078.620361328125,0,945.0896606445312],[0,1078.620361328125,569.4617919921875],[0,0,1]],[[9.87881300e-01,-4.17800800e-02,1.49487960e-01,-0.00000000e+00],[-4.63658100e-04,9.62294936e-01,2.72014439e-01,2.00000000e-02],[-1.55215710e-01,-2.68787240e-01,9.50611530e-01,0.00000000e+00]]]
[[[1078.620361328125,0,945.0896606445312],[0,1078.620361328125,569.4617919921875],[0,0,1]],[[9.84772380e-01,-4.78486800e-02,1.67138520e-01,0.00000000e+00],[7.70353246e-04,9.62572813e-01,2.71028429e-01,2.00000000e-02],[-1.73850740e-01,-2.66772540e-01,9.47949950e-01,0.00000000e+00]]]
[[[1078.620361328125,0,945.0896606445312],[0,1078.620361328125,569.4617919921875],[0,0,1]],[[0.98375171,-0.05059185,0.17226282,0.],[0.00173693,0.96211499,0.27264473,0.02],[-0.17952962,-0.26791552,0.94656825,0.]]]
[[[1078.620361328125,0,945.0896606445312],[0,1078.620361328125,569.4617919921875],[0,0,1]],[[0.99158537,-0.04453787,0.12155773,0.01],[0.00785735,0.95793444,0.28688595,0.03],[-0.12922111,-0.28351668,0.95022166,-0.]]]
[[[1078.620361328125,0,945.0896606445312],[0,1078.620361328125,569.4617919921875],[0,0,1]],[[0.99996138,-0.00721208,0.00518633,0.01],[0.00543701,0.95859367,0.28473318,0.03],[-0.00702485,-0.28469381,0.95859337,-0.01]]]
[[[1078.620361328125,0,945.0896606445312],[0,1078.620361328125,569.4617919921875],[0,0,1]],[[0.99778098,0.01551903,-0.06476285,0.01],[0.003834,0.95747274,0.28850618,0.03],[0.06648607,-0.28811404,0.95528597,-0.01]]]
[[[1078.620361328125,0,945.0896606445312],[0,1078.620361328125,569.4617919921875],[0,0,1]],[[0.99014914,0.03649406,-0.13518588,0.01],[0.00416176,0.95734614,0.2889218,0.03],[0.13996348,-0.28663802,0.94776076,-0.01]]]
[[[1078.620361328125,0,945.0896606445312],[0,1078.620361328125,569.4617919921875],[0,0,1]],[[0.98227626,0.05013785,-0.18061566,0.01],[0.0043898,0.95714855,0.2895723,0.03],[0.18739428,-0.28523263,0.93996137,-0.02]]]
[[[1078.620361328125,0,945.0896606445312],[0,1078.620361328125,569.4617919921875],[0,0,1]],[[0.97408319,0.06278021,-0.21730877,0.01],[0.00300116,0.95704252,0.28994069,0.04],[0.22617584,-0.28307831,0.93204778,-0.02]]]
[[[1078.620361328125,0,945.0896606445312],[0,1078.620361328125,569.4617919921875],[0,0,1]],[[0.96576405,0.07225387,-0.24916114,0.01],[0.00281841,0.95745569,0.28857526,0.04],[0.25941098,-0.27939779,0.92447001,-0.02]]]
[[[1078.620361328125,0,945.0896606445312],[0,1078.620361328125,569.4617919921875],[0,0,1]],[[0.96286607,0.07476994,-0.25942349,0.01],[0.00286011,0.95801014,0.28672883,0.04],[0.26996854,-0.27682334,0.92221892,-0.02]]]
[[[1078.620361328125,0,945.0896606445312],[0,1078.620361328125,569.4617919921875],[0,0,1]],[[0.96492672,0.07562737,-0.25139409,-0.],[-0.00126652,0.95893919,0.28361809,0.05],[0.2625204,-0.27335218,0.92539912,-0.02]]]
[[[1078.620361328125,0,945.0896606445312],[0,1078.620361328125,569.4617919921875],[0,0,1]],[[0.98900586,0.04317263,-0.14144158,-0.02],[-0.0025019,0.9611882,0.27589166,0.04],[0.14786272,-0.27250445,0.95072597,-0.02]]]
[[[1078.620361328125,0,945.0896606445312],[0,1078.620361328125,569.4617919921875],[0,0,1]],[[0.99666756,0.02353297,-0.07811915,-0.01],[-0.00115326,0.96146852,0.27492261,0.04],[0.08157878,-0.27391613,0.95828861,-0.01]]]
[[[1078.620361328125,0,945.0896606445312],[0,1078.620361328125,569.4617919921875],[0,0,1]],[[9.99784530e-01,6.47792000e-03,-1.97886200e-02,-1.00000000e-02],[-7.82745774e-04,9.61398423e-01,2.75168985e-01,4.00000000e-02],[2.08074000e-02,-2.75094060e-01,9.61193260e-01,-1.00000000e-02]]]
[[[1078.620361328125,0,945.0896606445312],[0,1078.620361328125,569.4617919921875],[0,0,1]],[[9.99846580e-01,-5.01934000e-03,1.68679400e-02,-1.00000000e-02],[1.79284980e-04,9.61322546e-01,2.75435001e-01,4.00000000e-02],[-1.75977900e-02,-2.75389550e-01,9.61172760e-01,-1.00000000e-02]]]
[[[1078.620361328125,0,945.0896606445312],[0,1078.620361328125,569.4617919921875],[0,0,1]],[[9.97669990e-01,-1.82991800e-02,6.57485000e-02,-1.00000000e-02],[-4.18502721e-04,9.61726964e-01,2.74020195e-01,4.00000000e-02],[-6.82460400e-02,-2.73409010e-01,9.59475040e-01,-0.00000000e+00]]]
[[[1078.620361328125,0,945.0896606445312],[0,1078.620361328125,569.4617919921875],[0,0,1]],[[9.92657180e-01,-3.37295300e-02,1.16177340e-01,-1.00000000e-02],[6.27326604e-04,9.61769998e-01,2.73869216e-01,4.00000000e-02],[-1.20972730e-01,-2.71785140e-01,9.54725560e-01,0.00000000e+00]]]
[[[1078.620361328125,0,945.0896606445312],[0,1078.620361328125,569.4617919921875],[0,0,1]],[[0.98900926,-0.04210425,0.14174476,-0.],[0.00144624,0.96131438,0.27546105,0.04],[-0.14785863,-0.27222818,0.95080602,0.]]]
[[[1078.620361328125,0,945.0896606445312],[0,1078.620361328125,569.4617919921875],[0,0,1]],[[0.98798561,-0.04447097,0.14802252,-0.],[0.00207316,0.96144164,0.27501264,0.04],[-0.15454437,-0.27140132,0.94997895,0.]]]
[[[1078.620361328125,0,945.0896606445312],[0,1078.620361328125,569.4617919921875],[0,0,1]],[[9.80260790e-01,-5.47112700e-02,1.89997940e-01,-0.00000000e+00],[5.05829114e-04,9.61646080e-01,2.74303645e-01,4.00000000e-02],[-1.97717400e-01,-2.68792810e-01,9.42688170e-01,0.00000000e+00]]]
[[[1078.620361328125,0,945.0896606445312],[0,1078.620361328125,569.4617919921875],[0,0,1]],[[0.97286016,-0.06545959,0.22195026,0.],[0.00163218,0.96107459,0.27629501,0.04],[-0.2313959,-0.26843399,0.93509465,0.01]]]
[[[1078.620361328125,0,945.0896606445312],[0,1078.620361328125,569.4617919921875],[0,0,1]],[[0.9700762,-0.06799205,0.23309492,0.],[0.00117753,0.96130222,0.27550462,0.05],[-0.24280572,-0.26698577,0.9326129,0.01]]]
[[[1078.620361328125,0,945.0896606445312],[0,1078.620361328125,569.4617919921875],[0,0,1]],[[0.96532345,-0.07412972,0.25031877,0.01],[0.00178549,0.9606936,0.27761593,0.04],[-0.26105812,-0.26754206,0.92750889,0.01]]]
[[[1078.620361328125,0,945.0896606445312],[0,1078.620361328125,569.4617919921875],[0,0,1]],[[0.97635478,-0.06530128,0.20608521,0.01],[0.00375461,0.95826882,0.28585479,0.05],[-0.21615075,-0.27832171,0.93585187,0.01]]]
[[[1078.620361328125,0,945.0896606445312],[0,1078.620361328125,569.4617919921875],[0,0,1]],[[0.99731487,-0.02463426,0.06899484,0.03],[0.00349572,0.95670259,0.29105693,0.05],[-0.07317704,-0.29003403,0.954216,0.01]]]
[[[1078.620361328125,0,945.0896606445312],[0,1078.620361328125,569.4617919921875],[0,0,1]],[[0.99987483,0.0035694,-0.01553794,0.03],[0.00109049,0.95702416,0.29001644,0.05],[0.01590553,-0.28999695,0.9568969,0.01]]]
[[[1078.620361328125,0,945.0896606445312],[0,1078.620361328125,569.4617919921875],[0,0,1]],[[9.94291900e-01,3.04912200e-02,-1.02260430e-01,3.00000000e-02],[5.86690614e-04,9.56733525e-01,2.90974826e-01,5.00000000e-02],[1.06708030e-01,-2.89373900e-01,9.51251330e-01,0.00000000e+00]]]
[[[1078.620361328125,0,945.0896606445312],[0,1078.620361328125,569.4617919921875],[0,0,1]],[[0.98686397,0.04548795,-0.15502825,0.03],[0.00146886,0.95698446,0.29014546,0.05],[0.16155747,-0.28656176,0.94434345,0.]]]
[[[1078.620361328125,0,945.0896606445312],[0,1078.620361328125,569.4617919921875],[0,0,1]],[[9.83067100e-01,5.37196200e-02,-1.75204920e-01,2.00000000e-02],[-5.31789148e-04,9.56904531e-01,2.90412426e-01,6.00000000e-02],[1.83254880e-01,-2.85401670e-01,9.40726640e-01,-0.00000000e+00]]]
[[[1078.620361328125,0,945.0896606445312],[0,1078.620361328125,569.4617919921875],[0,0,1]],[[0.99784851,0.02303135,-0.06141405,0.02],[-0.00496802,0.96017629,0.27936172,0.06],[0.06540245,-0.27845556,0.9582215,0.]]]
[[[1078.620361328125,0,945.0896606445312],[0,1078.620361328125,569.4617919921875],[0,0,1]],[[0.99998015,0.00229885,0.00620267,0.02],[-0.00393474,0.96046144,0.27839607,0.06],[-0.00531715,-0.27841485,0.96044809,0.01]]]
[[[1078.620361328125,0,945.0896606445312],[0,1078.620361328125,569.4617919921875],[0,0,1]],[[0.99813628,-0.01295502,0.05966725,0.02],[-0.00415556,0.96055382,0.27807379,0.06],[-0.0609156,-0.27780339,0.9587065,0.01]]]
[[[1078.620361328125,0,945.0896606445312],[0,1078.620361328125,569.4617919921875],[0,0,1]],[[0.995152,-0.02545884,0.09501782,0.02],[-0.00203594,0.96039379,0.27864948,0.06],[-0.09834804,-0.27749199,0.95568269,0.01]]]
[[[1078.620361328125,0,945.0896606445312],[0,1078.620361328125,569.4617919921875],[0,0,1]],[[0.99021202,-0.03752159,0.13444822,0.02],[-0.00164583,0.95999157,0.28003505,0.06],[-0.13957581,-0.27751529,0.95053005,0.01]]]
[[[1078.620361328125,0,945.0896606445312],[0,1078.620361328125,569.4617919921875],[0,0,1]],[[0.9858703,-0.04594618,0.16109858,0.02],[-0.00143236,0.95930898,0.28236616,0.06],[-0.16751617,-0.27860716,0.94568503,0.01]]]
[[[1078.620361328125,0,945.0896606445312],[0,1078.620361328125,569.4617919921875],[0,0,1]],[[0.98017704,-0.05490122,0.19037613,0.02],[-0.00135242,0.95897043,0.28351417,0.06],[-0.19812945,-0.27815154,0.93988305,0.01]]]
[[[1078.620361328125,0,945.0896606445312],[0,1078.620361328125,569.4617919921875],[0,0,1]],[[9.75280460e-01,-6.37896100e-02,2.11573790e-01,2.00000000e-02],[7.03717815e-04,9.58324790e-01,2.85691887e-01,6.00000000e-02],[-2.20979540e-01,-2.78480710e-01,9.34676590e-01,2.00000000e-02]]]
[[[1078.620361328125,0,945.0896606445312],[0,1078.620361328125,569.4617919921875],[0,0,1]],[[0.97582,-0.06580602,0.20844531,0.03],[0.00243018,0.95681763,0.29069027,0.06],[-0.21857223,-0.2831547,0.93383801,0.02]]]
[[[1078.620361328125,0,945.0896606445312],[0,1078.620361328125,569.4617919921875],[0,0,1]],[[0.97702271,-0.06462108,0.20311393,0.03],[0.00248381,0.95632416,0.29230917,0.06],[-0.21313101,-0.28508803,0.93450731,0.02]]]
[[[1078.620361328125,0,945.0896606445312],[0,1078.620361328125,569.4617919921875],[0,0,1]],[[0.97713804,-0.06433029,0.20265144,0.03],[0.00220964,0.95615321,0.2928704,0.06],[-0.21260513,-0.28572676,0.93443215,0.02]]]
[[[1078.620361328125,0,945.0896606445312],[0,1078.620361328125,569.4617919921875],[0,0,1]],[[0.97704703,-0.06476934,0.20295103,0.03],[0.00291373,0.95663911,0.29127291,0.06],[-0.21301532,-0.28399575,0.93486643,0.02]]]
[[[1078.620361328125,0,945.0896606445312],[0,1078.620361328125,569.4617919921875],[0,0,1]],[[0.97676188,-0.06542499,0.20410994,0.03],[0.00364512,0.95721114,0.28937957,0.06],[-0.21430783,-0.28191066,0.93520218,0.02]]]
[[[1078.620361328125,0,945.0896606445312],[0,1078.620361328125,569.4617919921875],[0,0,1]],[[0.97422904,-0.06606681,0.21568097,0.03],[0.00219837,0.9588865,0.28379405,0.06],[-0.22556172,-0.27600595,0.93431646,0.02]]]
[[[1078.620361328125,0,945.0896606445312],[0,1078.620361328125,569.4617919921875],[0,0,1]],[[0.97271121,-0.06704804,0.22213237,0.03],[0.00200988,0.95974272,0.28088629,0.06],[-0.23202157,-0.27277449,0.93368334,0.02]]]
[[[1078.620361328125,0,945.0896606445312],[0,1078.620361328125,569.4617919921875],[0,0,1]],[[0.97299784,-0.0691288,0.22023107,0.03],[0.0029362,0.95773381,0.28765336,0.06],[-0.23080665,-0.27923909,0.93207204,0.02]]]
[[[1078.620361328125,0,945.0896606445312],[0,1078.620361328125,569.4617919921875],[0,0,1]],[[0.97302127,-0.06886789,0.22020927,0.03],[0.00270104,0.95775294,0.28759181,0.06],[-0.2307107,-0.27923781,0.93209618,0.02]]]
[[[1078.620361328125,0,945.0896606445312],[0,1078.620361328125,569.4617919921875],[0,0,1]],[[0.97302544,-0.06890475,0.2201793,0.03],[0.00272954,0.95773274,0.28765896,0.06],[-0.23069277,-0.27929816,0.93208253,0.02]]]
[[[1078.620361328125,0,945.0896606445312],[0,1078.620361328125,569.4617919921875],[0,0,1]],[[0.97300768,-0.06875812,0.22030361,0.03],[0.00260924,0.95780665,0.28741378,0.06],[-0.23076907,-0.27908066,0.93212879,0.02]]]
[[[1078.620361328125,0,945.0896606445312],[0,1078.620361328125,569.4617919921875],[0,0,1]],[[0.97298992,-0.06885784,0.22035091,0.03],[0.00268686,0.95779848,0.28744036,0.06],[-0.23084307,-0.27908424,0.93210942,0.02]]]
[[[1078.620361328125,0,945.0896606445312],[0,1078.620361328125,569.4617919921875],[0,0,1]],[[0.97301781,-0.06881268,0.22024171,0.03],[0.00266976,0.95779264,0.28745994,0.06],[-0.23072556,-0.27911532,0.9321292,0.02]]]
