[[[1143.6417236328125,0,984.280517578125],[0,1143.6417236328125,575.9307861328125],[0,0,1]],[[1.00000000e+00,3.40342776e-05,7.43354540e-05,0.00000000e+00],[-3.72202594e-05,9.99062598e-01,4.32887189e-02,0.00000000e+00],[-7.27924707e-05,-4.32887189e-02,9.99062598e-01,0.00000000e+00]]]
[[[1143.6417236328125,0,984.280517578125],[0,1143.6417236328125,575.9307861328125],[0,0,1]],[[1.00000000e+00,3.40342776e-05,7.43354540e-05,0.00000000e+00],[-3.72202594e-05,9.99062598e-01,4.32887189e-02,0.00000000e+00],[-7.27924707e-05,-4.32887189e-02,9.99062598e-01,0.00000000e+00]]]
[[[1143.6417236328125,0,984.280517578125],[0,1143.6417236328125,575.9307861328125],[0,0,1]],[[1.00000000e+00,3.40342776e-05,7.43354540e-05,0.00000000e+00],[-3.72202594e-05,9.99062598e-01,4.32887189e-02,0.00000000e+00],[-7.27924707e-05,-4.32887189e-02,9.99062598e-01,0.00000000e+00]]]
[[[1143.6417236328125,0,984.280517578125],[0,1143.6417236328125,575.9307861328125],[0,0,1]],[[1.00000000e+00,-3.45630287e-05,-3.36941157e-05,-0.00000000e+00],[3.59835140e-05,9.99070227e-01,4.31120768e-02,-0.00000000e+00],[3.21727057e-05,-4.31120768e-02,9.99070227e-01,-0.00000000e+00]]]
[[[1143.6417236328125,0,984.280517578125],[0,1143.6417236328125,575.9307861328125],[0,0,1]],[[1.00000000e+00,8.98290455e-06,3.96185060e-05,-0.00000000e+00],[-1.06863645e-05,9.99066114e-01,4.32083085e-02,-0.00000000e+00],[-3.91933718e-05,-4.32083085e-02,9.99066055e-01,-0.00000000e+00]]]
[[[1143.6417236328125,0,984.280517578125],[0,1143.6417236328125,575.9307861328125],[0,0,1]],[[1.00000000e+00,-1.82215008e-05,1.38758915e-05,-0.00000000e+00],[1.76055801e-05,9.99068022e-01,4.31640595e-02,-0.00000000e+00],[-1.46494731e-05,-4.31640595e-02,9.99068022e-01,-0.00000000e+00]]]
[[[1143.6417236328125,0,984.280517578125],[0,1143.6417236328125,575.9307861328125],[0,0,1]],[[1.00000000e+00,2.88310730e-05,6.79270524e-05,-0.00000000e+00],[-3.17397244e-05,9.99065697e-01,4.32167724e-02,-0.00000000e+00],[-6.66175983e-05,-4.32167724e-02,9.99065697e-01,-0.00000000e+00]]]
[[[1143.6417236328125,0,984.280517578125],[0,1143.6417236328125,575.9307861328125],[0,0,1]],[[1.00000000e+00,4.20038377e-05,6.68966895e-05,-0.00000000e+00],[-4.48521714e-05,9.99068022e-01,4.31632511e-02,-0.00000000e+00],[-6.50213260e-05,-4.31632511e-02,9.99068022e-01,-0.00000000e+00]]]
[[[1143.6417236328125,0,984.280517578125],[0,1143.6417236328125,575.9307861328125],[0,0,1]],[[1.00000000e+00,3.27114976e-05,5.73075922e-05,-0.00000000e+00],[-3.51551498e-05,9.99067605e-01,4.31731455e-02,-0.00000000e+00],[-5.58419015e-05,-4.31731455e-02,9.99067605e-01,-0.00000000e+00]]]
[[[1143.6417236328125,0,984.280517578125],[0,1143.6417236328125,575.9307861328125],[0,0,1]],[[1.00000000e+00,3.17880877e-05,7.76709785e-05,-0.00000000e+00],[-3.51111121e-05,9.99067962e-01,4.31647748e-02,-0.00000000e+00],[-7.62264681e-05,-4.31647748e-02,9.99067962e-01,-0.00000000e+00]]]
[[[1143.6417236328125,0,984.280517578125],[0,1143.6417236328125,575.9307861328125],[0,0,1]],[[1.00000000e+00,-1.68838633e-05,6.00732856e-05,-0.00000000e+00],[1.42785284e-05,9.99070406e-01,4.31080163e-02,-0.00000000e+00],[-6.07452712e-05,-4.31080163e-02,9.99070406e-01,-0.00000000e+00]]]
[[[1143.6417236328125,0,984.280517578125],[0,1143.6417236328125,575.9307861328125],[0,0,1]],[[1.00000000e+00,2.18784407e-05,5.81347049e-05,-0.00000000e+00],[-2.43667273e-05,9.99068499e-01,4.31526192e-02,-0.00000000e+00],[-5.71364435e-05,-4.31526192e-02,9.99068499e-01,-0.00000000e+00]]]
[[[1143.6417236328125,0,984.280517578125],[0,1143.6417236328125,575.9307861328125],[0,0,1]],[[1.00000000e+00,2.18784407e-05,5.81347049e-05,-0.00000000e+00],[-2.43667273e-05,9.99068499e-01,4.31526192e-02,-0.00000000e+00],[-5.71364435e-05,-4.31526192e-02,9.99068499e-01,-0.00000000e+00]]]
[[[1143.6417236328125,0,984.280517578125],[0,1143.6417236328125,575.9307861328125],[0,0,1]],[[1.00000000e+00,2.18784407e-05,5.81347049e-05,-0.00000000e+00],[-2.43667273e-05,9.99068499e-01,4.31526192e-02,-0.00000000e+00],[-5.71364435e-05,-4.31526192e-02,9.99068499e-01,-0.00000000e+00]]]
[[[1143.6417236328125,0,984.280517578125],[0,1143.6417236328125,575.9307861328125],[0,0,1]],[[1.00000000e+00,2.18784407e-05,5.81347049e-05,-0.00000000e+00],[-2.43667273e-05,9.99068499e-01,4.31526192e-02,-0.00000000e+00],[-5.71364435e-05,-4.31526192e-02,9.99068499e-01,-0.00000000e+00]]]
[[[1143.6417236328125,0,984.280517578125],[0,1143.6417236328125,575.9307861328125],[0,0,1]],[[1.00000000e+00,2.18784407e-05,5.81347049e-05,-0.00000000e+00],[-2.43667273e-05,9.99068499e-01,4.31526192e-02,-0.00000000e+00],[-5.71364435e-05,-4.31526192e-02,9.99068499e-01,-0.00000000e+00]]]
[[[1143.6417236328125,0,984.280517578125],[0,1143.6417236328125,575.9307861328125],[0,0,1]],[[1.00000000e+00,2.18784407e-05,5.81347049e-05,-0.00000000e+00],[-2.43667273e-05,9.99068499e-01,4.31526192e-02,-0.00000000e+00],[-5.71364435e-05,-4.31526192e-02,9.99068499e-01,-0.00000000e+00]]]
[[[1143.6417236328125,0,984.280517578125],[0,1143.6417236328125,575.9307861328125],[0,0,1]],[[1.00000000e+00,2.18784407e-05,5.81347049e-05,-0.00000000e+00],[-2.43667273e-05,9.99068499e-01,4.31526192e-02,-0.00000000e+00],[-5.71364435e-05,-4.31526192e-02,9.99068499e-01,-0.00000000e+00]]]
[[[1143.6417236328125,0,984.280517578125],[0,1143.6417236328125,575.9307861328125],[0,0,1]],[[1.00000000e+00,2.18784407e-05,5.81347049e-05,-0.00000000e+00],[-2.43667273e-05,9.99068499e-01,4.31526192e-02,-0.00000000e+00],[-5.71364435e-05,-4.31526192e-02,9.99068499e-01,-0.00000000e+00]]]
[[[1143.6417236328125,0,984.280517578125],[0,1143.6417236328125,575.9307861328125],[0,0,1]],[[1.00000000e+00,2.18784407e-05,5.81347049e-05,-0.00000000e+00],[-2.43667273e-05,9.99068499e-01,4.31526192e-02,-0.00000000e+00],[-5.71364435e-05,-4.31526192e-02,9.99068499e-01,-0.00000000e+00]]]
[[[1143.6417236328125,0,984.280517578125],[0,1143.6417236328125,575.9307861328125],[0,0,1]],[[1.00000000e+00,2.18784407e-05,5.81347049e-05,-0.00000000e+00],[-2.43667273e-05,9.99068499e-01,4.31526192e-02,-0.00000000e+00],[-5.71364435e-05,-4.31526192e-02,9.99068499e-01,-0.00000000e+00]]]
[[[1143.6417236328125,0,984.280517578125],[0,1143.6417236328125,575.9307861328125],[0,0,1]],[[1.00000000e+00,2.18784407e-05,5.81347049e-05,-0.00000000e+00],[-2.43667273e-05,9.99068499e-01,4.31526192e-02,-0.00000000e+00],[-5.71364435e-05,-4.31526192e-02,9.99068499e-01,-0.00000000e+00]]]
[[[1143.6417236328125,0,984.280517578125],[0,1143.6417236328125,575.9307861328125],[0,0,1]],[[1.00000000e+00,2.18784407e-05,5.81347049e-05,-0.00000000e+00],[-2.43667273e-05,9.99068499e-01,4.31526192e-02,-0.00000000e+00],[-5.71364435e-05,-4.31526192e-02,9.99068499e-01,-0.00000000e+00]]]
[[[1143.6417236328125,0,984.280517578125],[0,1143.6417236328125,575.9307861328125],[0,0,1]],[[1.00000000e+00,2.18784407e-05,5.81347049e-05,-0.00000000e+00],[-2.43667273e-05,9.99068499e-01,4.31526192e-02,-0.00000000e+00],[-5.71364435e-05,-4.31526192e-02,9.99068499e-01,-0.00000000e+00]]]
[[[1143.6417236328125,0,984.280517578125],[0,1143.6417236328125,575.9307861328125],[0,0,1]],[[1.00000000e+00,2.18784407e-05,5.81347049e-05,-0.00000000e+00],[-2.43667273e-05,9.99068499e-01,4.31526192e-02,-0.00000000e+00],[-5.71364435e-05,-4.31526192e-02,9.99068499e-01,-0.00000000e+00]]]
[[[1143.6417236328125,0,984.280517578125],[0,1143.6417236328125,575.9307861328125],[0,0,1]],[[1.00000000e+00,2.18784407e-05,5.81347049e-05,-0.00000000e+00],[-2.43667273e-05,9.99068499e-01,4.31526192e-02,-0.00000000e+00],[-5.71364435e-05,-4.31526192e-02,9.99068499e-01,-0.00000000e+00]]]
[[[1143.6417236328125,0,984.280517578125],[0,1143.6417236328125,575.9307861328125],[0,0,1]],[[1.00000000e+00,-7.97780103e-06,5.24080679e-05,-0.00000000e+00],[5.70832390e-06,9.99068081e-01,4.31621000e-02,-0.00000000e+00],[-5.27035663e-05,-4.31621000e-02,9.99068081e-01,-0.00000000e+00]]]
[[[1143.6417236328125,0,984.280517578125],[0,1143.6417236328125,575.9307861328125],[0,0,1]],[[1.00000000e+00,-3.37686834e-05,7.72323910e-05,-0.00000000e+00],[3.04016048e-05,9.99066949e-01,4.31887358e-02,-0.00000000e+00],[-7.86187520e-05,-4.31887358e-02,9.99066949e-01,-0.00000000e+00]]]
[[[1143.6417236328125,0,984.280517578125],[0,1143.6417236328125,575.9307861328125],[0,0,1]],[[1.00000000e+00,-3.11535368e-05,8.19505003e-05,-0.00000000e+00],[2.75895691e-05,9.99069214e-01,4.31354530e-02,-0.00000000e+00],[-8.32180449e-05,-4.31354530e-02,9.99069214e-01,-0.00000000e+00]]]
[[[1143.6417236328125,0,984.280517578125],[0,1143.6417236328125,575.9307861328125],[0,0,1]],[[9.99994636e-01,4.55657660e-04,3.24194366e-03,-2.00000000e-02],[-5.96136961e-04,9.99054849e-01,4.34636734e-02,-0.00000000e+00],[-3.21908000e-03,-4.34653700e-02,9.99049720e-01,0.00000000e+00]]]
[[[1143.6417236328125,0,984.280517578125],[0,1143.6417236328125,575.9307861328125],[0,0,1]],[[9.97728110e-01,-2.94283000e-03,6.73048200e-02,-1.00000000e-02],[4.32557426e-05,9.99073267e-01,4.30422276e-02,-0.00000000e+00],[-6.73691200e-02,-4.29415300e-02,9.96803580e-01,1.00000000e-02]]]
[[[1143.6417236328125,0,984.280517578125],[0,1143.6417236328125,575.9307861328125],[0,0,1]],[[9.96267320e-01,-3.90480000e-03,8.62333300e-02,-1.00000000e-02],[-3.92482616e-06,9.98974323e-01,4.52806987e-02,0.00000000e+00],[-8.63217000e-02,-4.51120200e-02,9.95245460e-01,1.00000000e-02]]]
[[[1143.6417236328125,0,984.280517578125],[0,1143.6417236328125,575.9307861328125],[0,0,1]],[[9.85977770e-01,-6.38006000e-03,1.66754870e-01,3.00000000e-02],[-7.98813766e-04,9.99076962e-01,4.29479443e-02,-0.00000000e+00],[-1.66874970e-01,-4.24789200e-02,9.85062600e-01,1.00000000e-02]]]
[[[1143.6417236328125,0,984.280517578125],[0,1143.6417236328125,575.9307861328125],[0,0,1]],[[0.96689308,-0.01172437,0.25491247,0.03],[0.00107723,0.99912262,0.0418674,-0.],[-0.25517967,-0.0402067,0.9660573,0.02]]]
[[[1143.6417236328125,0,984.280517578125],[0,1143.6417236328125,575.9307861328125],[0,0,1]],[[0.95587748,-0.01200905,0.29352009,0.04],[0.00101856,0.99929357,0.03756795,-0.],[-0.29376388,-0.03561139,0.95521444,0.02]]]
[[[1143.6417236328125,0,984.280517578125],[0,1143.6417236328125,575.9307861328125],[0,0,1]],[[9.33286370e-01,-1.56634600e-02,3.58791350e-01,4.00000000e-02],[5.45744784e-04,9.99109149e-01,4.21976969e-02,-1.00000000e-02],[-3.59132650e-01,-3.91867200e-02,9.32463470e-01,3.00000000e-02]]]
[[[1143.6417236328125,0,984.280517578125],[0,1143.6417236328125,575.9307861328125],[0,0,1]],[[0.89604461,-0.02079087,0.44347689,0.05],[0.00186824,0.99907058,0.04306317,-0.01],[-0.44396004,-0.037758,0.89525068,0.03]]]
[[[1143.6417236328125,0,984.280517578125],[0,1143.6417236328125,575.9307861328125],[0,0,1]],[[0.88109797,-0.02175697,0.47243309,0.06],[0.00178086,0.9990868,0.04268962,-0.],[-0.47293043,-0.0367724,0.88033211,0.03]]]
[[[1143.6417236328125,0,984.280517578125],[0,1143.6417236328125,575.9307861328125],[0,0,1]],[[0.86693883,-0.02307948,0.49787989,0.07],[0.00202765,0.99908239,0.04278233,-0.],[-0.49841043,-0.03608013,0.86619008,0.04]]]
[[[1143.6417236328125,0,984.280517578125],[0,1143.6417236328125,575.9307861328125],[0,0,1]],[[0.86778069,-0.0232363,0.49640381,0.07],[0.00208718,0.99906784,0.04311697,-0.],[-0.496943,-0.03637999,0.86702025,0.04]]]
[[[1143.6417236328125,0,984.280517578125],[0,1143.6417236328125,575.9307861328125],[0,0,1]],[[0.87455177,-0.02414852,0.48433051,0.08],[0.00296966,0.99900728,0.0444478,-0.],[-0.48492303,-0.03743361,0.87375534,0.03]]]
[[[1143.6417236328125,0,984.280517578125],[0,1143.6417236328125,575.9307861328125],[0,0,1]],[[0.91360307,-0.0206889,0.40608054,0.08],[0.00275983,0.99899721,0.04468761,-0.],[-0.40659785,-0.03970603,0.91274399,0.01]]]
[[[1143.6417236328125,0,984.280517578125],[0,1143.6417236328125,575.9307861328125],[0,0,1]],[[0.92409593,-0.01819938,0.38172704,0.06],[0.00176875,0.99905837,0.04334969,-0.],[-0.38215655,-0.03938409,0.92325795,0.01]]]
[[[1143.6417236328125,0,984.280517578125],[0,1143.6417236328125,575.9307861328125],[0,0,1]],[[0.94333845,-0.01738053,0.3313767,0.07],[0.00294859,0.99902695,0.0440046,-0.],[-0.33181909,-0.04053413,0.9424718,0.]]]
[[[1143.6417236328125,0,984.280517578125],[0,1143.6417236328125,575.9307861328125],[0,0,1]],[[0.95927453,-0.01263641,0.28219271,0.07],[0.00131602,0.99918801,0.04026937,-0.],[-0.28247243,-0.03825801,0.95851219,-0.01]]]
[[[1143.6417236328125,0,984.280517578125],[0,1143.6417236328125,575.9307861328125],[0,0,1]],[[0.96902776,-0.01227317,0.24664672,0.07],[0.00231979,0.99917257,0.04060495,-0.01],[-0.24694099,-0.03877515,0.96825445,-0.01]]]
[[[1143.6417236328125,0,984.280517578125],[0,1143.6417236328125,575.9307861328125],[0,0,1]],[[0.97905529,-0.00882653,0.20340301,0.06],[0.00114455,0.9992826,0.03785402,-0.01],[-0.20359121,-0.03682837,0.97836304,-0.02]]]
[[[1143.6417236328125,0,984.280517578125],[0,1143.6417236328125,575.9307861328125],[0,0,1]],[[9.82466040e-01,-5.33958000e-03,1.86365260e-01,5.00000000e-02],[-8.79275380e-04,9.99445975e-01,3.32705863e-02,-1.00000000e-02],[-1.86439680e-01,-3.28510900e-02,9.81917020e-01,-2.00000000e-02]]]
[[[1143.6417236328125,0,984.280517578125],[0,1143.6417236328125,575.9307861328125],[0,0,1]],[[0.98935407,-0.00825145,0.14529444,0.06],[0.00219286,0.99912322,0.04180958,-0.01],[-0.14551203,-0.04104586,0.98850465,-0.03]]]
[[[1143.6417236328125,0,984.280517578125],[0,1143.6417236328125,575.9307861328125],[0,0,1]],[[0.99242437,-0.00711216,0.12265101,0.05],[0.0019814,0.9991197,0.04190356,-0.01],[-0.12284106,-0.0413431,0.99156481,-0.03]]]
[[[1143.6417236328125,0,984.280517578125],[0,1143.6417236328125,575.9307861328125],[0,0,1]],[[0.99458534,-0.00602858,0.10374784,0.05],[0.00165876,0.99910975,0.04215444,-0.01],[-0.10390961,-0.04175409,0.99370992,-0.03]]]
[[[1143.6417236328125,0,984.280517578125],[0,1143.6417236328125,575.9307861328125],[0,0,1]],[[0.99923766,-0.00383486,0.0388509,0.05],[0.0022252,0.99914056,0.04139059,-0.01],[-0.03897623,-0.04127259,0.9983874,-0.04]]]
[[[1143.6417236328125,0,984.280517578125],[0,1143.6417236328125,575.9307861328125],[0,0,1]],[[0.99999225,-0.00125372,0.00373314,0.03],[0.00109922,0.99915427,0.04110338,-0.01],[-0.00378151,-0.04109896,0.99914795,-0.04]]]
[[[1143.6417236328125,0,984.280517578125],[0,1143.6417236328125,575.9307861328125],[0,0,1]],[[9.99786139e-01,-8.14727391e-05,-2.06811801e-02,4.00000000e-02],[9.00573621e-04,9.99215186e-01,3.95998806e-02,-1.00000000e-02],[2.06617200e-02,-3.96100400e-02,9.99001560e-01,-4.00000000e-02]]]
[[[1143.6417236328125,0,984.280517578125],[0,1143.6417236328125,575.9307861328125],[0,0,1]],[[9.97852270e-01,2.96917000e-03,-6.54375200e-02,3.00000000e-02],[-4.33301087e-04,9.99249518e-01,3.87327187e-02,-1.00000000e-02],[6.55034100e-02,-3.86211800e-02,9.97104640e-01,-4.00000000e-02]]]
[[[1143.6417236328125,0,984.280517578125],[0,1143.6417236328125,575.9307861328125],[0,0,1]],[[0.9948442,0.0049107,-0.10129619,0.02],[-0.00126225,0.99934918,0.03605038,-0.02],[0.1014073,-0.03573665,0.99420291,-0.05]]]
[[[1143.6417236328125,0,984.280517578125],[0,1143.6417236328125,575.9307861328125],[0,0,1]],[[0.99518853,0.00493054,-0.09785408,0.02],[-0.00138337,0.99934053,0.03628444,-0.02],[0.09796844,-0.03597449,0.99453908,-0.05]]]
[[[1143.6417236328125,0,984.280517578125],[0,1143.6417236328125,575.9307861328125],[0,0,1]],[[0.99996001,0.00116295,0.00887002,0.11],[-0.00135919,0.99975371,0.02215051,-0.04],[-0.00884207,-0.02216168,0.99971527,-0.06]]]
[[[1143.6417236328125,0,984.280517578125],[0,1143.6417236328125,575.9307861328125],[0,0,1]],[[0.99804676,-0.0051023,0.06226281,0.14],[0.00322755,0.99953943,0.03017389,-0.04],[-0.06238809,-0.02991399,0.9976036,-0.06]]]
[[[1143.6417236328125,0,984.280517578125],[0,1143.6417236328125,575.9307861328125],[0,0,1]],[[0.99667501,-0.00591418,0.0812637,0.14],[0.00337611,0.99950337,0.0313346,-0.04],[-0.08140865,-0.03095606,0.99619997,-0.06]]]
[[[1143.6417236328125,0,984.280517578125],[0,1143.6417236328125,575.9307861328125],[0,0,1]],[[0.99017352,-0.00861653,0.1395779,0.13],[0.00413576,0.99946785,0.03236059,-0.04],[-0.13978244,-0.03146534,0.9896822,-0.05]]]
[[[1143.6417236328125,0,984.280517578125],[0,1143.6417236328125,575.9307861328125],[0,0,1]],[[0.98337442,-0.01236842,0.1811679,0.13],[0.00637375,0.99941415,0.03363394,-0.04],[-0.1814777,-0.03192003,0.9828769,-0.05]]]
[[[1143.6417236328125,0,984.280517578125],[0,1143.6417236328125,575.9307861328125],[0,0,1]],[[0.97278982,-0.01550341,0.23117059,0.13],[0.00739799,0.99932891,0.03588829,-0.04],[-0.23157167,-0.03320155,0.97225112,-0.05]]]
[[[1143.6417236328125,0,984.280517578125],[0,1143.6417236328125,575.9307861328125],[0,0,1]],[[0.96228468,-0.01607471,0.27157,0.13],[0.00720135,0.99940854,0.0336394,-0.04],[-0.27194992,-0.03041499,0.96183062,-0.05]]]
[[[1143.6417236328125,0,984.280517578125],[0,1143.6417236328125,575.9307861328125],[0,0,1]],[[0.94390213,-0.02020808,0.32960674,0.14],[0.00906043,0.99933535,0.03532235,-0.04],[-0.33010128,-0.03035443,0.94345731,-0.04]]]
[[[1143.6417236328125,0,984.280517578125],[0,1143.6417236328125,575.9307861328125],[0,0,1]],[[0.92558724,-0.02138975,0.37792987,0.14],[0.00868601,0.99933994,0.0352869,-0.04],[-0.37843496,-0.02937837,0.92516154,-0.03]]]
[[[1143.6417236328125,0,984.280517578125],[0,1143.6417236328125,575.9307861328125],[0,0,1]],[[0.89310259,-0.02453452,0.44918346,0.15],[0.00978779,0.99933553,0.03512309,-0.04],[-0.44974646,-0.02697198,0.89274889,-0.03]]]
[[[1143.6417236328125,0,984.280517578125],[0,1143.6417236328125,575.9307861328125],[0,0,1]],[[0.89161277,-0.0254456,0.45208317,0.15],[0.01044027,0.99931008,0.03565577,-0.04],[-0.45267838,-0.02707124,0.89126301,-0.03]]]
[[[1143.6417236328125,0,984.280517578125],[0,1143.6417236328125,575.9307861328125],[0,0,1]],[[0.90941101,-0.02715884,0.41501069,0.12],[0.01279589,0.99922067,0.03735077,-0.03],[-0.4157016,-0.02865675,0.90904963,-0.04]]]
[[[1143.6417236328125,0,984.280517578125],[0,1143.6417236328125,575.9307861328125],[0,0,1]],[[0.96544087,-0.02331502,0.25957718,0.05],[0.01387907,0.99917692,0.03812515,-0.03],[-0.26025239,-0.03320486,0.96496975,-0.06]]]
[[[1143.6417236328125,0,984.280517578125],[0,1143.6417236328125,575.9307861328125],[0,0,1]],[[0.97295326,-0.01956014,0.23017316,0.06],[0.01140048,0.99926078,0.03672697,-0.03],[-0.23072135,-0.03310951,0.97245681,-0.06]]]
[[[1143.6417236328125,0,984.280517578125],[0,1143.6417236328125,575.9307861328125],[0,0,1]],[[0.9833467,-0.01754498,0.18089075,0.03],[0.01135189,0.99931562,0.03521542,-0.02],[-0.18138486,-0.03257548,0.9828729,-0.07]]]
[[[1143.6417236328125,0,984.280517578125],[0,1143.6417236328125,575.9307861328125],[0,0,1]],[[0.99060935,-0.01435011,0.13596745,0.02],[0.01012932,0.99944687,0.03168392,-0.03],[-0.13634694,-0.0300091,0.9902069,-0.07]]]
[[[1143.6417236328125,0,984.280517578125],[0,1143.6417236328125,575.9307861328125],[0,0,1]],[[0.99448359,-0.01471512,0.10385428,0.02],[0.01093913,0.99926174,0.03683518,-0.03],[-0.1043197,-0.03549589,0.99391067,-0.07]]]
[[[1143.6417236328125,0,984.280517578125],[0,1143.6417236328125,575.9307861328125],[0,0,1]],[[0.99715805,-0.01318652,0.07417463,0.01],[0.01057855,0.99931592,0.0354438,-0.03],[-0.07459133,-0.03455839,0.99661571,-0.08]]]
[[[1143.6417236328125,0,984.280517578125],[0,1143.6417236328125,575.9307861328125],[0,0,1]],[[0.99837673,-0.0119434,0.05568683,0.01],[0.01001689,0.99934608,0.03474734,-0.03],[-0.05606546,-0.03413311,0.99784398,-0.08]]]
[[[1143.6417236328125,0,984.280517578125],[0,1143.6417236328125,575.9307861328125],[0,0,1]],[[0.99966359,-0.01083124,0.02356151,0.01],[0.01002635,0.99937111,0.03401563,-0.03],[-0.02391517,-0.03376793,0.99914402,-0.08]]]
[[[1143.6417236328125,0,984.280517578125],[0,1143.6417236328125,575.9307861328125],[0,0,1]],[[0.99990189,-0.00912706,-0.01061685,0.01],[0.00947061,0.99941844,0.03276986,-0.03],[0.01031156,-0.03286715,0.99940699,-0.08]]]
[[[1143.6417236328125,0,984.280517578125],[0,1143.6417236328125,575.9307861328125],[0,0,1]],[[0.99927711,-0.00771576,-0.03722525,0.01],[0.00889468,0.99946123,0.03160834,-0.03],[0.03696128,-0.03191656,0.99880737,-0.09]]]
[[[1143.6417236328125,0,984.280517578125],[0,1143.6417236328125,575.9307861328125],[0,0,1]],[[0.99810731,-0.00676464,-0.06112198,0.],[0.00868305,0.99947667,0.03117541,-0.03],[0.06087908,-0.03164709,0.99764377,-0.09]]]
[[[1143.6417236328125,0,984.280517578125],[0,1143.6417236328125,575.9307861328125],[0,0,1]],[[0.99720007,-0.00552282,-0.07457517,-0.],[0.0078551,0.99948871,0.03101713,-0.03],[0.07436571,-0.03151603,0.99673337,-0.09]]]
[[[1143.6417236328125,0,984.280517578125],[0,1143.6417236328125,575.9307861328125],[0,0,1]],[[0.99609607,-0.00489494,-0.08813959,-0.],[0.00754771,0.99952829,0.02978926,-0.03],[0.08795219,-0.03033817,0.99566305,-0.09]]]
[[[1143.6417236328125,0,984.280517578125],[0,1143.6417236328125,575.9307861328125],[0,0,1]],[[0.99357039,-0.00411781,-0.1131397,-0.],[0.00734045,0.99957925,0.02808189,-0.03],[0.11297643,-0.02873179,0.99318254,-0.1]]]
[[[1143.6417236328125,0,984.280517578125],[0,1143.6417236328125,575.9307861328125],[0,0,1]],[[0.99189836,-0.00338852,-0.1269875,0.],[0.00693055,0.99959946,0.02746123,-0.03],[0.12684357,-0.02811881,0.99152446,-0.1]]]
[[[1143.6417236328125,0,984.280517578125],[0,1143.6417236328125,575.9307861328125],[0,0,1]],[[0.98850447,-0.00371902,-0.15114561,-0.01],[0.00757823,0.99966043,0.02496504,-0.04],[0.15100135,-0.02582343,0.98819655,-0.1]]]
[[[1143.6417236328125,0,984.280517578125],[0,1143.6417236328125,575.9307861328125],[0,0,1]],[[0.98371768,-0.00155888,-0.17971303,-0.01],[0.00574178,0.99972534,0.02275757,-0.04],[0.17962807,-0.02341885,0.98345602,-0.11]]]
[[[1143.6417236328125,0,984.280517578125],[0,1143.6417236328125,575.9307861328125],[0,0,1]],[[0.98346496,-0.00191643,-0.18108812,-0.01],[0.00572718,0.99977392,0.02052308,-0.04],[0.1810077,-0.0212208,0.98325306,-0.11]]]
[[[1143.6417236328125,0,984.280517578125],[0,1143.6417236328125,575.9307861328125],[0,0,1]],[[0.9834553,-0.00153787,-0.18114509,-0.01],[0.00558254,0.9997474,0.02182056,-0.04],[0.18106559,-0.02247073,0.98321474,-0.11]]]
[[[1143.6417236328125,0,984.280517578125],[0,1143.6417236328125,575.9307861328125],[0,0,1]],[[0.98310584,-0.00148992,-0.18303251,-0.01],[0.00559105,0.99974591,0.02189256,-0.04],[0.18295324,-0.02254598,0.98286366,-0.11]]]
[[[1143.6417236328125,0,984.280517578125],[0,1143.6417236328125,575.9307861328125],[0,0,1]],[[0.98324341,-0.00140004,-0.18229201,-0.02],[0.00550944,0.99974316,0.02203846,-0.04],[0.18221416,-0.02267344,0.98299801,-0.11]]]
[[[1143.6417236328125,0,984.280517578125],[0,1143.6417236328125,575.9307861328125],[0,0,1]],[[0.99132031,-0.00314587,-0.13143042,-0.],[0.00602557,0.99975151,0.02151844,-0.05],[0.13132986,-0.02212355,0.99109232,-0.12]]]
[[[1143.6417236328125,0,984.280517578125],[0,1143.6417236328125,575.9307861328125],[0,0,1]],[[0.99668914,-0.00634982,-0.08105681,0.01],[0.00807587,0.99974829,0.0209841,-0.05],[0.08090304,-0.02156918,0.99648905,-0.12]]]
[[[1143.6417236328125,0,984.280517578125],[0,1143.6417236328125,575.9307861328125],[0,0,1]],[[0.99941915,-0.00830432,-0.03304979,0.02],[0.00902492,0.99972445,0.02171392,-0.05],[0.03286028,-0.02199953,0.99921829,-0.12]]]
[[[1143.6417236328125,0,984.280517578125],[0,1143.6417236328125,575.9307861328125],[0,0,1]],[[0.99983019,-0.01004215,0.01545926,0.02],[0.00971262,0.99972802,0.02124676,-0.05],[-0.01566848,-0.02109295,0.99965519,-0.11]]]
[[[1143.6417236328125,0,984.280517578125],[0,1143.6417236328125,575.9307861328125],[0,0,1]],[[0.99694949,-0.01226019,0.07708322,0.],[0.01066566,0.99972242,0.0210638,-0.05],[-0.07732009,-0.02017734,0.99680275,-0.11]]]
[[[1143.6417236328125,0,984.280517578125],[0,1143.6417236328125,575.9307861328125],[0,0,1]],[[0.98687649,-0.01429244,0.1608455,0.02],[0.01155325,0.99977326,0.01795246,-0.05],[-0.16106555,-0.01585852,0.98681706,-0.12]]]
[[[1143.6417236328125,0,984.280517578125],[0,1143.6417236328125,575.9307861328125],[0,0,1]],[[0.9834674,-0.01702077,0.18028617,0.03],[0.01306475,0.99964881,0.02310794,-0.06],[-0.18061611,-0.02037045,0.9833436,-0.11]]]
[[[1143.6417236328125,0,984.280517578125],[0,1143.6417236328125,575.9307861328125],[0,0,1]],[[0.96998423,-0.0198065,0.24236196,0.06],[0.01333982,0.99951184,0.02829413,-0.05],[-0.24280395,-0.02421173,0.96977425,-0.11]]]
[[[1143.6417236328125,0,984.280517578125],[0,1143.6417236328125,575.9307861328125],[0,0,1]],[[0.95652151,-0.01993967,0.2909812,0.07],[0.01370898,0.99963254,0.02343591,-0.05],[-0.29134136,-0.01842784,0.95644265,-0.1]]]
[[[1143.6417236328125,0,984.280517578125],[0,1143.6417236328125,575.9307861328125],[0,0,1]],[[9.47837110e-01,-1.29960000e-02,3.18490120e-01,4.00000000e-02],[4.99553978e-04,9.99227822e-01,3.92868482e-02,0.00000000e+00],[-3.18754760e-01,-3.70784300e-02,9.47111730e-01,3.00000000e-02]]]
[[[1143.6417236328125,0,984.280517578125],[0,1143.6417236328125,575.9307861328125],[0,0,1]],[[0.94767666,-0.01438222,0.31890815,0.04],[0.00110106,0.9991259,0.04178694,0.],[-0.31923035,-0.03924936,0.94686401,0.03]]]
[[[1143.6417236328125,0,984.280517578125],[0,1143.6417236328125,575.9307861328125],[0,0,1]],[[0.94750142,-0.01625198,0.31933862,0.04],[0.00170684,0.9989503,0.04577486,0.],[-0.31974733,-0.04282667,0.94653451,0.03]]]
[[[1143.6417236328125,0,984.280517578125],[0,1143.6417236328125,575.9307861328125],[0,0,1]],[[0.9459002,-0.01548606,0.32408801,0.04],[0.00129465,0.9990325,0.04395864,0.],[-0.32445523,-0.0411609,0.94500506,0.03]]]
[[[1143.6417236328125,0,984.280517578125],[0,1143.6417236328125,575.9307861328125],[0,0,1]],[[0.94481891,-0.01520189,0.32724011,0.04],[0.00117351,0.99907339,0.04302359,0.],[-0.32759094,-0.04026549,0.94396126,0.03]]]
[[[1143.6417236328125,0,984.280517578125],[0,1143.6417236328125,575.9307861328125],[0,0,1]],[[9.44631700e-01,-1.40777300e-02,3.27830370e-01,4.00000000e-02],[5.87377232e-04,9.99150217e-01,4.12131175e-02,0.00000000e+00],[-3.28131970e-01,-3.87386600e-02,9.43837230e-01,3.00000000e-02]]]
[[[1143.6417236328125,0,984.280517578125],[0,1143.6417236328125,575.9307861328125],[0,0,1]],[[0.96645504,-0.01697843,0.25627401,0.1],[0.0059409,0.99902344,0.04378219,0.01],[-0.25676712,-0.04079102,0.96561211,-0.04]]]
[[[1143.6417236328125,0,984.280517578125],[0,1143.6417236328125,575.9307861328125],[0,0,1]],[[0.9983654,-0.00678771,0.05674871,0.07],[0.00419942,0.99895072,0.04560515,0.02],[-0.05699872,-0.04529229,0.99734634,-0.06]]]
[[[1143.6417236328125,0,984.280517578125],[0,1143.6417236328125,575.9307861328125],[0,0,1]],[[0.99996132,-0.00280205,-0.00834968,0.05],[0.00316219,0.99905133,0.04343551,0.02],[0.00822005,-0.04346024,0.99902147,-0.07]]]
[[[1143.6417236328125,0,984.280517578125],[0,1143.6417236328125,575.9307861328125],[0,0,1]],[[9.98872399e-01,-8.59826454e-04,-4.74700518e-02,5.00000000e-02],[2.88971000e-03,9.99083580e-01,4.27092800e-02,2.00000000e-02],[4.73898200e-02,-4.27982900e-02,9.97959320e-01,-7.00000000e-02]]]
[[[1143.6417236328125,0,984.280517578125],[0,1143.6417236328125,575.9307861328125],[0,0,1]],[[0.99642211,0.0010035,-0.08451184,0.04],[0.00213453,0.99931216,0.03703269,0.01],[0.08449086,-0.03708059,0.99573421,-0.07]]]
[[[1143.6417236328125,0,984.280517578125],[0,1143.6417236328125,575.9307861328125],[0,0,1]],[[0.99237061,0.00570903,-0.12315837,-0.01],[-0.00124004,0.99933898,0.03633275,0.],[0.12328439,-0.03590283,0.99172169,-0.]]]
[[[1143.6417236328125,0,984.280517578125],[0,1143.6417236328125,575.9307861328125],[0,0,1]],[[0.99238181,0.00593047,-0.12305734,0.],[-0.00156207,0.99936616,0.03556503,0.],[0.12319026,-0.03510187,0.9917621,-0.]]]
[[[1143.6417236328125,0,984.280517578125],[0,1143.6417236328125,575.9307861328125],[0,0,1]],[[0.99051964,0.00655775,-0.13721624,0.],[-0.00168715,0.99936545,0.03558203,0.],[0.13736245,-0.0350132,0.98990184,-0.]]]
[[[1143.6417236328125,0,984.280517578125],[0,1143.6417236328125,575.9307861328125],[0,0,1]],[[0.99015814,0.00729636,-0.13976438,0.],[-0.00234138,0.99936408,0.03558403,0.],[0.13993512,-0.03490657,0.98954523,-0.01]]]
[[[1143.6417236328125,0,984.280517578125],[0,1143.6417236328125,575.9307861328125],[0,0,1]],[[0.98967862,0.00703153,-0.14313371,0.],[-0.00190017,0.99935174,0.03595525,-0.],[0.14329372,-0.03531214,0.98905003,-0.01]]]
[[[1143.6417236328125,0,984.280517578125],[0,1143.6417236328125,575.9307861328125],[0,0,1]],[[0.98838192,0.00770337,-0.15179692,0.],[-0.00219965,0.99933529,0.03639171,-0.],[0.15197633,-0.03563498,0.98774153,-0.01]]]
[[[1143.6417236328125,0,984.280517578125],[0,1143.6417236328125,575.9307861328125],[0,0,1]],[[0.98796016,0.00807003,-0.15449952,0.],[-0.00249823,0.99934071,0.03622379,-0.],[0.15468995,-0.03540167,0.98732859,-0.01]]]
[[[1143.6417236328125,0,984.280517578125],[0,1143.6417236328125,575.9307861328125],[0,0,1]],[[0.98778099,0.00770945,-0.15565898,-0.],[-0.00234355,0.9993977,0.03462628,-0.],[0.15583216,-0.03383837,0.98720378,-0.01]]]
[[[1143.6417236328125,0,984.280517578125],[0,1143.6417236328125,575.9307861328125],[0,0,1]],[[0.99283427,0.00808479,-0.11922769,0.04],[-0.00415072,0.99943995,0.03320774,-0.01],[0.11942938,-0.03247489,0.99231142,-0.01]]]
[[[1143.6417236328125,0,984.280517578125],[0,1143.6417236328125,575.9307861328125],[0,0,1]],[[9.99827445e-01,6.76867552e-04,-1.85764544e-02,8.00000000e-02],[-5.23719518e-06,9.99347210e-01,3.61310393e-02,-2.00000000e-02],[1.85888100e-02,-3.61246900e-02,9.99174420e-01,-0.00000000e+00]]]
[[[1143.6417236328125,0,984.280517578125],[0,1143.6417236328125,575.9307861328125],[0,0,1]],[[1.00000000e+00,-1.65492693e-05,-6.85358711e-04,8.00000000e-02],[4.13480557e-05,9.99344826e-01,3.61954011e-02,-2.00000000e-02],[6.84340310e-04,-3.61954123e-02,9.99344468e-01,-0.00000000e+00]]]
[[[1143.6417236328125,0,984.280517578125],[0,1143.6417236328125,575.9307861328125],[0,0,1]],[[9.99721470e-01,-1.50415000e-03,2.35631200e-02,9.00000000e-02],[6.44943386e-04,9.99336123e-01,3.64295505e-02,-2.00000000e-02],[-2.36022400e-02,-3.64041800e-02,9.99058370e-01,-0.00000000e+00]]]
[[[1143.6417236328125,0,984.280517578125],[0,1143.6417236328125,575.9307861328125],[0,0,1]],[[9.98812620e-01,-2.77703000e-03,4.86423500e-02,9.00000000e-02],[9.76023090e-04,9.99314547e-01,3.70101929e-02,-2.00000000e-02],[-4.87117400e-02,-3.69187600e-02,9.98130320e-01,-0.00000000e+00]]]
[[[1143.6417236328125,0,984.280517578125],[0,1143.6417236328125,575.9307861328125],[0,0,1]],[[0.99790412,-0.00340986,0.06462338,0.09],[0.00101921,0.9993152,0.03699052,-0.02],[-0.0647052,-0.0368471,0.99722391,-0.]]]
[[[1143.6417236328125,0,984.280517578125],[0,1143.6417236328125,575.9307861328125],[0,0,1]],[[9.96509020e-01,-3.89502000e-03,8.33970200e-02,8.00000000e-02],[8.22327856e-04,9.99320686e-01,3.68468426e-02,-2.00000000e-02],[-8.34838200e-02,-3.66496100e-02,9.95834950e-01,-0.00000000e+00]]]
[[[1143.6417236328125,0,984.280517578125],[0,1143.6417236328125,575.9307861328125],[0,0,1]],[[9.78965340e-01,-6.82409000e-03,2.03913640e-01,1.20000000e-01],[1.23459293e-04,9.99460220e-01,3.28548104e-02,-3.00000000e-02],[-2.04027680e-01,-3.21385300e-02,9.78437420e-01,-0.00000000e+00]]]
[[[1143.6417236328125,0,984.280517578125],[0,1143.6417236328125,575.9307861328125],[0,0,1]],[[9.66653350e-01,-6.52260000e-03,2.56006810e-01,1.20000000e-01],[-7.69611681e-04,9.99597311e-01,2.83739418e-02,-3.00000000e-02],[-2.56088640e-01,-2.76247800e-02,9.66258650e-01,-0.00000000e+00]]]
[[[1143.6417236328125,0,984.280517578125],[0,1143.6417236328125,575.9307861328125],[0,0,1]],[[0.9562158,-0.00887588,0.29252779,0.02],[-0.00147602,0.99938101,0.03514806,-0.],[-0.29265869,-0.03404091,0.95561087,0.03]]]
[[[1143.6417236328125,0,984.280517578125],[0,1143.6417236328125,575.9307861328125],[0,0,1]],[[0.93344188,-0.00968272,0.35859793,0.03],[-0.00282644,0.9994061,0.03434288,0.],[-0.3587175,-0.03307064,0.93286014,0.04]]]
[[[1143.6417236328125,0,984.280517578125],[0,1143.6417236328125,575.9307861328125],[0,0,1]],[[0.8701182,-0.01881902,0.49248418,0.02],[0.00335204,0.99947357,0.03226996,0.03],[-0.49283218,-0.02642785,0.8697232,0.11]]]
[[[1143.6417236328125,0,984.280517578125],[0,1143.6417236328125,575.9307861328125],[0,0,1]],[[0.87139428,-0.02439154,0.48997658,0.02],[0.00343736,0.99904227,0.0436202,0.03],[-0.49057126,-0.03632617,0.87064362,0.11]]]
[[[1143.6417236328125,0,984.280517578125],[0,1143.6417236328125,575.9307861328125],[0,0,1]],[[0.87117809,-0.02573907,0.49029192,0.03],[0.0037797,0.99894679,0.04572616,0.03],[-0.49095252,-0.03798248,0.87035793,0.1]]]
[[[1143.6417236328125,0,984.280517578125],[0,1143.6417236328125,575.9307861328125],[0,0,1]],[[0.90586478,-0.02007893,0.42309088,0.14],[0.00404397,0.99924022,0.03876328,0.],[-0.42354774,-0.03340333,0.9052577,-0.02]]]
[[[1143.6417236328125,0,984.280517578125],[0,1143.6417236328125,575.9307861328125],[0,0,1]],[[0.99278945,-0.009652,0.119481,0.07],[0.00400886,0.99886882,0.04738105,0.01],[-0.11980317,-0.04656042,0.99170518,-0.06]]]
[[[1143.6417236328125,0,984.280517578125],[0,1143.6417236328125,575.9307861328125],[0,0,1]],[[0.99774855,-0.00564839,0.06682668,0.04],[0.00265449,0.99899244,0.04480513,0.01],[-0.06701242,-0.04452686,0.9967581,-0.08]]]
[[[1143.6417236328125,0,984.280517578125],[0,1143.6417236328125,575.9307861328125],[0,0,1]],[[0.99986756,-0.00257564,-0.0160691,0.03],[0.00320513,0.99922341,0.03927241,-0.],[0.01595546,-0.03931871,0.99909931,-0.]]]
[[[1143.6417236328125,0,984.280517578125],[0,1143.6417236328125,575.9307861328125],[0,0,1]],[[9.95683014e-01,7.79280846e-04,-9.28155333e-02,3.00000000e-02],[2.41511000e-03,9.99408660e-01,3.42992500e-02,-0.00000000e+00],[9.27873800e-02,-3.43753400e-02,9.95092390e-01,-0.00000000e+00]]]
[[[1143.6417236328125,0,984.280517578125],[0,1143.6417236328125,575.9307861328125],[0,0,1]],[[9.86307080e-01,5.91945000e-03,-1.64813760e-01,0.00000000e+00],[1.23206946e-05,9.99353111e-01,3.59665118e-02,-0.00000000e+00],[1.64920020e-01,-3.54760400e-02,9.85668840e-01,-0.00000000e+00]]]
[[[1143.6417236328125,0,984.280517578125],[0,1143.6417236328125,575.9307861328125],[0,0,1]],[[0.98312879,0.00804346,-0.18273854,-0.],[-0.00112307,0.99927944,0.03794242,-0.],[0.18291195,-0.03709705,0.98242927,-0.01]]]
[[[1143.6417236328125,0,984.280517578125],[0,1143.6417236328125,575.9307861328125],[0,0,1]],[[0.98158973,0.00886306,-0.19079635,-0.],[-0.00148542,0.99924695,0.03877594,-0.],[0.19099621,-0.03777865,0.98086375,-0.01]]]
[[[1143.6417236328125,0,984.280517578125],[0,1143.6417236328125,575.9307861328125],[0,0,1]],[[0.98155713,0.00883392,-0.19096601,-0.],[-0.00144911,0.99924713,0.03877594,-0.],[0.19116464,-0.03778404,0.98083085,-0.01]]]
[[[1143.6417236328125,0,984.280517578125],[0,1143.6417236328125,575.9307861328125],[0,0,1]],[[0.98226243,0.00901171,-0.18729594,-0.],[-0.00177506,0.99924684,0.03876934,-0.],[0.18750408,-0.0377492,0.98153853,-0.01]]]
[[[1143.6417236328125,0,984.280517578125],[0,1143.6417236328125,575.9307861328125],[0,0,1]],[[0.99098617,0.00464009,-0.13388655,0.05],[-0.00121188,0.99966997,0.0256755,-0.04],[0.13396132,-0.02528181,0.99066436,-0.02]]]
[[[1143.6417236328125,0,984.280517578125],[0,1143.6417236328125,575.9307861328125],[0,0,1]],[[0.99967837,-0.00426589,0.02501227,0.07],[0.00341727,0.99942076,0.03387313,-0.03],[-0.02514239,-0.03377675,0.99911344,-0.]]]
[[[1143.6417236328125,0,984.280517578125],[0,1143.6417236328125,575.9307861328125],[0,0,1]],[[0.99194264,-0.00901661,0.1263712,0.06],[0.00427169,0.99927813,0.03776838,-0.03],[-0.12662056,-0.03692422,0.9912644,0.01]]]
[[[1143.6417236328125,0,984.280517578125],[0,1143.6417236328125,575.9307861328125],[0,0,1]],[[0.96883839,-0.01775325,0.24705872,0.07],[0.00808114,0.99916339,0.04010816,-0.03],[-0.24756403,-0.03686179,0.9681707,0.02]]]
[[[1143.6417236328125,0,984.280517578125],[0,1143.6417236328125,575.9307861328125],[0,0,1]],[[0.90916991,-0.02475676,0.41569015,0.1],[0.00917712,0.99918079,0.03943543,-0.03],[-0.41632581,-0.03203866,0.90865183,0.03]]]
[[[1143.6417236328125,0,984.280517578125],[0,1143.6417236328125,575.9307861328125],[0,0,1]],[[0.88528985,-0.02856785,0.46416262,0.12],[0.01108829,0.99912512,0.04034472,-0.02],[-0.46490902,-0.03057,0.88483161,0.03]]]
[[[1143.6417236328125,0,984.280517578125],[0,1143.6417236328125,575.9307861328125],[0,0,1]],[[0.88014674,-0.02814944,0.4738676,0.11],[0.01082989,0.99917197,0.03923931,-0.02],[-0.47457981,-0.02940442,0.8797223,0.04]]]
[[[1143.6417236328125,0,984.280517578125],[0,1143.6417236328125,575.9307861328125],[0,0,1]],[[0.85948831,-0.02789287,0.51039493,0.11],[0.00957429,0.99921441,0.03848385,-0.03],[-0.51106739,-0.02818974,0.85907948,0.05]]]
[[[1143.6417236328125,0,984.280517578125],[0,1143.6417236328125,575.9307861328125],[0,0,1]],[[0.84056056,-0.0315287,0.54080063,0.14],[0.01071527,0.99907845,0.04159169,-0.02],[-0.54161352,-0.0291655,0.84012282,0.04]]]
[[[1143.6417236328125,0,984.280517578125],[0,1143.6417236328125,575.9307861328125],[0,0,1]],[[0.84741312,-0.03094507,0.53003287,0.19],[0.01101768,0.99911141,0.04071638,-0.02],[-0.5308218,-0.02866385,0.847,-0.]]]
[[[1143.6417236328125,0,984.280517578125],[0,1143.6417236328125,575.9307861328125],[0,0,1]],[[0.94605321,-0.02512177,0.32303801,0.24],[0.01211876,0.99903709,0.04220114,-0.01],[-0.32378727,-0.03600969,0.94544572,-0.05]]]
[[[1143.6417236328125,0,984.280517578125],[0,1143.6417236328125,575.9307861328125],[0,0,1]],[[0.99131656,-0.01336775,0.13082162,0.23],[0.00826783,0.9991889,0.03944955,-0.01],[-0.13124318,-0.03802537,0.99062198,-0.06]]]
[[[1143.6417236328125,0,984.280517578125],[0,1143.6417236328125,575.9307861328125],[0,0,1]],[[0.9998455,-0.0057238,0.01666218,0.17],[0.00508407,0.99925929,0.03818558,-0.01],[-0.01686885,-0.03809498,0.99913317,-0.06]]]
[[[1143.6417236328125,0,984.280517578125],[0,1143.6417236328125,575.9307861328125],[0,0,1]],[[0.9996357,-0.00363565,-0.02677625,0.16],[0.004626,0.99930555,0.03701805,-0.01],[0.02662258,-0.03712844,0.99895722,-0.05]]]
[[[1143.6417236328125,0,984.280517578125],[0,1143.6417236328125,575.9307861328125],[0,0,1]],[[0.99714762,-0.00166793,-0.07547215,0.14],[0.00425291,0.99941117,0.03410326,-0.01],[0.07537027,-0.03432697,0.99656612,-0.06]]]
[[[1143.6417236328125,0,984.280517578125],[0,1143.6417236328125,575.9307861328125],[0,0,1]],[[0.99451786,0.00113589,-0.10457185,0.13],[0.00239333,0.99943382,0.03361776,-0.01],[0.10455023,-0.03368376,0.99395072,-0.06]]]
[[[1143.6417236328125,0,984.280517578125],[0,1143.6417236328125,575.9307861328125],[0,0,1]],[[0.99312699,0.00142808,-0.11704538,0.12],[0.00264204,0.99939948,0.03461156,-0.01],[0.11702389,-0.03468292,0.99252522,-0.06]]]
[[[1143.6417236328125,0,984.280517578125],[0,1143.6417236328125,575.9307861328125],[0,0,1]],[[0.98915642,0.00312294,-0.14684251,0.12],[0.00192576,0.99941438,0.03422715,-0.01],[0.14686273,-0.03413881,0.98856968,-0.07]]]
[[[1143.6417236328125,0,984.280517578125],[0,1143.6417236328125,575.9307861328125],[0,0,1]],[[0.98797047,0.00379672,-0.15460543,0.12],[0.0015422,0.99940902,0.03439816,-0.02],[0.15464395,-0.03422281,0.98737931,-0.07]]]
[[[1143.6417236328125,0,984.280517578125],[0,1143.6417236328125,575.9307861328125],[0,0,1]],[[0.98774636,0.00399463,-0.15602584,0.12],[0.00164436,0.99935263,0.03599576,-0.02],[0.15606789,-0.03581125,0.98709887,-0.07]]]
[[[1143.6417236328125,0,984.280517578125],[0,1143.6417236328125,575.9307861328125],[0,0,1]],[[0.98767138,0.00300077,-0.15652288,0.12],[0.00213832,0.99946642,0.03265428,-0.02],[0.15653659,-0.03258641,0.98713654,-0.07]]]
[[[1143.6417236328125,0,984.280517578125],[0,1143.6417236328125,575.9307861328125],[0,0,1]],[[9.90735290e-01,4.65741000e-03,-1.35738730e-01,1.10000000e-01],[-1.26549448e-05,9.99417067e-01,3.41993533e-02,-2.00000000e-02],[1.35818150e-01,-3.38807900e-02,9.90156350e-01,-7.00000000e-02]]]
[[[1143.6417236328125,0,984.280517578125],[0,1143.6417236328125,575.9307861328125],[0,0,1]],[[9.99126375e-01,3.62594234e-04,-4.18239050e-02,1.20000000e-01],[5.08535421e-04,9.99785185e-01,2.08165385e-02,-5.00000000e-02],[4.18218800e-02,-2.08196400e-02,9.98910190e-01,-8.00000000e-02]]]
[[[1143.6417236328125,0,984.280517578125],[0,1143.6417236328125,575.9307861328125],[0,0,1]],[[0.96704596,-0.02346892,0.25352362,0.24],[0.02307681,0.9997254,0.00452076,-0.1],[-0.25356027,0.00147869,0.96732056,-0.02]]]
[[[1143.6417236328125,0,984.280517578125],[0,1143.6417236328125,575.9307861328125],[0,0,1]],[[0.96245056,-0.03077378,0.26971236,0.26],[0.02730744,0.99949121,0.01659564,-0.11],[-0.27008596,-0.00860735,0.96279985,-0.02]]]
