[[[1146.290283203125,0,984.3402099609375],[0,1146.290283203125,575.939208984375],[0,0,1]],[[9.99999166e-01,1.28669641e-03,6.35768520e-05,0.00000000e+00],[-1.28808000e-03,9.99471250e-01,3.24901700e-02,0.00000000e+00],[-2.17382512e-05,-3.24902199e-02,9.99472082e-01,0.00000000e+00]]]
[[[1146.290283203125,0,984.3402099609375],[0,1146.290283203125,575.939208984375],[0,0,1]],[[9.99999166e-01,1.28669641e-03,6.35768520e-05,0.00000000e+00],[-1.28808000e-03,9.99471250e-01,3.24901700e-02,0.00000000e+00],[-2.17382512e-05,-3.24902199e-02,9.99472082e-01,0.00000000e+00]]]
[[[1146.290283203125,0,984.3402099609375],[0,1146.290283203125,575.939208984375],[0,0,1]],[[9.99999166e-01,1.28669641e-03,6.35768520e-05,0.00000000e+00],[-1.28808000e-03,9.99471250e-01,3.24901700e-02,0.00000000e+00],[-2.17382512e-05,-3.24902199e-02,9.99472082e-01,0.00000000e+00]]]
[[[1146.290283203125,0,984.3402099609375],[0,1146.290283203125,575.939208984375],[0,0,1]],[[9.99999166e-01,1.28669641e-03,6.35768520e-05,0.00000000e+00],[-1.28808000e-03,9.99471250e-01,3.24901700e-02,0.00000000e+00],[-2.17382512e-05,-3.24902199e-02,9.99472082e-01,0.00000000e+00]]]
[[[1146.290283203125,0,984.3402099609375],[0,1146.290283203125,575.939208984375],[0,0,1]],[[9.99999166e-01,1.28669641e-03,6.35768520e-05,0.00000000e+00],[-1.28808000e-03,9.99471250e-01,3.24901700e-02,0.00000000e+00],[-2.17382512e-05,-3.24902199e-02,9.99472082e-01,0.00000000e+00]]]
[[[1146.290283203125,0,984.3402099609375],[0,1146.290283203125,575.939208984375],[0,0,1]],[[9.99999166e-01,1.28669641e-03,6.35768520e-05,0.00000000e+00],[-1.28808000e-03,9.99471250e-01,3.24901700e-02,0.00000000e+00],[-2.17382512e-05,-3.24902199e-02,9.99472082e-01,0.00000000e+00]]]
[[[1146.290283203125,0,984.3402099609375],[0,1146.290283203125,575.939208984375],[0,0,1]],[[9.99999166e-01,1.28669641e-03,6.35768520e-05,0.00000000e+00],[-1.28808000e-03,9.99471250e-01,3.24901700e-02,0.00000000e+00],[-2.17382512e-05,-3.24902199e-02,9.99472082e-01,0.00000000e+00]]]
[[[1146.290283203125,0,984.3402099609375],[0,1146.290283203125,575.939208984375],[0,0,1]],[[9.99999166e-01,1.28669641e-03,6.35768520e-05,0.00000000e+00],[-1.28808000e-03,9.99471250e-01,3.24901700e-02,0.00000000e+00],[-2.17382512e-05,-3.24902199e-02,9.99472082e-01,0.00000000e+00]]]
[[[1146.290283203125,0,984.3402099609375],[0,1146.290283203125,575.939208984375],[0,0,1]],[[9.99999166e-01,1.28669641e-03,6.35768520e-05,0.00000000e+00],[-1.28808000e-03,9.99471250e-01,3.24901700e-02,0.00000000e+00],[-2.17382512e-05,-3.24902199e-02,9.99472082e-01,0.00000000e+00]]]
[[[1146.290283203125,0,984.3402099609375],[0,1146.290283203125,575.939208984375],[0,0,1]],[[9.99999166e-01,1.28669641e-03,6.35768520e-05,0.00000000e+00],[-1.28808000e-03,9.99471250e-01,3.24901700e-02,0.00000000e+00],[-2.17382512e-05,-3.24902199e-02,9.99472082e-01,0.00000000e+00]]]
[[[1146.290283203125,0,984.3402099609375],[0,1146.290283203125,575.939208984375],[0,0,1]],[[9.99999166e-01,1.28669641e-03,6.35768520e-05,0.00000000e+00],[-1.28808000e-03,9.99471250e-01,3.24901700e-02,0.00000000e+00],[-2.17382512e-05,-3.24902199e-02,9.99472082e-01,0.00000000e+00]]]
[[[1146.290283203125,0,984.3402099609375],[0,1146.290283203125,575.939208984375],[0,0,1]],[[9.99999166e-01,1.28669641e-03,6.35768520e-05,0.00000000e+00],[-1.28808000e-03,9.99471250e-01,3.24901700e-02,0.00000000e+00],[-2.17382512e-05,-3.24902199e-02,9.99472082e-01,0.00000000e+00]]]
[[[1146.290283203125,0,984.3402099609375],[0,1146.290283203125,575.939208984375],[0,0,1]],[[9.99999166e-01,1.28669641e-03,6.35768520e-05,0.00000000e+00],[-1.28808000e-03,9.99471250e-01,3.24901700e-02,0.00000000e+00],[-2.17382512e-05,-3.24902199e-02,9.99472082e-01,0.00000000e+00]]]
[[[1146.290283203125,0,984.3402099609375],[0,1146.290283203125,575.939208984375],[0,0,1]],[[9.99999166e-01,1.28669641e-03,6.35768520e-05,0.00000000e+00],[-1.28808000e-03,9.99471250e-01,3.24901700e-02,0.00000000e+00],[-2.17382512e-05,-3.24902199e-02,9.99472082e-01,0.00000000e+00]]]
[[[1146.290283203125,0,984.3402099609375],[0,1146.290283203125,575.939208984375],[0,0,1]],[[9.99999166e-01,1.28669641e-03,6.35768520e-05,0.00000000e+00],[-1.28808000e-03,9.99471250e-01,3.24901700e-02,0.00000000e+00],[-2.17382512e-05,-3.24902199e-02,9.99472082e-01,0.00000000e+00]]]
[[[1146.290283203125,0,984.3402099609375],[0,1146.290283203125,575.939208984375],[0,0,1]],[[9.99999166e-01,1.28669641e-03,6.35768520e-05,0.00000000e+00],[-1.28808000e-03,9.99471250e-01,3.24901700e-02,0.00000000e+00],[-2.17382512e-05,-3.24902199e-02,9.99472082e-01,0.00000000e+00]]]
[[[1146.290283203125,0,984.3402099609375],[0,1146.290283203125,575.939208984375],[0,0,1]],[[9.99999166e-01,1.28669641e-03,6.35768520e-05,0.00000000e+00],[-1.28808000e-03,9.99471250e-01,3.24901700e-02,0.00000000e+00],[-2.17382512e-05,-3.24902199e-02,9.99472082e-01,0.00000000e+00]]]
[[[1146.290283203125,0,984.3402099609375],[0,1146.290283203125,575.939208984375],[0,0,1]],[[9.99999166e-01,1.28669641e-03,6.35768520e-05,0.00000000e+00],[-1.28808000e-03,9.99471250e-01,3.24901700e-02,0.00000000e+00],[-2.17382512e-05,-3.24902199e-02,9.99472082e-01,0.00000000e+00]]]
[[[1146.290283203125,0,984.3402099609375],[0,1146.290283203125,575.939208984375],[0,0,1]],[[9.99999166e-01,1.28669641e-03,6.35768520e-05,0.00000000e+00],[-1.28808000e-03,9.99471250e-01,3.24901700e-02,0.00000000e+00],[-2.17382512e-05,-3.24902199e-02,9.99472082e-01,0.00000000e+00]]]
[[[1146.290283203125,0,984.3402099609375],[0,1146.290283203125,575.939208984375],[0,0,1]],[[9.99999166e-01,1.28669641e-03,6.35768520e-05,0.00000000e+00],[-1.28808000e-03,9.99471250e-01,3.24901700e-02,0.00000000e+00],[-2.17382512e-05,-3.24902199e-02,9.99472082e-01,0.00000000e+00]]]
[[[1146.290283203125,0,984.3402099609375],[0,1146.290283203125,575.939208984375],[0,0,1]],[[9.99999166e-01,1.28669641e-03,6.35768520e-05,0.00000000e+00],[-1.28808000e-03,9.99471250e-01,3.24901700e-02,0.00000000e+00],[-2.17382512e-05,-3.24902199e-02,9.99472082e-01,0.00000000e+00]]]
[[[1146.290283203125,0,984.3402099609375],[0,1146.290283203125,575.939208984375],[0,0,1]],[[9.99999166e-01,1.28669641e-03,6.35768520e-05,0.00000000e+00],[-1.28808000e-03,9.99471250e-01,3.24901700e-02,0.00000000e+00],[-2.17382512e-05,-3.24902199e-02,9.99472082e-01,0.00000000e+00]]]
[[[1146.290283203125,0,984.3402099609375],[0,1146.290283203125,575.939208984375],[0,0,1]],[[9.99999166e-01,1.28669641e-03,6.35768520e-05,0.00000000e+00],[-1.28808000e-03,9.99471250e-01,3.24901700e-02,0.00000000e+00],[-2.17382512e-05,-3.24902199e-02,9.99472082e-01,0.00000000e+00]]]
[[[1146.290283203125,0,984.3402099609375],[0,1146.290283203125,575.939208984375],[0,0,1]],[[9.99999166e-01,1.28669641e-03,6.35768520e-05,0.00000000e+00],[-1.28808000e-03,9.99471250e-01,3.24901700e-02,0.00000000e+00],[-2.17382512e-05,-3.24902199e-02,9.99472082e-01,0.00000000e+00]]]
[[[1146.290283203125,0,984.3402099609375],[0,1146.290283203125,575.939208984375],[0,0,1]],[[9.99999166e-01,1.28669641e-03,6.35768520e-05,0.00000000e+00],[-1.28808000e-03,9.99471250e-01,3.24901700e-02,0.00000000e+00],[-2.17382512e-05,-3.24902199e-02,9.99472082e-01,0.00000000e+00]]]
[[[1146.290283203125,0,984.3402099609375],[0,1146.290283203125,575.939208984375],[0,0,1]],[[9.99999166e-01,1.28669641e-03,6.35768520e-05,0.00000000e+00],[-1.28808000e-03,9.99471250e-01,3.24901700e-02,0.00000000e+00],[-2.17382512e-05,-3.24902199e-02,9.99472082e-01,0.00000000e+00]]]
[[[1146.290283203125,0,984.3402099609375],[0,1146.290283203125,575.939208984375],[0,0,1]],[[9.99999166e-01,1.28669641e-03,6.35768520e-05,0.00000000e+00],[-1.28808000e-03,9.99471250e-01,3.24901700e-02,0.00000000e+00],[-2.17382512e-05,-3.24902199e-02,9.99472082e-01,0.00000000e+00]]]
[[[1146.290283203125,0,984.3402099609375],[0,1146.290283203125,575.939208984375],[0,0,1]],[[9.99999166e-01,1.28669641e-03,6.35768520e-05,0.00000000e+00],[-1.28808000e-03,9.99471250e-01,3.24901700e-02,0.00000000e+00],[-2.17382512e-05,-3.24902199e-02,9.99472082e-01,0.00000000e+00]]]
[[[1146.290283203125,0,984.3402099609375],[0,1146.290283203125,575.939208984375],[0,0,1]],[[9.99999166e-01,1.28669641e-03,6.35768520e-05,0.00000000e+00],[-1.28808000e-03,9.99471250e-01,3.24901700e-02,0.00000000e+00],[-2.17382512e-05,-3.24902199e-02,9.99472082e-01,0.00000000e+00]]]
[[[1146.290283203125,0,984.3402099609375],[0,1146.290283203125,575.939208984375],[0,0,1]],[[9.99999166e-01,1.28669641e-03,6.35768520e-05,0.00000000e+00],[-1.28808000e-03,9.99471250e-01,3.24901700e-02,0.00000000e+00],[-2.17382512e-05,-3.24902199e-02,9.99472082e-01,0.00000000e+00]]]
[[[1146.290283203125,0,984.3402099609375],[0,1146.290283203125,575.939208984375],[0,0,1]],[[9.99999166e-01,1.28669641e-03,6.35768520e-05,0.00000000e+00],[-1.28808000e-03,9.99471250e-01,3.24901700e-02,0.00000000e+00],[-2.17382512e-05,-3.24902199e-02,9.99472082e-01,0.00000000e+00]]]
[[[1146.290283203125,0,984.3402099609375],[0,1146.290283203125,575.939208984375],[0,0,1]],[[9.99999166e-01,1.28669641e-03,6.35768520e-05,0.00000000e+00],[-1.28808000e-03,9.99471250e-01,3.24901700e-02,0.00000000e+00],[-2.17382512e-05,-3.24902199e-02,9.99472082e-01,0.00000000e+00]]]
[[[1146.290283203125,0,984.3402099609375],[0,1146.290283203125,575.939208984375],[0,0,1]],[[9.99999166e-01,1.28669641e-03,6.35768520e-05,0.00000000e+00],[-1.28808000e-03,9.99471250e-01,3.24901700e-02,0.00000000e+00],[-2.17382512e-05,-3.24902199e-02,9.99472082e-01,0.00000000e+00]]]
[[[1146.290283203125,0,984.3402099609375],[0,1146.290283203125,575.939208984375],[0,0,1]],[[9.99999166e-01,1.28669641e-03,6.35768520e-05,0.00000000e+00],[-1.28808000e-03,9.99471250e-01,3.24901700e-02,0.00000000e+00],[-2.17382512e-05,-3.24902199e-02,9.99472082e-01,0.00000000e+00]]]
[[[1146.290283203125,0,984.3402099609375],[0,1146.290283203125,575.939208984375],[0,0,1]],[[9.99999583e-01,7.87308498e-04,-4.86167643e-04,1.00000000e-02],[-7.71366933e-04,9.99488771e-01,3.19630280e-02,-0.00000000e+00],[5.11083868e-04,-3.19626406e-02,9.99488950e-01,0.00000000e+00]]]
[[[1146.290283203125,0,984.3402099609375],[0,1146.290283203125,575.939208984375],[0,0,1]],[[0.99933314,0.00289854,-0.03639914,0.01],[-0.00179995,0.99954289,0.03017837,-0.],[0.03646997,-0.03009273,0.99888158,-0.]]]
[[[1146.290283203125,0,984.3402099609375],[0,1146.290283203125,575.939208984375],[0,0,1]],[[0.9979142,0.00447666,-0.06439932,0.],[-0.00253671,0.99954146,0.03017407,-0.],[0.06450486,-0.02994777,0.99746794,-0.]]]
[[[1146.290283203125,0,984.3402099609375],[0,1146.290283203125,575.939208984375],[0,0,1]],[[0.98967212,0.006601,-0.14319743,0.03],[-0.00265202,0.99961138,0.0277505,-0.01],[0.14332496,-0.02708413,0.98930502,-0.02]]]
[[[1146.290283203125,0,984.3402099609375],[0,1146.290283203125,575.939208984375],[0,0,1]],[[0.96587074,0.0177477,-0.25841624,0.02],[-0.0065251,0.99900055,0.0442215,-0.01],[0.25894278,-0.04102606,0.96502113,-0.03]]]
[[[1146.290283203125,0,984.3402099609375],[0,1146.290283203125,575.939208984375],[0,0,1]],[[0.96100754,0.02031271,-0.27577588,0.],[-0.00749931,0.99884635,0.04743846,-0.],[0.27642128,-0.04352057,0.96005088,-0.02]]]
[[[1146.290283203125,0,984.3402099609375],[0,1146.290283203125,575.939208984375],[0,0,1]],[[0.97028226,0.0209652,-0.24106707,-0.03],[-0.01043128,0.99893779,0.04489059,0.01],[0.2417521,-0.0410419,0.96947008,-0.]]]
[[[1146.290283203125,0,984.3402099609375],[0,1146.290283203125,575.939208984375],[0,0,1]],[[0.99611568,0.01424988,-0.08689609,-0.05],[-0.01099433,0.99922425,0.03782903,0.02],[0.08736775,-0.03672672,0.99549937,0.03]]]
[[[1146.290283203125,0,984.3402099609375],[0,1146.290283203125,575.939208984375],[0,0,1]],[[0.99751645,0.00592266,0.07018913,-0.02],[-0.00857635,0.9992578,0.03756695,0.02],[-0.06991448,-0.03807561,0.99682653,0.03]]]
[[[1146.290283203125,0,984.3402099609375],[0,1146.290283203125,575.939208984375],[0,0,1]],[[0.99224877,0.00331714,0.12422791,-0.01],[-0.00773609,0.99935424,0.03510588,0.02],[-0.12403116,-0.03579479,0.99163324,0.03]]]
[[[1146.290283203125,0,984.3402099609375],[0,1146.290283203125,575.939208984375],[0,0,1]],[[0.96953964,0.00635185,0.24485523,-0.02],[-0.01251429,0.99964339,0.02362012,-0.],[-0.24461769,-0.0259648,0.96927267,-0.01]]]
[[[1146.290283203125,0,984.3402099609375],[0,1146.290283203125,575.939208984375],[0,0,1]],[[0.92831665,-0.00524675,0.37175551,0.04],[-0.0034954,0.99973369,0.02283813,-0.01],[-0.3717761,-0.02250044,0.92805058,0.01]]]
[[[1146.290283203125,0,984.3402099609375],[0,1146.290283203125,575.939208984375],[0,0,1]],[[0.92704087,-0.0079293,0.37487802,0.04],[-0.00251366,0.99962306,0.02735975,-0.01],[-0.37495348,-0.02630591,0.92667121,0.01]]]
[[[1146.290283203125,0,984.3402099609375],[0,1146.290283203125,575.939208984375],[0,0,1]],[[0.9176082,-0.01299593,0.39727458,0.04],[-0.00196944,0.99930483,0.03723893,-0.01],[-0.39748222,-0.03495316,0.91694468,0.01]]]
[[[1146.290283203125,0,984.3402099609375],[0,1146.290283203125,575.939208984375],[0,0,1]],[[0.91697389,-0.01311283,0.39873224,0.05],[-0.00195377,0.99930036,0.03735644,-0.],[-0.39894304,-0.03503393,0.91630697,0.01]]]
[[[1146.290283203125,0,984.3402099609375],[0,1146.290283203125,575.939208984375],[0,0,1]],[[0.93850851,-0.00899236,0.34514004,0.07],[-0.00294848,0.99941593,0.03405658,-0.],[-0.3452445,-0.03298004,0.93793392,-0.01]]]
[[[1146.290283203125,0,984.3402099609375],[0,1146.290283203125,575.939208984375],[0,0,1]],[[0.98164761,-0.00252491,0.19068997,0.16],[-0.00272562,0.99962497,0.02726716,-0.01],[-0.190687,-0.02728649,0.98127228,-0.09]]]
[[[1146.290283203125,0,984.3402099609375],[0,1146.290283203125,575.939208984375],[0,0,1]],[[0.961137,0.04113587,-0.2729919,0.16],[-0.01437708,0.99495339,0.09930668,-0.02],[0.2756995,-0.09152247,0.95687759,-0.14]]]
[[[1146.290283203125,0,984.3402099609375],[0,1146.290283203125,575.939208984375],[0,0,1]],[[0.86351973,0.06601468,-0.49997672,0.17],[-0.0186796,0.99490231,0.09910052,-0.02],[0.50397027,-0.07623588,0.86035079,-0.16]]]
[[[1146.290283203125,0,984.3402099609375],[0,1146.290283203125,575.939208984375],[0,0,1]],[[0.8763777,0.0491425,-0.47911182,0.13],[-0.02649567,0.99819392,0.05391961,0.],[0.48089638,-0.03455956,0.87609679,-0.12]]]
[[[1146.290283203125,0,984.3402099609375],[0,1146.290283203125,575.939208984375],[0,0,1]],[[0.89289939,0.05585561,-0.44677937,0.11],[-0.03534618,0.99790907,0.05411668,0.01],[0.44886807,-0.03252881,0.89300644,-0.12]]]
[[[1146.290283203125,0,984.3402099609375],[0,1146.290283203125,575.939208984375],[0,0,1]],[[0.9626767,0.04615409,-0.26669142,0.15],[-0.03646066,0.99848622,0.0411876,0.01],[0.26818886,-0.0299266,0.96290207,-0.06]]]
[[[1146.290283203125,0,984.3402099609375],[0,1146.290283203125,575.939208984375],[0,0,1]],[[0.99903858,0.03794641,-0.02197561,0.15],[-0.03734572,0.99893439,0.02712771,0.01],[0.02298186,-0.02628093,0.99939096,-0.04]]]
[[[1146.290283203125,0,984.3402099609375],[0,1146.290283203125,575.939208984375],[0,0,1]],[[0.96450269,0.02441121,0.26294413,0.17],[-0.02932079,0.99946123,0.01476331,0.01],[-0.26244178,-0.02194899,0.96469879,-0.02]]]
[[[1146.290283203125,0,984.3402099609375],[0,1146.290283203125,575.939208984375],[0,0,1]],[[0.91164047,0.00834166,0.41090542,0.17],[-0.01600321,0.99975675,0.01520923,0.01],[-0.4106783,-0.02044116,0.91155213,-0.02]]]
[[[1146.290283203125,0,984.3402099609375],[0,1146.290283203125,575.939208984375],[0,0,1]],[[0.84726644,0.0076965,0.53111339,0.14],[-0.01753302,0.99975586,0.0134821,-0.01],[-0.53087974,-0.02073497,0.84719461,0.05]]]
[[[1146.290283203125,0,984.3402099609375],[0,1146.290283203125,575.939208984375],[0,0,1]],[[0.83317846,-0.00573791,0.55297554,0.21],[-0.0092081,0.99966407,0.02424697,-0.],[-0.55292863,-0.02529391,0.83284575,-0.05]]]
[[[1146.290283203125,0,984.3402099609375],[0,1146.290283203125,575.939208984375],[0,0,1]],[[0.98369861,0.00153819,0.17982109,0.2],[-0.01369106,0.99770218,0.06636166,0.01],[-0.17930546,-0.06774183,0.98145938,0.04]]]
[[[1146.290283203125,0,984.3402099609375],[0,1146.290283203125,575.939208984375],[0,0,1]],[[0.98013037,0.04785703,-0.19249704,0.13],[-0.02380048,0.99182194,0.12539451,0.03],[0.19692412,-0.11832145,0.97325379,0.01]]]
[[[1146.290283203125,0,984.3402099609375],[0,1146.290283203125,575.939208984375],[0,0,1]],[[0.93521512,0.07774219,-0.34544185,0.13],[-0.02280698,0.98679972,0.16033533,0.03],[0.35334685,-0.14206952,0.92464274,-0.01]]]
[[[1146.290283203125,0,984.3402099609375],[0,1146.290283203125,575.939208984375],[0,0,1]],[[0.94092762,0.04834498,-0.33514127,0.12],[-0.03237417,0.99806613,0.05308131,0.05],[0.33705935,-0.03909573,0.9406724,-0.]]]
[[[1146.290283203125,0,984.3402099609375],[0,1146.290283203125,575.939208984375],[0,0,1]],[[0.97034734,0.04225963,-0.23799598,0.13],[-0.03131273,0.99827957,0.04959207,0.05],[0.23968221,-0.0406692,0.97000021,-0.]]]
[[[1146.290283203125,0,984.3402099609375],[0,1146.290283203125,575.939208984375],[0,0,1]],[[0.97090977,0.0414015,-0.23584343,0.13],[-0.03034311,0.99827278,0.05032819,0.05],[0.23751962,-0.04170788,0.97048795,-0.]]]
[[[1146.290283203125,0,984.3402099609375],[0,1146.290283203125,575.939208984375],[0,0,1]],[[0.97253984,0.00911066,0.23256218,0.35],[-0.012696,0.99982351,0.01392445,-0.04],[-0.23239394,-0.0164947,0.97248298,0.02]]]
[[[1146.290283203125,0,984.3402099609375],[0,1146.290283203125,575.939208984375],[0,0,1]],[[0.8217389,-0.01373587,0.56970048,0.36],[0.00361852,0.9998163,0.01888687,-0.02],[-0.56985456,-0.01345861,0.82163686,0.02]]]
[[[1146.290283203125,0,984.3402099609375],[0,1146.290283203125,575.939208984375],[0,0,1]],[[0.82986516,-0.01574476,0.55774349,0.32],[0.00811505,0.99983782,0.01615043,-0.01],[-0.55790663,-0.00887658,0.82985771,0.03]]]
[[[1146.290283203125,0,984.3402099609375],[0,1146.290283203125,575.939208984375],[0,0,1]],[[0.94328392,-0.00998263,0.33183986,0.32],[0.00225441,0.99971855,0.02366579,-0.02],[-0.33198217,-0.02157546,0.94304031,0.01]]]
[[[1146.290283203125,0,984.3402099609375],[0,1146.290283203125,575.939208984375],[0,0,1]],[[0.99893641,0.0121938,-0.04449146,0.25],[-0.01141542,0.99977922,0.01770791,-0.03],[0.04469778,-0.01718119,0.99885422,-0.01]]]
[[[1146.290283203125,0,984.3402099609375],[0,1146.290283203125,575.939208984375],[0,0,1]],[[0.98618424,0.01859382,-0.1646121,0.28],[-0.01318348,0.99933952,0.03389921,-0.03],[0.16513379,-0.0312607,0.98577708,-0.04]]]
[[[1146.290283203125,0,984.3402099609375],[0,1146.290283203125,575.939208984375],[0,0,1]],[[0.97985488,0.02096013,-0.19861339,0.29],[-0.01758,0.99967039,0.01876706,-0.04],[0.19894142,-0.01489738,0.97989953,-0.06]]]
[[[1146.290283203125,0,984.3402099609375],[0,1146.290283203125,575.939208984375],[0,0,1]],[[9.99723790e-01,1.07256600e-02,-2.09743000e-02,4.00000000e-01],[-1.07351271e-02,9.99943495e-01,-3.37844918e-04,-9.00000000e-02],[2.09697988e-02,5.62899571e-04,9.99781489e-01,-5.00000000e-02]]]
[[[1146.290283203125,0,984.3402099609375],[0,1146.290283203125,575.939208984375],[0,0,1]],[[9.77610707e-01,1.93800675e-04,2.10426837e-01,4.10000000e-01],[3.91603389e-04,9.99997258e-01,-2.74041947e-03,-9.00000000e-02],[-2.10426350e-01,2.76145000e-03,9.77607370e-01,-4.00000000e-02]]]
[[[1146.290283203125,0,984.3402099609375],[0,1146.290283203125,575.939208984375],[0,0,1]],[[9.38850880e-01,-6.91013000e-03,3.44257920e-01,4.20000000e-01],[7.09941564e-03,9.99975622e-01,7.10653083e-04,-9.00000000e-02],[-3.44253870e-01,1.77681000e-03,9.38876570e-01,-3.00000000e-02]]]
[[[1146.290283203125,0,984.3402099609375],[0,1146.290283203125,575.939208984375],[0,0,1]],[[8.46095860e-01,-1.72704300e-02,5.32753470e-01,4.30000000e-01],[1.49277000e-02,9.99851880e-01,8.70495000e-03,-9.00000000e-02],[-5.32824099e-01,5.87532937e-04,8.46227825e-01,-2.00000000e-02]]]
[[[1146.290283203125,0,984.3402099609375],[0,1146.290283203125,575.939208984375],[0,0,1]],[[0.81533831,-0.0317658,0.57811534,0.46],[0.02128121,0.99946451,0.024904,-0.07],[-0.578596,-0.00800221,0.81557709,0.02]]]
[[[1146.290283203125,0,984.3402099609375],[0,1146.290283203125,575.939208984375],[0,0,1]],[[0.92107826,-0.05496192,0.38548189,0.45],[0.04014094,0.99811739,0.04639771,0.04],[-0.38730571,-0.02726233,0.92154974,0.1]]]
[[[1146.290283203125,0,984.3402099609375],[0,1146.290283203125,575.939208984375],[0,0,1]],[[0.99929732,-0.0359535,0.01069539,0.43],[0.03569322,0.99908519,0.02360374,0.04],[-0.01153403,-0.02320543,0.99966562,0.08]]]
[[[1146.290283203125,0,984.3402099609375],[0,1146.290283203125,575.939208984375],[0,0,1]],[[0.99590594,-0.02942481,-0.08548548,0.38],[0.03158303,0.99921399,0.02400488,0.03],[0.08471209,-0.02660652,0.99605161,0.08]]]
[[[1146.290283203125,0,984.3402099609375],[0,1146.290283203125,575.939208984375],[0,0,1]],[[0.98347932,-0.02526767,-0.17925568,0.36],[0.02956021,0.9993369,0.02131571,0.03],[0.17859825,-0.02626242,0.98357308,0.07]]]
[[[1146.290283203125,0,984.3402099609375],[0,1146.290283203125,575.939208984375],[0,0,1]],[[0.9982304,-0.03749638,0.04618223,0.57],[0.03711328,0.9992705,0.00912491,-0.02],[-0.04649046,-0.00739483,0.9988929,0.06]]]
[[[1146.290283203125,0,984.3402099609375],[0,1146.290283203125,575.939208984375],[0,0,1]],[[0.87037861,-0.08631357,0.48476201,0.63],[0.06566307,0.99607009,0.05945723,0.],[-0.4879882,-0.01991938,0.87262493,0.16]]]
[[[1146.290283203125,0,984.3402099609375],[0,1146.290283203125,575.939208984375],[0,0,1]],[[0.751351,-0.07808685,0.65526891,0.66],[0.06001239,0.9969461,0.04999166,-0.03],[-0.65717065,0.0017629,0.75374192,0.15]]]
[[[1146.290283203125,0,984.3402099609375],[0,1146.290283203125,575.939208984375],[0,0,1]],[[0.69296902,-0.09015648,0.71531045,0.72],[0.0603506,0.9959231,0.06705872,-0.02],[-0.71843922,-0.00330027,0.69558436,0.13]]]
[[[1146.290283203125,0,984.3402099609375],[0,1146.290283203125,575.939208984375],[0,0,1]],[[0.79462188,-0.1116368,0.59675503,0.8],[0.07935579,0.99361503,0.08021065,0.06],[-0.60189849,-0.01638123,0.79840672,0.18]]]
[[[1146.290283203125,0,984.3402099609375],[0,1146.290283203125,575.939208984375],[0,0,1]],[[0.96743912,-0.09159001,0.23595804,0.78],[0.08564813,0.99569976,0.03533148,0.06],[-0.23817894,-0.01397175,0.9711225,0.16]]]
[[[1146.290283203125,0,984.3402099609375],[0,1146.290283203125,575.939208984375],[0,0,1]],[[0.99677348,-0.08015728,0.00456062,0.7],[0.08005816,0.99661326,0.01883748,0.05],[-0.00605492,-0.01841162,0.99981385,0.16]]]
[[[1146.290283203125,0,984.3402099609375],[0,1146.290283203125,575.939208984375],[0,0,1]],[[0.99421114,-0.07655516,-0.07541311,0.7],[0.07778908,0.99687868,0.01355975,0.05],[0.07413978,-0.0193476,0.99706185,0.15]]]
[[[1146.290283203125,0,984.3402099609375],[0,1146.290283203125,575.939208984375],[0,0,1]],[[0.99316144,-0.07460351,-0.08982354,0.69],[0.07582205,0.99707013,0.01022716,0.04],[0.0887975,-0.01696786,0.99590695,0.14]]]
[[[1146.290283203125,0,984.3402099609375],[0,1146.290283203125,575.939208984375],[0,0,1]],[[0.94571781,-0.09333904,0.31130275,0.84],[0.0876129,0.99563015,0.03236087,0.01],[-0.31296226,-0.00333018,0.94976187,0.13]]]
[[[1146.290283203125,0,984.3402099609375],[0,1146.290283203125,575.939208984375],[0,0,1]],[[0.85720855,-0.11061398,0.50295305,0.89],[0.09067194,0.99382126,0.06403321,0.02],[-0.50692761,-0.00928616,0.86194092,0.13]]]
[[[1146.290283203125,0,984.3402099609375],[0,1146.290283203125,575.939208984375],[0,0,1]],[[0.78958493,-0.1151609,0.60274178,0.89],[0.08670161,0.99331677,0.0762066,0.03],[-0.60748857,-0.00791295,0.79429173,0.15]]]
[[[1146.290283203125,0,984.3402099609375],[0,1146.290283203125,575.939208984375],[0,0,1]],[[0.7157135,-0.11905891,0.68817383,0.91],[0.08380985,0.99288458,0.08461214,0.03],[-0.69334984,-0.00288234,0.7205984,0.15]]]
[[[1146.290283203125,0,984.3402099609375],[0,1146.290283203125,575.939208984375],[0,0,1]],[[6.6747040e-01,-1.2183309e-01,7.3460478e-01,9.2000000e-01],[8.1214020e-02,9.9255198e-01,9.0821160e-02,3.0000000e-02],[-7.4019700e-01,-9.6026000e-04,6.7239261e-01,1.4000000e-01]]]
[[[1146.290283203125,0,984.3402099609375],[0,1146.290283203125,575.939208984375],[0,0,1]],[[0.66232979,-0.1263165,0.73849028,0.97],[0.0816588,0.9919855,0.09643872,0.05],[-0.74475187,-0.00357005,0.66733515,0.11]]]
[[[1146.290283203125,0,984.3402099609375],[0,1146.290283203125,575.939208984375],[0,0,1]],[[0.89966905,-0.12602265,0.41799334,0.97],[0.1069506,0.9918794,0.06885067,0.09],[-0.42327476,-0.01723819,0.90583974,0.07]]]
[[[1146.290283203125,0,984.3402099609375],[0,1146.290283203125,575.939208984375],[0,0,1]],[[0.96713865,-0.11176418,0.22837767,0.91],[0.10577975,0.99365306,0.03831864,0.09],[-0.23121016,-0.01290172,0.97282064,0.07]]]
[[[1146.290283203125,0,984.3402099609375],[0,1146.290283203125,575.939208984375],[0,0,1]],[[0.98134065,-0.1083271,0.15887178,0.89],[0.10472894,0.99402338,0.03087331,0.08],[-0.16126622,-0.01365878,0.98681867,0.07]]]
[[[1146.290283203125,0,984.3402099609375],[0,1146.290283203125,575.939208984375],[0,0,1]],[[0.97736657,-0.10630139,0.18291773,0.95],[0.10313582,0.99430931,0.02676041,0.07],[-0.18472095,-0.00728939,0.98276615,0.07]]]
[[[1146.290283203125,0,984.3402099609375],[0,1146.290283203125,575.939208984375],[0,0,1]],[[0.92010158,-0.11404034,0.37471604,0.96],[0.10236916,0.9934414,0.05097833,0.06],[-0.37807113,-0.00854592,0.92573941,0.09]]]
[[[1146.290283203125,0,984.3402099609375],[0,1146.290283203125,575.939208984375],[0,0,1]],[[0.72959012,-0.13297465,0.67083549,0.94],[0.09128778,0.99107456,0.09717011,0.07],[-0.67776763,-0.00965528,0.73521572,0.12]]]
[[[1146.290283203125,0,984.3402099609375],[0,1146.290283203125,575.939208984375],[0,0,1]],[[0.61547244,-0.13730705,0.77610874,0.99],[0.08273577,0.99052548,0.10962968,0.07],[-0.78380656,-0.00326214,0.62100017,0.07]]]
[[[1146.290283203125,0,984.3402099609375],[0,1146.290283203125,575.939208984375],[0,0,1]],[[0.58348995,-0.1410601,0.7997787,1.01],[0.08034696,0.98999757,0.11599147,0.07],[-0.80813891,-0.00342013,0.58898628,0.05]]]
[[[1146.290283203125,0,984.3402099609375],[0,1146.290283203125,575.939208984375],[0,0,1]],[[0.76249665,-0.15099201,0.62913001,1.],[0.10861479,0.98846239,0.10559259,0.12],[-0.63781363,-0.01218118,0.77009785,-0.03]]]
[[[1146.290283203125,0,984.3402099609375],[0,1146.290283203125,575.939208984375],[0,0,1]],[[0.90494972,-0.13290654,0.40423501,0.95],[0.11666435,0.99106592,0.06467462,0.12],[-0.40921828,-0.01136749,0.91236854,-0.04]]]
[[[1146.290283203125,0,984.3402099609375],[0,1146.290283203125,575.939208984375],[0,0,1]],[[0.9431026,-0.12812804,0.30683094,0.96],[0.11927543,0.99172628,0.04751462,0.12],[-0.31037956,-0.00821379,0.95058024,-0.03]]]
[[[1146.290283203125,0,984.3402099609375],[0,1146.290283203125,575.939208984375],[0,0,1]],[[0.98355705,-0.118719,0.13610938,0.92],[0.11580036,0.99284607,0.02919289,0.12],[-0.13860106,-0.01295137,0.9902665,-0.03]]]
[[[1146.290283203125,0,984.3402099609375],[0,1146.290283203125,575.939208984375],[0,0,1]],[[0.98368376,-0.11833278,0.13552883,0.91],[0.11542589,0.99289131,0.02913761,0.12],[-0.13801299,-0.01301868,0.99034786,-0.03]]]
[[[1146.290283203125,0,984.3402099609375],[0,1146.290283203125,575.939208984375],[0,0,1]],[[0.96828377,-0.11794538,0.22027266,0.9],[0.11099395,0.99286175,0.0437175,0.13],[-0.22385611,-0.017882,0.9744612,0.04]]]
[[[1146.290283203125,0,984.3402099609375],[0,1146.290283203125,575.939208984375],[0,0,1]],[[0.88108534,-0.12703368,0.45558295,0.93],[0.10530312,0.991768,0.07288873,0.13],[-0.46109101,-0.01624688,0.88720763,0.06]]]
[[[1146.290283203125,0,984.3402099609375],[0,1146.290283203125,575.939208984375],[0,0,1]],[[0.8206526,-0.13489483,0.55528146,0.92],[0.10126343,0.99069065,0.09101135,0.13],[-0.562388,-0.018459,0.82667112,0.07]]]
[[[1146.290283203125,0,984.3402099609375],[0,1146.290283203125,575.939208984375],[0,0,1]],[[0.69760674,-0.14567865,0.70151788,0.92],[0.08986116,0.98917234,0.11605332,0.13],[-0.71082711,-0.01792038,0.70314294,0.09]]]
[[[1146.290283203125,0,984.3402099609375],[0,1146.290283203125,575.939208984375],[0,0,1]],[[0.6279552,-0.14955388,0.76374781,0.97],[0.08390959,0.98865473,0.12460352,0.14],[-0.77371615,-0.01415973,0.63337898,0.06]]]
[[[1146.290283203125,0,984.3402099609375],[0,1146.290283203125,575.939208984375],[0,0,1]],[[0.62899584,-0.15188082,0.76243132,0.97],[0.08539109,0.98829627,0.12642789,0.14],[-0.77270824,-0.01441786,0.63460249,0.04]]]
[[[1146.290283203125,0,984.3402099609375],[0,1146.290283203125,575.939208984375],[0,0,1]],[[0.76044351,-0.15005262,0.63183469,1.03],[0.10133217,0.98844159,0.11278394,0.16],[-0.64145368,-0.02174069,0.76685768,-0.07]]]
[[[1146.290283203125,0,984.3402099609375],[0,1146.290283203125,575.939208984375],[0,0,1]],[[0.94245696,-0.12405847,0.31046653,1.],[0.11270841,0.9921456,0.05430913,0.15],[-0.31476453,-0.01619189,0.94903493,-0.1]]]
[[[1146.290283203125,0,984.3402099609375],[0,1146.290283203125,575.939208984375],[0,0,1]],[[0.97574586,-0.11668295,0.18522982,0.93],[0.11059406,0.99294174,0.04290665,0.15],[-0.18892819,-0.02138074,0.98176128,-0.08]]]
[[[1146.290283203125,0,984.3402099609375],[0,1146.290283203125,575.939208984375],[0,0,1]],[[0.9767558,-0.11711486,0.17954707,0.92],[0.11117644,0.99288028,0.04282287,0.15],[-0.18328328,-0.02186615,0.98282003,-0.08]]]
[[[1146.290283203125,0,984.3402099609375],[0,1146.290283203125,575.939208984375],[0,0,1]],[[0.97677416,-0.1159404,0.18020888,0.92],[0.11005676,0.9930256,0.04234583,0.15],[-0.18386099,-0.02152918,0.9827196,-0.08]]]
[[[1146.290283203125,0,984.3402099609375],[0,1146.290283203125,575.939208984375],[0,0,1]],[[0.95221066,-0.11933699,0.28117445,0.85],[0.1078361,0.99258822,0.05608511,0.15],[-0.28578255,-0.02308415,0.95801967,-0.04]]]
[[[1146.290283203125,0,984.3402099609375],[0,1146.290283203125,575.939208984375],[0,0,1]],[[0.80361313,-0.13860917,0.57879156,0.84],[0.09492511,0.98990619,0.10526577,0.15],[-0.58753842,-0.02965112,0.80865687,0.]]]
[[[1146.290283203125,0,984.3402099609375],[0,1146.290283203125,575.939208984375],[0,0,1]],[[0.64981139,-0.15268841,0.74460614,0.92],[0.08013304,0.98792124,0.13265096,0.17],[-0.75586414,-0.02653058,0.65419608,0.]]]
[[[1146.290283203125,0,984.3402099609375],[0,1146.290283203125,575.939208984375],[0,0,1]],[[0.59980071,-0.15452443,0.78509116,0.93],[0.07486537,0.98771185,0.13720863,0.18],[-0.79664361,-0.02352171,0.60399723,0.]]]
[[[1146.290283203125,0,984.3402099609375],[0,1146.290283203125,575.939208984375],[0,0,1]],[[0.60528612,-0.15864125,0.78004366,0.99],[0.0791015,0.98707914,0.13936704,0.2],[-0.79207194,-0.02265436,0.61001271,-0.1]]]
[[[1146.290283203125,0,984.3402099609375],[0,1146.290283203125,575.939208984375],[0,0,1]],[[0.92255187,-0.131346,0.36284024,0.99],[0.11267804,0.99100441,0.07224414,0.19],[-0.36906409,-0.02576486,0.92905033,-0.16]]]
[[[1146.290283203125,0,984.3402099609375],[0,1146.290283203125,575.939208984375],[0,0,1]],[[0.97267604,-0.12316573,0.1968199,0.93],[0.11439377,0.99189365,0.05537631,0.19],[-0.20204411,-0.03134825,0.97887802,-0.14]]]
[[[1146.290283203125,0,984.3402099609375],[0,1146.290283203125,575.939208984375],[0,0,1]],[[0.98035157,-0.12097338,0.15582971,0.92],[0.11433639,0.99214,0.05090556,0.19],[-0.16076247,-0.03208834,0.98647487,-0.14]]]
[[[1146.290283203125,0,984.3402099609375],[0,1146.290283203125,575.939208984375],[0,0,1]],[[0.9630084,-0.11891167,0.24182953,0.87],[0.10861684,0.99253541,0.05551444,0.17],[-0.24662481,-0.02719413,0.96873295,-0.16]]]
[[[1146.290283203125,0,984.3402099609375],[0,1146.290283203125,575.939208984375],[0,0,1]],[[0.90138954,-0.12639663,0.41415867,0.91],[0.10511059,0.99171442,0.07389364,0.17],[-0.42006567,-0.02307453,0.90720415,-0.15]]]
[[[1146.290283203125,0,984.3402099609375],[0,1146.290283203125,575.939208984375],[0,0,1]],[[0.82564998,-0.13685194,0.5473392,0.89],[0.09673248,0.99011022,0.10163946,0.18],[-0.55583405,-0.03097315,0.83072025,-0.13]]]
[[[1146.290283203125,0,984.3402099609375],[0,1146.290283203125,575.939208984375],[0,0,1]],[[0.65577859,-0.15055658,0.73979294,0.87],[0.07804413,0.98818535,0.13192615,0.18],[-0.75091285,-0.0287779,0.65977937,-0.08]]]
[[[1146.290283203125,0,984.3402099609375],[0,1146.290283203125,575.939208984375],[0,0,1]],[[0.54764718,-0.15657213,0.82193339,0.95],[0.06466651,0.98732036,0.14499031,0.18],[-0.83421075,-0.02625201,0.55082691,-0.15]]]
[[[1146.290283203125,0,984.3402099609375],[0,1146.290283203125,575.939208984375],[0,0,1]],[[0.58718109,-0.15469512,0.79454041,0.98],[0.07371102,0.98771185,0.13783115,0.2],[-0.80609661,-0.02236548,0.59136713,-0.21]]]
[[[1146.290283203125,0,984.3402099609375],[0,1146.290283203125,575.939208984375],[0,0,1]],[[0.851538,-0.14065185,0.505081,0.99],[0.10451881,0.98955077,0.09935105,0.2],[-0.51377565,-0.03181073,0.85733867,-0.28]]]
[[[1146.290283203125,0,984.3402099609375],[0,1146.290283203125,575.939208984375],[0,0,1]],[[0.94424903,-0.12329208,0.30528584,0.93],[0.10940939,0.9920491,0.06224326,0.19],[-0.31053162,-0.02537201,0.95022815,-0.29]]]
[[[1146.290283203125,0,984.3402099609375],[0,1146.290283203125,575.939208984375],[0,0,1]],[[0.98035359,-0.11702383,0.15880486,0.91],[0.11070248,0.99269116,0.04811481,0.18],[-0.16327412,-0.02958944,0.98614043,-0.29]]]
[[[1146.290283203125,0,984.3402099609375],[0,1146.290283203125,575.939208984375],[0,0,1]],[[0.98314327,-0.11368826,0.14321826,0.88],[0.10791854,0.99302965,0.04745457,0.19],[-0.14761432,-0.03119872,0.98855627,-0.27]]]
[[[1146.290283203125,0,984.3402099609375],[0,1146.290283203125,575.939208984375],[0,0,1]],[[0.95305985,-0.11003414,0.28209358,0.75],[0.09557852,0.99333024,0.06454632,0.19],[-0.28731322,-0.03455438,0.95721692,-0.24]]]
[[[1146.290283203125,0,984.3402099609375],[0,1146.290283203125,575.939208984375],[0,0,1]],[[0.74633777,-0.14371631,0.64987171,0.75],[0.08105423,0.98877066,0.12557645,0.22],[-0.66061902,-0.04104755,0.74960309,-0.14]]]
[[[1146.290283203125,0,984.3402099609375],[0,1146.290283203125,575.939208984375],[0,0,1]],[[0.66623116,-0.14563794,0.73139149,0.73],[0.07079691,0.98867095,0.13237895,0.21],[-0.74238235,-0.03641469,0.66899186,-0.11]]]
[[[1146.290283203125,0,984.3402099609375],[0,1146.290283203125,575.939208984375],[0,0,1]],[[0.51542681,-0.14094105,0.84526837,0.77],[0.05534383,0.98980087,0.131293,0.22],[-0.85514903,-0.02089159,0.5179686,-0.15]]]
[[[1146.290283203125,0,984.3402099609375],[0,1146.290283203125,575.939208984375],[0,0,1]],[[0.58326507,-0.14429438,0.79936761,0.86],[0.06514189,0.98923826,0.13103667,0.22],[-0.80967027,-0.02435684,0.58638608,-0.27]]]
[[[1146.290283203125,0,984.3402099609375],[0,1146.290283203125,575.939208984375],[0,0,1]],[[0.86102855,-0.15173161,0.48540175,0.82],[0.10752515,0.98719549,0.11785385,0.26],[-0.49706686,-0.04928259,0.86631602,-0.31]]]
[[[1146.290283203125,0,984.3402099609375],[0,1146.290283203125,575.939208984375],[0,0,1]],[[0.97457063,-0.13046828,0.18220218,0.73],[0.11916284,0.99028373,0.07172231,0.24],[-0.18978855,-0.04818667,0.98064572,-0.29]]]
[[[1146.290283203125,0,984.3402099609375],[0,1146.290283203125,575.939208984375],[0,0,1]],[[0.9830575,-0.12619205,0.13297161,0.7],[0.11843977,0.99085355,0.06471083,0.24],[-0.1399207,-0.04786527,0.98900908,-0.28]]]
[[[1146.290283203125,0,984.3402099609375],[0,1146.290283203125,575.939208984375],[0,0,1]],[[0.85021085,-0.13691442,0.5083347,0.87],[0.09850866,0.98991239,0.10186224,0.24],[-0.51715112,-0.03652899,0.85511857,-0.38]]]
[[[1146.290283203125,0,984.3402099609375],[0,1146.290283203125,575.939208984375],[0,0,1]],[[0.66122115,-0.15349819,0.73432493,0.92],[0.07927256,0.98766273,0.1350733,0.24],[-0.745996,-0.03110154,0.6652295,-0.4]]]
[[[1146.290283203125,0,984.3402099609375],[0,1146.290283203125,575.939208984375],[0,0,1]],[[0.55128521,-0.15787637,0.81924826,0.92],[0.06385408,0.98704046,0.1472429,0.25],[-0.83187419,-0.02886054,0.55422014,-0.37]]]
[[[1146.290283203125,0,984.3402099609375],[0,1146.290283203125,575.939208984375],[0,0,1]],[[0.42086729,-0.15614013,0.89358741,0.96],[0.05054692,0.98758423,0.14875759,0.25],[-0.90571666,-0.01743918,0.42353314,-0.43]]]
[[[1146.290283203125,0,984.3402099609375],[0,1146.290283203125,575.939208984375],[0,0,1]],[[0.55960739,-0.16342321,0.81249022,1.01],[0.07549866,0.98634475,0.14639187,0.26],[-0.82531595,-0.02058009,0.56430215,-0.52]]]
[[[1146.290283203125,0,984.3402099609375],[0,1146.290283203125,575.939208984375],[0,0,1]],[[0.82203174,-0.14715338,0.550107,0.95],[0.10571911,0.98868048,0.10649405,0.26],[-0.5595485,-0.0293847,0.82828069,-0.53]]]
[[[1146.290283203125,0,984.3402099609375],[0,1146.290283203125,575.939208984375],[0,0,1]],[[0.90375906,-0.14041288,0.40436578,0.93],[0.11603588,0.98966342,0.08431215,0.25],[-0.41202259,-0.02927694,0.91070694,-0.54]]]
[[[1146.290283203125,0,984.3402099609375],[0,1146.290283203125,575.939208984375],[0,0,1]],[[0.96923369,-0.13306986,0.20708968,0.9],[0.12278812,0.99051046,0.06179274,0.25],[-0.21334612,-0.03446344,0.97637218,-0.55]]]
[[[1146.290283203125,0,984.3402099609375],[0,1146.290283203125,575.939208984375],[0,0,1]],[[0.97299749,-0.13111807,0.18997793,0.88],[0.12132755,0.99065673,0.06233099,0.25],[-0.19637457,-0.03759831,0.97981137,-0.53]]]
[[[1146.290283203125,0,984.3402099609375],[0,1146.290283203125,575.939208984375],[0,0,1]],[[0.96241117,-0.13032858,0.2383,0.86],[0.11707955,0.99072623,0.06899371,0.25],[-0.24508066,-0.03850024,0.96874154,-0.51]]]
[[[1146.290283203125,0,984.3402099609375],[0,1146.290283203125,575.939208984375],[0,0,1]],[[0.86802852,-0.13553922,0.47766486,0.8],[0.10012794,0.99004304,0.09897251,0.25],[-0.48632136,-0.03808334,0.87295395,-0.46]]]
[[[1146.290283203125,0,984.3402099609375],[0,1146.290283203125,575.939208984375],[0,0,1]],[[0.67435914,-0.15483086,0.72199398,0.81],[0.07934492,0.98730564,0.13761659,0.26],[-0.73413342,-0.03551643,0.67808145,-0.46]]]
[[[1146.290283203125,0,984.3402099609375],[0,1146.290283203125,575.939208984375],[0,0,1]],[[0.49642497,-0.16909169,0.85145658,0.83],[0.05876232,0.98514462,0.16138062,0.29],[-0.8660928,-0.03007981,0.49898496,-0.48]]]
[[[1146.290283203125,0,984.3402099609375],[0,1146.290283203125,575.939208984375],[0,0,1]],[[0.43101323,-0.1616049,0.88776112,0.87],[0.05708152,0.9867478,0.15191063,0.29],[-0.90054256,-0.01480082,0.43452463,-0.54]]]
[[[1146.290283203125,0,984.3402099609375],[0,1146.290283203125,575.939208984375],[0,0,1]],[[0.68007362,-0.18272045,0.71001518,0.94],[0.1005835,0.98254412,0.15651315,0.34],[-0.72621655,-0.03502464,0.68657851,-0.58]]]
[[[1146.290283203125,0,984.3402099609375],[0,1146.290283203125,575.939208984375],[0,0,1]],[[0.8923707,-0.16509563,0.42003155,0.86],[0.13248537,0.98551536,0.1058927,0.33],[-0.43142825,-0.03884749,0.90131456,-0.58]]]
[[[1146.290283203125,0,984.3402099609375],[0,1146.290283203125,575.939208984375],[0,0,1]],[[0.94234163,-0.15869819,0.29464543,0.82],[0.13858855,0.98643029,0.08806172,0.32],[-0.30462116,-0.04214969,0.95154452,-0.58]]]
[[[1146.290283203125,0,984.3402099609375],[0,1146.290283203125,575.939208984375],[0,0,1]],[[0.95681405,-0.1563748,0.24507686,0.81],[0.14091323,0.98682678,0.07951423,0.32],[-0.25428137,-0.04154568,0.96624148,-0.58]]]
[[[1146.290283203125,0,984.3402099609375],[0,1146.290283203125,575.939208984375],[0,0,1]],[[0.96185678,-0.15478477,0.22557053,0.8],[0.14080648,0.9870497,0.07689202,0.32],[-0.23455004,-0.04219724,0.97119164,-0.58]]]
[[[1146.290283203125,0,984.3402099609375],[0,1146.290283203125,575.939208984375],[0,0,1]],[[0.94673109,-0.15183063,0.28400135,0.67],[0.13014075,0.98704618,0.09385703,0.33],[-0.29457155,-0.0518971,0.95422322,-0.54]]]
[[[1146.290283203125,0,984.3402099609375],[0,1146.290283203125,575.939208984375],[0,0,1]],[[0.73259169,-0.17299904,0.658324,0.7],[0.09691428,0.98382258,0.15068835,0.32],[-0.67374003,-0.04659193,0.73750335,-0.53]]]
[[[1146.290283203125,0,984.3402099609375],[0,1146.290283203125,575.939208984375],[0,0,1]],[[0.58208287,-0.1805854,0.7928291,0.74],[0.07316344,0.9827069,0.17011905,0.33],[-0.80983627,-0.04101716,0.58522666,-0.58]]]
[[[1146.290283203125,0,984.3402099609375],[0,1146.290283203125,575.939208984375],[0,0,1]],[[0.48896122,-0.17557748,0.85445839,0.75],[0.05979296,0.98397928,0.16797559,0.33],[-0.87025857,-0.03104285,0.49162394,-0.58]]]
[[[1146.290283203125,0,984.3402099609375],[0,1146.290283203125,575.939208984375],[0,0,1]],[[0.4026747,-0.17120092,0.89919591,0.76],[0.04855068,0.98496842,0.16578968,0.33],[-0.91405904,-0.02310269,0.40493199,-0.59]]]
[[[1146.290283203125,0,984.3402099609375],[0,1146.290283203125,575.939208984375],[0,0,1]],[[0.39796492,-0.16665162,0.90214217,0.79],[0.05461139,0.98592472,0.1580378,0.33],[-0.91577792,-0.01362625,0.40146282,-0.74]]]
