[[[1117.6734619140625,0,991.843994140625],[0,1117.6734619140625,552.9899291992188],[0,0,1]],[[9.99077201e-01,4.29519042e-02,4.02279780e-04,-0.00000000e+00],[-4.18846000e-02,9.72089470e-01,2.30841930e-01,0.00000000e+00],[9.52405000e-03,-2.30645720e-01,9.72991290e-01,0.00000000e+00]]]
[[[1117.6734619140625,0,991.843994140625],[0,1117.6734619140625,552.9899291992188],[0,0,1]],[[9.99073684e-01,4.30328473e-02,4.73320950e-04,-0.00000000e+00],[-4.19807300e-02,9.72109200e-01,2.30741470e-01,0.00000000e+00],[9.46934000e-03,-2.30547560e-01,9.73015130e-01,0.00000000e+00]]]
[[[1117.6734619140625,0,991.843994140625],[0,1117.6734619140625,552.9899291992188],[0,0,1]],[[9.99076664e-01,4.29601818e-02,4.33173729e-04,-0.00000000e+00],[-4.19012900e-02,9.72124870e-01,2.30689730e-01,0.00000000e+00],[9.48937000e-03,-2.30494900e-01,9.73027410e-01,0.00000000e+00]]]
[[[1117.6734619140625,0,991.843994140625],[0,1117.6734619140625,552.9899291992188],[0,0,1]],[[9.99074757e-01,4.30018939e-02,4.74530621e-04,-0.00000000e+00],[-4.19510500e-02,9.72114150e-01,2.30725870e-01,0.00000000e+00],[9.46035000e-03,-2.30532360e-01,9.73018830e-01,0.00000000e+00]]]
[[[1117.6734619140625,0,991.843994140625],[0,1117.6734619140625,552.9899291992188],[0,0,1]],[[9.99074578e-01,4.30007279e-02,5.34027466e-04,-0.00000000e+00],[-4.19636900e-02,9.72114680e-01,2.30720240e-01,0.00000000e+00],[9.40201000e-03,-2.30529320e-01,9.73020080e-01,0.00000000e+00]]]
[[[1117.6734619140625,0,991.843994140625],[0,1117.6734619140625,552.9899291992188],[0,0,1]],[[9.99079406e-01,4.28885780e-02,4.56705980e-04,-0.00000000e+00],[-4.18367400e-02,9.72119990e-01,2.30721010e-01,0.00000000e+00],[9.45133000e-03,-2.30527910e-01,9.73019960e-01,0.00000000e+00]]]
[[[1117.6734619140625,0,991.843994140625],[0,1117.6734619140625,552.9899291992188],[0,0,1]],[[9.99079406e-01,4.28885780e-02,4.56705980e-04,0.00000000e+00],[-4.18367400e-02,9.72119990e-01,2.30721010e-01,0.00000000e+00],[9.45133000e-03,-2.30527910e-01,9.73019960e-01,0.00000000e+00]]]
[[[1117.6734619140625,0,991.843994140625],[0,1117.6734619140625,552.9899291992188],[0,0,1]],[[9.99079406e-01,4.28885780e-02,4.56705980e-04,0.00000000e+00],[-4.18367400e-02,9.72119990e-01,2.30721010e-01,0.00000000e+00],[9.45133000e-03,-2.30527910e-01,9.73019960e-01,0.00000000e+00]]]
[[[1117.6734619140625,0,991.843994140625],[0,1117.6734619140625,552.9899291992188],[0,0,1]],[[9.99079406e-01,4.28885780e-02,4.56705980e-04,0.00000000e+00],[-4.18367400e-02,9.72119990e-01,2.30721010e-01,0.00000000e+00],[9.45133000e-03,-2.30527910e-01,9.73019960e-01,0.00000000e+00]]]
[[[1117.6734619140625,0,991.843994140625],[0,1117.6734619140625,552.9899291992188],[0,0,1]],[[9.99079406e-01,4.28885780e-02,4.56705980e-04,0.00000000e+00],[-4.18367400e-02,9.72119990e-01,2.30721010e-01,0.00000000e+00],[9.45133000e-03,-2.30527910e-01,9.73019960e-01,0.00000000e+00]]]
[[[1117.6734619140625,0,991.843994140625],[0,1117.6734619140625,552.9899291992188],[0,0,1]],[[9.99061704e-01,4.33003791e-02,1.67067570e-04,-0.00000000e+00],[-4.21695400e-02,9.72079340e-01,2.30831530e-01,0.00000000e+00],[9.83269000e-03,-2.30622190e-01,9.72993850e-01,0.00000000e+00]]]
[[[1117.6734619140625,0,991.843994140625],[0,1117.6734619140625,552.9899291992188],[0,0,1]],[[9.99088585e-01,4.26763035e-02,1.75582652e-04,-0.00000000e+00],[-4.15609700e-02,9.72026350e-01,2.31164810e-01,0.00000000e+00],[9.69459000e-03,-2.30961610e-01,9.72914700e-01,0.00000000e+00]]]
[[[1117.6734619140625,0,991.843994140625],[0,1117.6734619140625,552.9899291992188],[0,0,1]],[[9.99053597e-01,4.34860848e-02,3.77843506e-04,-0.00000000e+00],[-4.24091200e-02,9.72314360e-01,2.29795440e-01,0.00000000e+00],[9.62552000e-03,-2.29594170e-01,9.73239000e-01,0.00000000e+00]]]
[[[1117.6734619140625,0,991.843994140625],[0,1117.6734619140625,552.9899291992188],[0,0,1]],[[9.99067783e-01,4.31548133e-02,7.22887286e-04,-0.00000000e+00],[-4.21612200e-02,9.72207250e-01,2.30293710e-01,-0.00000000e+00],[9.23549000e-03,-2.30109690e-01,9.73120990e-01,0.00000000e+00]]]
[[[1117.6734619140625,0,991.843994140625],[0,1117.6734619140625,552.9899291992188],[0,0,1]],[[9.99068201e-01,4.31490578e-02,4.52430744e-04,-0.00000000e+00],[-4.20895900e-02,9.72118200e-01,2.30682520e-01,-0.00000000e+00],[9.51392000e-03,-2.30486800e-01,9.73029080e-01,0.00000000e+00]]]
[[[1117.6734619140625,0,991.843994140625],[0,1117.6734619140625,552.9899291992188],[0,0,1]],[[9.99058902e-01,4.33636531e-02,4.75609530e-04,-0.00000000e+00],[-4.23113000e-02,9.72291650e-01,2.29909720e-01,-0.00000000e+00],[9.50730000e-03,-2.29713660e-01,9.73211940e-01,0.00000000e+00]]]
[[[1117.6734619140625,0,991.843994140625],[0,1117.6734619140625,552.9899291992188],[0,0,1]],[[9.99068141e-01,4.31482010e-02,5.63097536e-04,-0.00000000e+00],[-4.21138100e-02,9.72106040e-01,2.30729300e-01,-0.00000000e+00],[9.40817000e-03,-2.30538190e-01,9.73017930e-01,0.00000000e+00]]]
[[[1117.6734619140625,0,991.843994140625],[0,1117.6734619140625,552.9899291992188],[0,0,1]],[[9.99077976e-01,4.29231673e-02,2.02325144e-04,-0.00000000e+00],[-4.18293200e-02,9.72538050e-01,2.28953660e-01,-0.00000000e+00],[9.63065000e-03,-2.28751230e-01,9.73437430e-01,0.00000000e+00]]]
[[[1117.6734619140625,0,991.843994140625],[0,1117.6734619140625,552.9899291992188],[0,0,1]],[[9.99085784e-01,4.27412242e-02,-2.77484651e-04,-0.00000000e+00],[-4.15405400e-02,9.72506820e-01,2.29138790e-01,-0.00000000e+00],[1.00635300e-02,-2.28917970e-01,9.73393860e-01,0.00000000e+00]]]
[[[1117.6734619140625,0,991.843994140625],[0,1117.6734619140625,552.9899291992188],[0,0,1]],[[9.99093175e-01,4.25577648e-02,-9.46362095e-04,-0.00000000e+00],[-4.12131400e-02,9.72612860e-01,2.28747620e-01,-0.00000000e+00],[1.06554400e-02,-2.28501380e-01,9.73485410e-01,0.00000000e+00]]]
[[[1117.6734619140625,0,991.843994140625],[0,1117.6734619140625,552.9899291992188],[0,0,1]],[[0.99916804,0.04021838,-0.00670914,-0.],[-0.03763777,0.97302514,0.22760756,-0.],[0.01568218,-0.22716588,0.97372997,0.]]]
[[[1117.6734619140625,0,991.843994140625],[0,1117.6734619140625,552.9899291992188],[0,0,1]],[[0.99871135,0.04021582,-0.030945,-0.],[-0.03213619,0.97321743,0.22762878,-0.],[0.03927051,-0.22634119,0.97325629,0.]]]
[[[1117.6734619140625,0,991.843994140625],[0,1117.6734619140625,552.9899291992188],[0,0,1]],[[0.99289286,0.05679772,-0.10458042,-0.],[-0.03185932,0.97354579,0.22625946,-0.],[0.11466491,-0.22131974,0.96843678,0.]]]
[[[1117.6734619140625,0,991.843994140625],[0,1117.6734619140625,552.9899291992188],[0,0,1]],[[0.98631418,0.06917129,-0.14966281,-0.01],[-0.03381258,0.97330517,0.22701006,-0.],[0.16137025,-0.21884292,0.96232408,0.]]]
[[[1117.6734619140625,0,991.843994140625],[0,1117.6734619140625,552.9899291992188],[0,0,1]],[[0.98601514,0.07106118,-0.1507439,-0.01],[-0.03487922,0.97249591,0.23029305,0.],[0.16296284,-0.22181478,0.96137482,0.]]]
[[[1117.6734619140625,0,991.843994140625],[0,1117.6734619140625,552.9899291992188],[0,0,1]],[[0.98703247,0.07472084,-0.14206681,-0.01],[-0.03996798,0.97157747,0.23332275,0.],[0.15546307,-0.22461921,0.96196556,0.]]]
[[[1117.6734619140625,0,991.843994140625],[0,1117.6734619140625,552.9899291992188],[0,0,1]],[[0.98716044,0.07286284,-0.14214268,-0.01],[-0.03822207,0.97179711,0.23269989,0.],[0.15508911,-0.22427931,0.96210521,0.]]]
[[[1117.6734619140625,0,991.843994140625],[0,1117.6734619140625,552.9899291992188],[0,0,1]],[[0.9873724,0.07227954,-0.14096335,-0.01],[-0.03812251,0.97210574,0.2314236,0.],[0.15375856,-0.22312757,0.96258646,0.]]]
[[[1117.6734619140625,0,991.843994140625],[0,1117.6734619140625,552.9899291992188],[0,0,1]],[[0.99422377,0.06179887,-0.08774574,-0.02],[-0.03960392,0.97113401,0.23522329,0.01],[0.09974947,-0.2303897,0.96797258,0.]]]
[[[1117.6734619140625,0,991.843994140625],[0,1117.6734619140625,552.9899291992188],[0,0,1]],[[0.99918854,0.03461596,0.02057423,-0.01],[-0.03833977,0.97402006,0.22319219,-0.01],[-0.01231372,-0.22380008,0.9745574,0.]]]
[[[1117.6734619140625,0,991.843994140625],[0,1117.6734619140625,552.9899291992188],[0,0,1]],[[0.99318045,0.02056786,0.11475594,-0.04],[-0.04531268,0.9750272,0.21741295,-0.01],[-0.10741853,-0.2211304,0.96931064,0.01]]]
[[[1117.6734619140625,0,991.843994140625],[0,1117.6734619140625,552.9899291992188],[0,0,1]],[[0.97604382,-0.00382716,0.21753852,-0.],[-0.04455088,0.97514421,0.21704485,-0.01],[-0.21296224,-0.22153707,0.95161384,0.02]]]
[[[1117.6734619140625,0,991.843994140625],[0,1117.6734619140625,552.9899291992188],[0,0,1]],[[0.96563745,-0.01219644,0.25960523,-0.],[-0.0454561,0.97557455,0.21491331,-0.01],[-0.25588563,-0.21932921,0.94149762,0.03]]]
[[[1117.6734619140625,0,991.843994140625],[0,1117.6734619140625,552.9899291992188],[0,0,1]],[[0.95765293,-0.02039085,0.28720102,0.],[-0.04420162,0.97525281,0.21662882,-0.],[-0.28451103,-0.2201502,0.93305314,0.03]]]
[[[1117.6734619140625,0,991.843994140625],[0,1117.6734619140625,552.9899291992188],[0,0,1]],[[0.95911038,-0.01999289,0.28232443,0.],[-0.04345289,0.97527462,0.21668215,-0.],[-0.27967602,-0.22009009,0.93452793,0.03]]]
[[[1117.6734619140625,0,991.843994140625],[0,1117.6734619140625,552.9899291992188],[0,0,1]],[[0.96427715,-0.02061088,0.26409125,0.02],[-0.0389594,0.97509187,0.21835305,0.],[-0.26201373,-0.22084188,0.93945646,0.03]]]
[[[1117.6734619140625,0,991.843994140625],[0,1117.6734619140625,552.9899291992188],[0,0,1]],[[0.9924565,0.01565004,0.12159281,0.02],[-0.04234089,0.97454453,0.22015946,0.],[-0.11505207,-0.22364721,0.96785635,0.02]]]
[[[1117.6734619140625,0,991.843994140625],[0,1117.6734619140625,552.9899291992188],[0,0,1]],[[0.99868906,0.04892494,-0.01503737,0.02],[-0.04439925,0.9742499,0.22105597,0.],[0.02546544,-0.22009867,0.9751457,0.]]]
[[[1117.6734619140625,0,991.843994140625],[0,1117.6734619140625,552.9899291992188],[0,0,1]],[[0.98418784,0.07911085,-0.1584795,0.03],[-0.04215458,0.97362375,0.22423215,0.],[0.17203879,-0.21400607,0.961564,-0.]]]
[[[1117.6734619140625,0,991.843994140625],[0,1117.6734619140625,552.9899291992188],[0,0,1]],[[0.96418601,0.09819134,-0.24638082,0.03],[-0.04117196,0.97309637,0.22669053,0.],[0.26201153,-0.20842795,0.94228917,-0.]]]
[[[1117.6734619140625,0,991.843994140625],[0,1117.6734619140625,552.9899291992188],[0,0,1]],[[0.95391929,0.10442237,-0.28130731,0.02],[-0.03868809,0.97247058,0.22979273,0.],[0.29755878,-0.20832051,0.93169874,-0.01]]]
[[[1117.6734619140625,0,991.843994140625],[0,1117.6734619140625,552.9899291992188],[0,0,1]],[[0.96435344,0.09374132,-0.24745701,0.02],[-0.03428838,0.97153306,0.23441111,0.],[0.26238686,-0.21757025,0.94011563,-0.01]]]
[[[1117.6734619140625,0,991.843994140625],[0,1117.6734619140625,552.9899291992188],[0,0,1]],[[0.98774987,0.07141499,-0.13874422,-0.01],[-0.0376105,0.97187203,0.23248874,0.01],[0.15144496,-0.22442247,0.96265256,-0.]]]
[[[1117.6734619140625,0,991.843994140625],[0,1117.6734619140625,552.9899291992188],[0,0,1]],[[0.99775004,0.05221722,-0.0420499,-0.01],[-0.04144336,0.97338808,0.2253866,0.01],[0.05270008,-0.22313681,0.97336227,0.]]]
[[[1117.6734619140625,0,991.843994140625],[0,1117.6734619140625,552.9899291992188],[0,0,1]],[[0.9963156,0.02749816,0.08123348,0.01],[-0.04483972,0.9744482,0.22009403,0.01],[-0.07310553,-0.22292557,0.9720912,0.01]]]
[[[1117.6734619140625,0,991.843994140625],[0,1117.6734619140625,552.9899291992188],[0,0,1]],[[0.99127525,0.01606372,0.13082553,0.01],[-0.04474009,0.97462553,0.2193277,0.01],[-0.12398256,-0.22326727,0.96684098,0.02]]]
[[[1117.6734619140625,0,991.843994140625],[0,1117.6734619140625,552.9899291992188],[0,0,1]],[[9.77132499e-01,4.74897271e-04,2.12631002e-01,-0.00000000e+00],[-4.72388100e-02,9.75492720e-01,2.14904430e-01,1.00000000e-02],[-2.07317800e-01,-2.20034570e-01,9.53208030e-01,2.00000000e-02]]]
[[[1117.6734619140625,0,991.843994140625],[0,1117.6734619140625,552.9899291992188],[0,0,1]],[[0.95702511,-0.01955931,0.28934449,0.01],[-0.04489233,0.97570544,0.21444072,0.01],[-0.28650916,-0.21821454,0.93289649,0.02]]]
[[[1117.6734619140625,0,991.843994140625],[0,1117.6734619140625,552.9899291992188],[0,0,1]],[[0.95110482,-0.02378006,0.30795112,0.01],[-0.04497128,0.97574568,0.21424094,0.01],[-0.30557662,-0.21761458,0.92696697,0.03]]]
[[[1117.6734619140625,0,991.843994140625],[0,1117.6734619140625,552.9899291992188],[0,0,1]],[[0.9439491,-0.030167,0.32870972,0.01],[-0.04343703,0.97580421,0.21429083,0.01],[-0.32722083,-0.21655785,0.91979909,0.03]]]
[[[1117.6734619140625,0,991.843994140625],[0,1117.6734619140625,552.9899291992188],[0,0,1]],[[0.94554514,-0.02944894,0.32415643,0.01],[-0.04324521,0.97570419,0.21478458,0.01],[-0.32260594,-0.21710673,0.92129868,0.03]]]
[[[1117.6734619140625,0,991.843994140625],[0,1117.6734619140625,552.9899291992188],[0,0,1]],[[0.96298873,-0.02507211,0.26837346,0.01],[-0.03459928,0.97593009,0.21532451,0.01],[-0.26731238,-0.21664068,0.93894202,0.02]]]
[[[1117.6734619140625,0,991.843994140625],[0,1117.6734619140625,552.9899291992188],[0,0,1]],[[0.99802703,0.03006327,0.05512485,0.],[-0.04147274,0.97478992,0.21924032,0.01],[-0.04714413,-0.22109394,0.97411299,0.]]]
[[[1117.6734619140625,0,991.843994140625],[0,1117.6734619140625,552.9899291992188],[0,0,1]],[[0.99458307,0.06012553,-0.08479305,-0.],[-0.03993418,0.97415054,0.2223464,0.01],[0.09596974,-0.21775579,0.97127414,-0.01]]]
[[[1117.6734619140625,0,991.843994140625],[0,1117.6734619140625,552.9899291992188],[0,0,1]],[[0.98289621,0.07884504,-0.16643009,-0.01],[-0.04013917,0.97370923,0.22423504,0.01],[0.17973408,-0.21371937,0.9602192,-0.01]]]
[[[1117.6734619140625,0,991.843994140625],[0,1117.6734619140625,552.9899291992188],[0,0,1]],[[0.97506309,0.08838704,-0.20356874,-0.01],[-0.04128671,0.9735021,0.22492534,0.01],[0.21805476,-0.21091171,0.95287448,-0.01]]]
[[[1117.6734619140625,0,991.843994140625],[0,1117.6734619140625,552.9899291992188],[0,0,1]],[[0.97122741,0.09239181,-0.21950246,-0.01],[-0.04127756,0.97303796,0.22692585,0.01],[0.23455006,-0.21133611,0.94885445,-0.01]]]
[[[1117.6734619140625,0,991.843994140625],[0,1117.6734619140625,552.9899291992188],[0,0,1]],[[0.99285847,0.06739296,-0.09843893,-0.04],[-0.04344447,0.97274524,0.22777462,0.02],[0.11110625,-0.22187139,0.96872598,-0.]]]
[[[1117.6734619140625,0,991.843994140625],[0,1117.6734619140625,552.9899291992188],[0,0,1]],[[0.99828088,0.03587092,0.04635521,-0.04],[-0.04539323,0.97347111,0.22426726,0.02],[-0.03708091,-0.22598593,0.97342557,0.01]]]
[[[1117.6734619140625,0,991.843994140625],[0,1117.6734619140625,552.9899291992188],[0,0,1]],[[0.99433959,0.02340125,0.10364325,-0.04],[-0.04614365,0.97376513,0.22283365,0.02],[-0.09570967,-0.22635467,0.96933234,0.01]]]
[[[1117.6734619140625,0,991.843994140625],[0,1117.6734619140625,552.9899291992188],[0,0,1]],[[0.98377556,0.00469465,0.17934544,-0.03],[-0.04501581,0.97413856,0.22142898,0.02],[-0.17366774,-0.22590959,0.95854396,0.02]]]
[[[1117.6734619140625,0,991.843994140625],[0,1117.6734619140625,552.9899291992188],[0,0,1]],[[0.97524536,-0.00664895,0.2210284,-0.03],[-0.04331399,0.97444266,0.22042805,0.02],[-0.21684502,-0.22454482,0.95003158,0.02]]]
[[[1117.6734619140625,0,991.843994140625],[0,1117.6734619140625,552.9899291992188],[0,0,1]],[[0.96722829,-0.01578247,0.25342074,-0.03],[-0.04179843,0.9745549,0.22022493,0.03],[-0.25044793,-0.22360006,0.94195598,0.02]]]
[[[1117.6734619140625,0,991.843994140625],[0,1117.6734619140625,552.9899291992188],[0,0,1]],[[0.95385033,-0.02633975,0.29912812,-0.03],[-0.04168599,0.97488701,0.21877097,0.03],[-0.29737818,-0.2211439,0.92879695,0.02]]]
[[[1117.6734619140625,0,991.843994140625],[0,1117.6734619140625,552.9899291992188],[0,0,1]],[[0.95543772,-0.03213098,0.2934421,-0.03],[-0.03581275,0.97410101,0.2232663,0.03],[-0.29301572,-0.22382566,0.92954081,0.02]]]
[[[1117.6734619140625,0,991.843994140625],[0,1117.6734619140625,552.9899291992188],[0,0,1]],[[0.96918678,-0.02187921,0.24535775,-0.04],[-0.0343436,0.9743194,0.22254349,0.04],[-0.2439256,-0.22411232,0.94354457,0.01]]]
[[[1117.6734619140625,0,991.843994140625],[0,1117.6734619140625,552.9899291992188],[0,0,1]],[[9.89987195e-01,7.26396916e-04,1.41162992e-01,-4.00000000e-02],[-3.25804500e-02,9.74166270e-01,2.23476900e-01,4.00000000e-02],[-1.37353760e-01,-2.25838070e-01,9.64434270e-01,1.00000000e-02]]]
[[[1117.6734619140625,0,991.843994140625],[0,1117.6734619140625,552.9899291992188],[0,0,1]],[[0.99915087,0.0267355,0.03138716,-0.04],[-0.03312874,0.97376406,0.22514357,0.04],[-0.02454444,-0.22599179,0.97382116,0.]]]
[[[1117.6734619140625,0,991.843994140625],[0,1117.6734619140625,552.9899291992188],[0,0,1]],[[0.99519521,0.05087074,-0.08367368,-0.04],[-0.03061548,0.97327858,0.22758593,0.04],[0.09301495,-0.22393027,0.97015762,-0.01]]]
[[[1117.6734619140625,0,991.843994140625],[0,1117.6734619140625,552.9899291992188],[0,0,1]],[[0.98140389,0.07311434,-0.17749259,-0.04],[-0.03112731,0.97300202,0.22869623,0.04],[0.18942112,-0.21891806,0.95718187,-0.01]]]
[[[1117.6734619140625,0,991.843994140625],[0,1117.6734619140625,552.9899291992188],[0,0,1]],[[0.96837097,0.08485737,-0.23464854,-0.04],[-0.02958829,0.9728145,0.22969656,0.04],[0.24776033,-0.21548818,0.94455415,-0.01]]]
[[[1117.6734619140625,0,991.843994140625],[0,1117.6734619140625,552.9899291992188],[0,0,1]],[[0.93146664,0.11071517,-0.34657589,-0.03],[-0.02967818,0.97252369,0.2309128,0.04],[0.362618,-0.20480147,0.90915757,-0.02]]]
[[[1117.6734619140625,0,991.843994140625],[0,1117.6734619140625,552.9899291992188],[0,0,1]],[[0.92826223,0.11259709,-0.35447693,-0.04],[-0.02860593,0.97186661,0.23379657,0.04],[0.37082833,-0.206884,0.90536642,-0.02]]]
[[[1117.6734619140625,0,991.843994140625],[0,1117.6734619140625,552.9899291992188],[0,0,1]],[[0.93937296,0.11290748,-0.3237797,-0.06],[-0.03302865,0.96963996,0.24230467,0.05],[0.34130698,-0.21692006,0.91458112,-0.02]]]
[[[1117.6734619140625,0,991.843994140625],[0,1117.6734619140625,552.9899291992188],[0,0,1]],[[0.98587906,0.07119431,-0.15157983,-0.07],[-0.03417832,0.97162396,0.2340572,0.05],[0.16394164,-0.22557099,0.96033543,-0.01]]]
[[[1117.6734619140625,0,991.843994140625],[0,1117.6734619140625,552.9899291992188],[0,0,1]],[[0.99785775,0.04774543,-0.04475322,-0.06],[-0.03615842,0.97227067,0.23105489,0.05],[0.05454373,-0.22894138,0.97191262,-0.01]]]
[[[1117.6734619140625,0,991.843994140625],[0,1117.6734619140625,552.9899291992188],[0,0,1]],[[0.99861759,0.02961394,0.04346029,-0.06],[-0.0388052,0.97268647,0.22886522,0.05],[-0.0354958,-0.23023498,0.97248918,-0.]]]
[[[1117.6734619140625,0,991.843994140625],[0,1117.6734619140625,552.9899291992188],[0,0,1]],[[0.99134415,0.01026125,0.13089845,-0.05],[-0.03993189,0.97328174,0.2261236,0.05],[-0.12508075,-0.22939298,0.96526515,0.]]]
[[[1117.6734619140625,0,991.843994140625],[0,1117.6734619140625,552.9899291992188],[0,0,1]],[[0.98307353,-0.00485288,0.18315569,-0.05],[-0.03731627,0.97339487,0.22608356,0.06],[-0.17937982,-0.22909106,0.95673573,0.01]]]
[[[1117.6734619140625,0,991.843994140625],[0,1117.6734619140625,552.9899291992188],[0,0,1]],[[0.97511661,-0.01283571,0.2213278,-0.04],[-0.03800927,0.97386372,0.22393838,0.06],[-0.21841729,-0.22677816,0.94914109,0.01]]]
[[[1117.6734619140625,0,991.843994140625],[0,1117.6734619140625,552.9899291992188],[0,0,1]],[[0.96398312,-0.0208666,0.26514882,-0.04],[-0.04007435,0.97414273,0.22235861,0.06],[-0.26293239,-0.22497533,0.93821955,0.02]]]
[[[1117.6734619140625,0,991.843994140625],[0,1117.6734619140625,552.9899291992188],[0,0,1]],[[0.96410316,-0.02708009,0.26414889,-0.04],[-0.03460747,0.97348803,0.22611266,0.06],[-0.26326859,-0.22713715,0.93760419,0.02]]]
[[[1117.6734619140625,0,991.843994140625],[0,1117.6734619140625,552.9899291992188],[0,0,1]],[[0.98544371,-0.01150468,0.16962144,-0.04],[-0.02819283,0.97283733,0.22977482,0.07],[-0.16765729,-0.2312119,0.95835024,0.01]]]
[[[1117.6734619140625,0,991.843994140625],[0,1117.6734619140625,552.9899291992188],[0,0,1]],[[9.92819548e-01,4.79373586e-04,1.19634099e-01,-4.00000000e-02],[-2.81093900e-02,9.72933590e-01,2.29376630e-01,7.00000000e-02],[-1.16285940e-01,-2.31092110e-01,9.65959310e-01,1.00000000e-02]]]
[[[1117.6734619140625,0,991.843994140625],[0,1117.6734619140625,552.9899291992188],[0,0,1]],[[0.99938148,0.02335142,0.02635653,-0.04],[-0.02878994,0.97282583,0.22974844,0.07],[-0.02027539,-0.2303648,0.97289479,0.]]]
[[[1117.6734619140625,0,991.843994140625],[0,1117.6734619140625,552.9899291992188],[0,0,1]],[[0.99774522,0.04091924,-0.05322796,-0.04],[-0.0275934,0.97267842,0.23051757,0.07],[0.06120614,-0.22852872,0.97161287,-0.]]]
[[[1117.6734619140625,0,991.843994140625],[0,1117.6734619140625,552.9899291992188],[0,0,1]],[[0.99030226,0.05766154,-0.12640977,-0.04],[-0.02709659,0.97250032,0.23132671,0.07],[0.13627191,-0.22565779,0.96463031,-0.]]]
[[[1117.6734619140625,0,991.843994140625],[0,1117.6734619140625,552.9899291992188],[0,0,1]],[[0.97735423,0.07267291,-0.19874728,-0.03],[-0.02534761,0.97262609,0.23099633,0.07],[0.21009357,-0.22072713,0.95244074,-0.01]]]
[[[1117.6734619140625,0,991.843994140625],[0,1117.6734619140625,552.9899291992188],[0,0,1]],[[0.96584862,0.08302421,-0.24545129,-0.03],[-0.02497013,0.97269255,0.23075692,0.07],[0.25790659,-0.21674696,0.94154543,-0.01]]]
[[[1117.6734619140625,0,991.843994140625],[0,1117.6734619140625,552.9899291992188],[0,0,1]],[[0.95335424,0.09274577,-0.2872574,-0.03],[-0.02481704,0.97249091,0.23162119,0.07],[0.30083665,-0.21368779,0.9294287,-0.01]]]
[[[1117.6734619140625,0,991.843994140625],[0,1117.6734619140625,552.9899291992188],[0,0,1]],[[0.9523375,0.09299948,-0.29052919,-0.03],[-0.02428544,0.97248781,0.23169044,0.07],[0.30408272,-0.21359144,0.9283939,-0.01]]]
[[[1117.6734619140625,0,991.843994140625],[0,1117.6734619140625,552.9899291992188],[0,0,1]],[[0.95773584,0.08850397,-0.27370048,-0.03],[-0.02299589,0.97200447,0.23384024,0.07],[0.28673351,-0.21766275,0.93295765,-0.01]]]
[[[1117.6734619140625,0,991.843994140625],[0,1117.6734619140625,552.9899291992188],[0,0,1]],[[0.98124737,0.07264154,-0.17854899,-0.06],[-0.02937641,0.97181052,0.23393139,0.07],[0.19050868,-0.22429892,0.95571935,0.]]]
[[[1117.6734619140625,0,991.843994140625],[0,1117.6734619140625,552.9899291992188],[0,0,1]],[[0.99613231,0.04977655,-0.07242782,-0.06],[-0.0317049,0.97217995,0.23208509,0.07],[0.08196512,-0.22889061,0.96999669,0.]]]
[[[1117.6734619140625,0,991.843994140625],[0,1117.6734619140625,552.9899291992188],[0,0,1]],[[0.999062,0.02740206,0.03357621,-0.06],[-0.03441405,0.97250885,0.23031467,0.07],[-0.02634206,-0.23125361,0.97253829,0.01]]]
[[[1117.6734619140625,0,991.843994140625],[0,1117.6734619140625,552.9899291992188],[0,0,1]],[[0.99557257,0.01498361,0.09281223,-0.05],[-0.03591938,0.9729467,0.22822595,0.07],[-0.08688161,-0.23054871,0.96917576,0.01]]]
[[[1117.6734619140625,0,991.843994140625],[0,1117.6734619140625,552.9899291992188],[0,0,1]],[[0.99050218,0.00538869,0.1374049,-0.05],[-0.03681702,0.97314471,0.2272366,0.07],[-0.13249017,-0.2301366,0.96409845,0.02]]]
[[[1117.6734619140625,0,991.843994140625],[0,1117.6734619140625,552.9899291992188],[0,0,1]],[[9.84277606e-01,-8.88372422e-04,1.76636934e-01,-5.00000000e-02],[-3.93034100e-02,9.73818480e-01,2.23909290e-01,7.00000000e-02],[-1.72210990e-01,-2.27330700e-01,9.58470940e-01,2.00000000e-02]]]
[[[1117.6734619140625,0,991.843994140625],[0,1117.6734619140625,552.9899291992188],[0,0,1]],[[0.97809881,-0.011084,0.20785509,-0.04],[-0.03669561,0.97376019,0.22460432,0.08],[-0.20489022,-0.22731195,0.95202506,0.02]]]
[[[1117.6734619140625,0,991.843994140625],[0,1117.6734619140625,552.9899291992188],[0,0,1]],[[0.97918218,-0.01093878,0.20269851,-0.04],[-0.03574441,0.97365427,0.22521606,0.08],[-0.19982158,-0.22777224,0.95299202,0.02]]]
[[[1117.6734619140625,0,991.843994140625],[0,1117.6734619140625,552.9899291992188],[0,0,1]],[[0.99821502,0.01762366,0.05710103,-0.04],[-0.03032235,0.97275448,0.22985247,0.08],[-0.05149446,-0.23117295,0.97155041,-0.01]]]
[[[1117.6734619140625,0,991.843994140625],[0,1117.6734619140625,552.9899291992188],[0,0,1]],[[0.9989512,0.03523935,-0.02931152,-0.04],[-0.02748486,0.97227919,0.23220848,0.08],[0.03668163,-0.23115855,0.97222567,-0.02]]]
[[[1117.6734619140625,0,991.843994140625],[0,1117.6734619140625,552.9899291992188],[0,0,1]],[[0.99224031,0.05381921,-0.11210331,-0.04],[-0.02639026,0.97209513,0.23310493,0.08],[0.12152017,-0.22833695,0.96596992,-0.02]]]
[[[1117.6734619140625,0,991.843994140625],[0,1117.6734619140625,552.9899291992188],[0,0,1]],[[0.98300701,0.06803806,-0.17050661,-0.04],[-0.02690464,0.97215164,0.23281087,0.08],[0.18159771,-0.22426662,0.95746011,-0.02]]]
[[[1117.6734619140625,0,991.843994140625],[0,1117.6734619140625,552.9899291992188],[0,0,1]],[[0.97402442,0.07879052,-0.21230359,-0.04],[-0.0274993,0.97173649,0.23446864,0.08],[0.2247764,-0.22253932,0.94865954,-0.03]]]
[[[1117.6734619140625,0,991.843994140625],[0,1117.6734619140625,552.9899291992188],[0,0,1]],[[0.96479273,0.08879198,-0.24757981,-0.04],[-0.0287146,0.97122782,0.23642291,0.08],[0.26144814,-0.22098929,0.93958068,-0.03]]]
[[[1117.6734619140625,0,991.843994140625],[0,1117.6734619140625,552.9899291992188],[0,0,1]],[[0.96165359,0.09168307,-0.25849906,-0.04],[-0.02889928,0.97110236,0.23691575,0.09],[0.27274939,-0.22035977,0.93651092,-0.03]]]
[[[1117.6734619140625,0,991.843994140625],[0,1117.6734619140625,552.9899291992188],[0,0,1]],[[0.96160346,0.09115947,-0.25887042,-0.04],[-0.02820436,0.97105753,0.23718293,0.09],[0.27299875,-0.22077399,0.93634069,-0.03]]]
[[[1117.6734619140625,0,991.843994140625],[0,1117.6734619140625,552.9899291992188],[0,0,1]],[[0.96446043,0.08667062,-0.24961875,-0.04],[-0.02563983,0.97091699,0.23804839,0.09],[0.26299003,-0.22318742,0.93863046,-0.03]]]
[[[1117.6734619140625,0,991.843994140625],[0,1117.6734619140625,552.9899291992188],[0,0,1]],[[0.9743396,0.08094579,-0.21003677,-0.06],[-0.02936519,0.97084093,0.23792881,0.09],[0.22317091,-0.22565497,0.94830275,-0.03]]]
[[[1117.6734619140625,0,991.843994140625],[0,1117.6734619140625,552.9899291992188],[0,0,1]],[[0.99700439,0.04717903,-0.06133425,-0.07],[-0.03154676,0.97159213,0.23455878,0.09],[0.07065785,-0.23192051,0.97016692,-0.02]]]
[[[1117.6734619140625,0,991.843994140625],[0,1117.6734619140625,552.9899291992188],[0,0,1]],[[0.99949741,0.03021193,0.00989279,-0.06],[-0.03168346,0.97217125,0.23212826,0.09],[-0.00260449,-0.23232427,0.9726367,-0.02]]]
[[[1117.6734619140625,0,991.843994140625],[0,1117.6734619140625,552.9899291992188],[0,0,1]],[[0.99778068,0.01891751,0.06389079,-0.06],[-0.03319546,0.97251815,0.23045875,0.08],[-0.0577751,-0.23206733,0.97098434,-0.01]]]
[[[1117.6734619140625,0,991.843994140625],[0,1117.6734619140625,552.9899291992188],[0,0,1]],[[0.99440908,0.01092009,0.10506017,-0.06],[-0.03477599,0.97303724,0.22802117,0.08],[-0.09973715,-0.23039907,0.96797347,-0.01]]]
[[[1117.6734619140625,0,991.843994140625],[0,1117.6734619140625,552.9899291992188],[0,0,1]],[[0.99144381,0.00794869,0.13031602,-0.06],[-0.03750712,0.97341192,0.22598058,0.08],[-0.12505452,-0.228934,0.96537787,-0.01]]]
[[[1117.6734619140625,0,991.843994140625],[0,1117.6734619140625,552.9899291992188],[0,0,1]],[[0.9858647,0.00335024,0.16752864,-0.06],[-0.04083904,0.97445709,0.22084068,0.09],[-0.16250908,-0.2245599,0.96081609,-0.01]]]
[[[1117.6734619140625,0,991.843994140625],[0,1117.6734619140625,552.9899291992188],[0,0,1]],[[0.97989345,-0.00151991,0.19953105,-0.06],[-0.0428242,0.97507018,0.21773662,0.09],[-0.1948871,-0.22190262,0.95539641,-0.]]]
[[[1117.6734619140625,0,991.843994140625],[0,1117.6734619140625,552.9899291992188],[0,0,1]],[[0.96949464,-0.00715043,0.2450206,-0.06],[-0.04643923,0.97611684,0.2122364,0.09],[-0.24068548,-0.21713987,0.94600469,-0.]]]
[[[1117.6734619140625,0,991.843994140625],[0,1117.6734619140625,552.9899291992188],[0,0,1]],[[0.96401823,-0.01485796,0.26543179,-0.06],[-0.04416994,0.97561026,0.21503174,0.09],[-0.26215199,-0.21901791,0.93984652,-0.]]]
[[[1117.6734619140625,0,991.843994140625],[0,1117.6734619140625,552.9899291992188],[0,0,1]],[[0.97468162,-0.01709196,0.22295652,-0.06],[-0.03466792,0.97347039,0.22618206,0.09],[-0.22090663,-0.22818416,0.94822782,-0.]]]
[[[1117.6734619140625,0,991.843994140625],[0,1117.6734619140625,552.9899291992188],[0,0,1]],[[9.90798771e-01,-6.24255335e-04,1.35363981e-01,-5.00000000e-02],[-3.10416300e-02,9.72295760e-01,2.31694000e-01,9.00000000e-02],[-1.31757940e-01,-2.33763310e-01,9.63326570e-01,-1.00000000e-02]]]
[[[1117.6734619140625,0,991.843994140625],[0,1117.6734619140625,552.9899291992188],[0,0,1]],[[0.99921954,0.02317536,0.03208886,-0.05],[-0.0300319,0.97197008,0.23318866,0.09],[-0.02578506,-0.2339696,0.9719038,-0.01]]]
[[[1117.6734619140625,0,991.843994140625],[0,1117.6734619140625,552.9899291992188],[0,0,1]],[[0.99762303,0.04153071,-0.05504465,-0.04],[-0.02747665,0.97159171,0.235073,0.09],[0.06324346,-0.23300101,0.97041982,-0.02]]]
[[[1117.6734619140625,0,991.843994140625],[0,1117.6734619140625,552.9899291992188],[0,0,1]],[[0.99049479,0.05853488,-0.12449806,-0.05],[-0.02789868,0.97162908,0.23486827,0.09],[0.13471347,-0.22916171,0.96402323,-0.02]]]
[[[1117.6734619140625,0,991.843994140625],[0,1117.6734619140625,552.9899291992188],[0,0,1]],[[0.97325045,0.07936356,-0.21561788,-0.04],[-0.0273753,0.97182041,0.23413672,0.09],[0.22812301,-0.22197033,0.94799399,-0.03]]]
[[[1117.6734619140625,0,991.843994140625],[0,1117.6734619140625,552.9899291992188],[0,0,1]],[[0.96338421,0.08641624,-0.25382924,-0.03],[-0.02531682,0.97173119,0.2347385,0.09],[0.26693803,-0.21971641,0.93833488,-0.03]]]
[[[1117.6734619140625,0,991.843994140625],[0,1117.6734619140625,552.9899291992188],[0,0,1]],[[0.95068604,0.09373561,-0.29566172,-0.02],[-0.02228767,0.97142392,0.23631205,0.09],[0.30936259,-0.21806814,0.92560518,-0.03]]]
[[[1117.6734619140625,0,991.843994140625],[0,1117.6734619140625,552.9899291992188],[0,0,1]],[[0.93600059,0.10323111,-0.33653015,-0.02],[-0.02179948,0.97119796,0.23728482,0.09],[0.35133114,-0.21476172,0.91128904,-0.04]]]
[[[1117.6734619140625,0,991.843994140625],[0,1117.6734619140625,552.9899291992188],[0,0,1]],[[0.93315995,0.1058047,-0.34354648,-0.01],[-0.02166792,0.97052282,0.24004388,0.09],[0.35881594,-0.21655448,0.90794224,-0.04]]]
[[[1117.6734619140625,0,991.843994140625],[0,1117.6734619140625,552.9899291992188],[0,0,1]],[[0.93565655,0.105723,-0.33671355,-0.02],[-0.02286585,0.97023392,0.24109928,0.1],[0.35217914,-0.21788594,0.91021955,-0.04]]]
[[[1117.6734619140625,0,991.843994140625],[0,1117.6734619140625,552.9899291992188],[0,0,1]],[[0.94101709,0.10333145,-0.32220516,-0.02],[-0.0240155,0.97022742,0.24101399,0.1],[0.33751509,-0.21905939,0.91547829,-0.04]]]
[[[1117.6734619140625,0,991.843994140625],[0,1117.6734619140625,552.9899291992188],[0,0,1]],[[0.94317544,0.1032721,-0.31585112,-0.02],[-0.02612957,0.97059149,0.23932227,0.1],[0.33127624,-0.21746889,0.91813266,-0.04]]]
[[[1117.6734619140625,0,991.843994140625],[0,1117.6734619140625,552.9899291992188],[0,0,1]],[[0.97396296,0.08153643,-0.21155398,-0.04],[-0.02967634,0.97091705,0.23758188,0.1],[0.22477187,-0.2251168,0.94805276,-0.03]]]
[[[1117.6734619140625,0,991.843994140625],[0,1117.6734619140625,552.9899291992188],[0,0,1]],[[0.98535222,0.06890704,-0.15601265,-0.04],[-0.03052289,0.97123021,0.23619056,0.1],[0.16779859,-0.22796799,0.95910293,-0.03]]]
[[[1117.6734619140625,0,991.843994140625],[0,1117.6734619140625,552.9899291992188],[0,0,1]],[[0.99428034,0.05721781,-0.09022033,-0.05],[-0.03496214,0.97225654,0.23130189,0.1],[0.10095142,-0.22682369,0.96869195,-0.02]]]
[[[1117.6734619140625,0,991.843994140625],[0,1117.6734619140625,552.9899291992188],[0,0,1]],[[0.99891543,0.04224078,-0.01976327,-0.05],[-0.03657323,0.9725045,0.23000693,0.1],[0.02893535,-0.22903372,0.97299051,-0.02]]]
[[[1117.6734619140625,0,991.843994140625],[0,1117.6734619140625,552.9899291992188],[0,0,1]],[[0.99874061,0.03567418,0.0353764,-0.05],[-0.04268462,0.97389132,0.22297868,0.09],[-0.02649814,-0.22420698,0.97418344,-0.02]]]
[[[1117.6734619140625,0,991.843994140625],[0,1117.6734619140625,552.9899291992188],[0,0,1]],[[0.99740171,0.03078878,0.06518497,-0.05],[-0.04445584,0.97450346,0.21993777,0.09],[-0.05675118,-0.22226323,0.97333586,-0.02]]]
[[[1117.6734619140625,0,991.843994140625],[0,1117.6734619140625,552.9899291992188],[0,0,1]],[[0.99465907,0.02780341,0.09943622,-0.05],[-0.04880112,0.9752968,0.21545449,0.09],[-0.09098913,-0.21915542,0.97144026,-0.02]]]
[[[1117.6734619140625,0,991.843994140625],[0,1117.6734619140625,552.9899291992188],[0,0,1]],[[0.98968017,0.02302376,0.14145824,-0.05],[-0.05279789,0.97616845,0.21050759,0.09],[-0.1332399,-0.21580292,0.96730596,-0.01]]]
[[[1117.6734619140625,0,991.843994140625],[0,1117.6734619140625,552.9899291992188],[0,0,1]],[[0.98079973,0.01638673,0.19434705,-0.06],[-0.05697602,0.97707301,0.20515424,0.09],[-0.18652873,-0.21228738,0.95924234,-0.01]]]
[[[1117.6734619140625,0,991.843994140625],[0,1117.6734619140625,552.9899291992188],[0,0,1]],[[0.97524559,0.01251079,0.22078688,-0.05],[-0.05853647,0.97739303,0.20318042,0.09],[-0.21325283,-0.21107394,0.9539265,-0.01]]]
[[[1117.6734619140625,0,991.843994140625],[0,1117.6734619140625,552.9899291992188],[0,0,1]],[[0.97136396,0.0065039,0.23752312,-0.05],[-0.05661103,0.97717738,0.20475706,0.09],[-0.23076965,-0.2123391,0.94955897,-0.01]]]
[[[1117.6734619140625,0,991.843994140625],[0,1117.6734619140625,552.9899291992188],[0,0,1]],[[9.72043991e-01,-3.40962521e-04,2.34814256e-01,-5.00000000e-02],[-5.08864600e-02,9.75932120e-01,2.12068590e-01,9.00000000e-02],[-2.29234200e-01,-2.18087880e-01,9.48627350e-01,-0.00000000e+00]]]
[[[1117.6734619140625,0,991.843994140625],[0,1117.6734619140625,552.9899291992188],[0,0,1]],[[0.99083984,0.00568846,0.13494952,-0.04],[-0.0366221,0.9730041,0.22787671,0.09],[-0.13000974,-0.23073043,0.96429539,-0.01]]]
[[[1117.6734619140625,0,991.843994140625],[0,1117.6734619140625,552.9899291992188],[0,0,1]],[[0.99909747,0.03819684,-0.01877924,-0.04],[-0.03277471,0.9718951,0.23313414,0.1],[0.02715617,-0.23230718,0.9722656,-0.02]]]
[[[1117.6734619140625,0,991.843994140625],[0,1117.6734619140625,552.9899291992188],[0,0,1]],[[0.98710018,0.06534971,-0.14618461,-0.03],[-0.02941875,0.97140658,0.2356047,0.1],[0.15740059,-0.22826385,0.96079415,-0.02]]]
[[[1117.6734619140625,0,991.843994140625],[0,1117.6734619140625,552.9899291992188],[0,0,1]],[[0.96370339,0.08819287,-0.2520026,-0.03],[-0.02689793,0.97113913,0.23700483,0.1],[0.26563039,-0.221623,0.93825823,-0.03]]]
[[[1117.6734619140625,0,991.843994140625],[0,1117.6734619140625,552.9899291992188],[0,0,1]],[[0.94420993,0.10389466,-0.31253943,-0.03],[-0.0279826,0.97082025,0.23818275,0.1],[0.32816401,-0.2161479,0.91956151,-0.03]]]
[[[1117.6734619140625,0,991.843994140625],[0,1117.6734619140625,552.9899291992188],[0,0,1]],[[0.92667341,0.1144019,-0.35804462,-0.02],[-0.02770463,0.97075748,0.23847109,0.1],[0.37485433,-0.21106435,0.9027409,-0.03]]]
[[[1117.6734619140625,0,991.843994140625],[0,1117.6734619140625,552.9899291992188],[0,0,1]],[[0.92228508,0.11748137,-0.36823332,-0.03],[-0.02640637,0.96961737,0.2432092,0.1],[0.38561621,-0.21458352,0.89736229,-0.04]]]
[[[1117.6734619140625,0,991.843994140625],[0,1117.6734619140625,552.9899291992188],[0,0,1]],[[0.93097943,0.11486797,-0.34653977,-0.05],[-0.02937958,0.96970898,0.24250214,0.1],[0.36389673,-0.21558231,0.90615028,-0.03]]]
[[[1117.6734619140625,0,991.843994140625],[0,1117.6734619140625,552.9899291992188],[0,0,1]],[[0.96063787,0.09745468,-0.26016307,-0.05],[-0.03343515,0.9702068,0.23997274,0.11],[0.2757971,-0.22182727,0.93527198,-0.03]]]
[[[1117.6734619140625,0,991.843994140625],[0,1117.6734619140625,552.9899291992188],[0,0,1]],[[0.98464191,0.08174025,-0.15429202,-0.06],[-0.04482862,0.97238189,0.22906254,0.11],[0.16875352,-0.21862693,0.96110833,-0.02]]]
[[[1117.6734619140625,0,991.843994140625],[0,1117.6734619140625,552.9899291992188],[0,0,1]],[[0.99413598,0.08451742,-0.06751012,-0.06],[-0.06945272,0.97720319,0.20063898,0.11],[0.08292808,-0.19477282,0.97733903,-0.02]]]
[[[1117.6734619140625,0,991.843994140625],[0,1117.6734619140625,552.9899291992188],[0,0,1]],[[0.99721825,0.07406482,-0.00879604,-0.06],[-0.07088038,0.97777712,0.19731532,0.11],[0.02321441,-0.19614211,0.98030317,-0.02]]]
[[[1117.6734619140625,0,991.843994140625],[0,1117.6734619140625,552.9899291992188],[0,0,1]],[[0.99680698,0.07057236,0.03744759,-0.07],[-0.07646533,0.97856069,0.19125192,0.11],[-0.02314775,-0.19350387,0.98082882,-0.02]]]
[[[1117.6734619140625,0,991.843994140625],[0,1117.6734619140625,552.9899291992188],[0,0,1]],[[0.9950192,0.05884926,0.08050357,-0.06],[-0.07338725,0.97872865,0.19159861,0.1],[-0.06751565,-0.1965514,0.97816879,-0.01]]]
[[[1117.6734619140625,0,991.843994140625],[0,1117.6734619140625,552.9899291992188],[0,0,1]],[[0.99282897,0.05148774,0.10792095,-0.06],[-0.07160883,0.97882313,0.1917887,0.1],[-0.09576057,-0.19814062,0.97548717,-0.01]]]
[[[1117.6734619140625,0,991.843994140625],[0,1117.6734619140625,552.9899291992188],[0,0,1]],[[0.98907942,0.05085278,0.13835734,-0.06],[-0.07632743,0.97966433,0.18557259,0.1],[-0.12610662,-0.19410567,0.97284389,-0.01]]]
[[[1117.6734619140625,0,991.843994140625],[0,1117.6734619140625,552.9899291992188],[0,0,1]],[[0.98413253,0.04988841,0.17029759,-0.06],[-0.08077718,0.98042208,0.17959061,0.1],[-0.1580037,-0.19049637,0.9688918,-0.01]]]
[[[1117.6734619140625,0,991.843994140625],[0,1117.6734619140625,552.9899291992188],[0,0,1]],[[0.97811532,0.04768719,0.20254211,-0.06],[-0.08404713,0.98099279,0.17491211,0.1],[-0.19035082,-0.18810654,0.96352881,-0.]]]
[[[1117.6734619140625,0,991.843994140625],[0,1117.6734619140625,552.9899291992188],[0,0,1]],[[0.97182,0.04709302,0.23098774,-0.07],[-0.08795111,0.98152769,0.16992065,0.11],[-0.2187182,-0.18544716,0.95800674,-0.]]]
[[[1117.6734619140625,0,991.843994140625],[0,1117.6734619140625,552.9899291992188],[0,0,1]],[[0.96564782,0.0417758,0.25648829,-0.07],[-0.08765103,0.98151821,0.17013013,0.11],[-0.24463993,-0.18676643,0.95145917,-0.]]]
[[[1117.6734619140625,0,991.843994140625],[0,1117.6734619140625,552.9899291992188],[0,0,1]],[[0.96072447,0.03924448,0.27472889,-0.06],[-0.08849176,0.98159742,0.16923586,0.11],[-0.26303083,-0.18689939,0.94651395,-0.]]]
[[[1117.6734619140625,0,991.843994140625],[0,1117.6734619140625,552.9899291992188],[0,0,1]],[[0.95982593,0.03305938,0.27865562,-0.05],[-0.08462755,0.98090482,0.17512543,0.11],[-0.26754427,-0.191671,0.94429213,0.]]]
[[[1117.6734619140625,0,991.843994140625],[0,1117.6734619140625,552.9899291992188],[0,0,1]],[[0.9901045,0.00361593,0.1403133,-0.04],[-0.0365563,0.97181338,0.23291184,0.12],[-0.1355159,-0.23573536,0.96232527,-0.]]]
[[[1117.6734619140625,0,991.843994140625],[0,1117.6734619140625,552.9899291992188],[0,0,1]],[[0.99929243,0.03509606,-0.01380315,-0.04],[-0.03080053,0.97070765,0.23829339,0.12],[0.02176163,-0.23769866,0.97109812,-0.01]]]
[[[1117.6734619140625,0,991.843994140625],[0,1117.6734619140625,552.9899291992188],[0,0,1]],[[0.97534794,0.07708742,-0.20678763,-0.04],[-0.02524232,0.96983117,0.2424791,0.12],[0.21924016,-0.2312808,0.94786543,-0.02]]]
[[[1117.6734619140625,0,991.843994140625],[0,1117.6734619140625,552.9899291992188],[0,0,1]],[[0.94006157,0.10540039,-0.32431802,-0.03],[-0.02417707,0.96924573,0.24491663,0.13],[0.34015667,-0.22239482,0.91369593,-0.02]]]
[[[1117.6734619140625,0,991.843994140625],[0,1117.6734619140625,552.9899291992188],[0,0,1]],[[0.92567277,0.11514139,-0.36038819,-0.03],[-0.02468024,0.96891564,0.24616906,0.13],[0.37752837,-0.21897669,0.8997376,-0.03]]]
[[[1117.6734619140625,0,991.843994140625],[0,1117.6734619140625,552.9899291992188],[0,0,1]],[[0.92462122,0.11567774,-0.3629075,-0.03],[-0.02412543,0.96864402,0.24729061,0.13],[0.38013265,-0.21989401,0.89841664,-0.03]]]
[[[1117.6734619140625,0,991.843994140625],[0,1117.6734619140625,552.9899291992188],[0,0,1]],[[0.92880791,0.11103714,-0.35354525,-0.03],[-0.02112398,0.96836919,0.24863806,0.13],[0.36996883,-0.22346784,0.90177149,-0.03]]]
[[[1117.6734619140625,0,991.843994140625],[0,1117.6734619140625,552.9899291992188],[0,0,1]],[[0.96919823,0.08883372,-0.22971928,-0.07],[-0.03077657,0.96906424,0.2448944,0.13],[0.24436654,-0.2302803,0.94194621,-0.01]]]
[[[1117.6734619140625,0,991.843994140625],[0,1117.6734619140625,552.9899291992188],[0,0,1]],[[0.9982779,0.04867921,-0.03285192,-0.05],[-0.03943019,0.97013515,0.23935029,0.13],[0.04352181,-0.2376418,0.97038066,-0.01]]]
