[[[1499.00146484375,0,999.3839111328125],[0,1499.00146484375,590.6411743164062],[0,0,1]],[[9.99678314e-01,-2.53636315e-02,-3.18890379e-05,0.00000000e+00],[2.51854800e-02,9.92803870e-01,-1.17074570e-01,0.00000000e+00],[3.00110000e-03,1.17036120e-01,9.93123230e-01,-0.00000000e+00]]]
[[[1499.00146484375,0,999.3839111328125],[0,1499.00146484375,590.6411743164062],[0,0,1]],[[9.99675453e-01,-2.54844259e-02,-1.37400086e-04,0.00000000e+00],[2.52930500e-02,9.92799880e-01,-1.17086980e-01,0.00000000e+00],[3.12030000e-03,1.17045460e-01,9.93121800e-01,-0.00000000e+00]]]
[[[1499.00146484375,0,999.3839111328125],[0,1499.00146484375,590.6411743164062],[0,0,1]],[[9.99678075e-01,-2.53808424e-02,-1.11624169e-04,0.00000000e+00],[2.51928200e-02,9.92788080e-01,-1.17208520e-01,0.00000000e+00],[3.08567000e-03,1.17167920e-01,9.93107440e-01,-0.00000000e+00]]]
[[[1499.00146484375,0,999.3839111328125],[0,1499.00146484375,590.6411743164062],[0,0,1]],[[9.99676108e-01,-2.54538022e-02,-8.18190310e-05,0.00000000e+00],[2.52689100e-02,9.92791410e-01,-1.17163230e-01,0.00000000e+00],[3.06348000e-03,1.17123170e-01,9.93112800e-01,-0.00000000e+00]]]
[[[1499.00146484375,0,999.3839111328125],[0,1499.00146484375,590.6411743164062],[0,0,1]],[[0.99962729,-0.02708242,-0.0034675,-0.05],[0.02649268,0.99280828,-0.11674999,0.02],[0.00660443,0.11661456,0.99315542,-0.17]]]
[[[1499.00146484375,0,999.3839111328125],[0,1499.00146484375,590.6411743164062],[0,0,1]],[[0.9995715,-0.02909796,-0.00318899,-0.05],[0.02852234,0.99267,-0.11744685,0.02],[0.00658308,0.11730551,0.9930743,-0.17]]]
[[[1499.00146484375,0,999.3839111328125],[0,1499.00146484375,590.6411743164062],[0,0,1]],[[0.99955553,-0.02965674,-0.00304283,-0.05],[0.02909564,0.99267548,-0.11725959,0.02],[0.00649808,0.11711889,0.99309689,-0.17]]]
[[[1499.00146484375,0,999.3839111328125],[0,1499.00146484375,590.6411743164062],[0,0,1]],[[0.99958402,-0.0286975,-0.00286233,-0.05],[0.02816516,0.99272156,-0.11709668,0.02],[0.00620188,0.11696731,0.99311662,-0.17]]]
[[[1499.00146484375,0,999.3839111328125],[0,1499.00146484375,590.6411743164062],[0,0,1]],[[0.99963862,-0.02622235,-0.0059226,-0.05],[0.02534086,0.99268943,-0.11801066,0.02],[0.00897381,0.11781788,0.9929949,-0.17]]]
[[[1499.00146484375,0,999.3839111328125],[0,1499.00146484375,590.6411743164062],[0,0,1]],[[0.99826074,-0.03053917,-0.05042671,-0.05],[0.02425404,0.99237406,-0.12085687,0.02],[0.05373301,0.11942357,0.99138856,-0.17]]]
[[[1499.00146484375,0,999.3839111328125],[0,1499.00146484375,590.6411743164062],[0,0,1]],[[0.97955751,-0.04021458,-0.19710375,-0.03],[0.01434105,0.99128211,-0.13097721,-0.08],[0.20065257,0.12547301,0.97159433,-0.07]]]
[[[1499.00146484375,0,999.3839111328125],[0,1499.00146484375,590.6411743164062],[0,0,1]],[[0.9212448,-0.03483313,-0.38742083,-0.03],[-0.02052611,0.99024212,-0.13784185,-0.08],[0.38844177,0.13493825,0.91154009,-0.07]]]
[[[1499.00146484375,0,999.3839111328125],[0,1499.00146484375,590.6411743164062],[0,0,1]],[[0.88011402,-0.04464576,-0.47265905,-0.03],[-0.02260086,0.99050069,-0.13564327,-0.08],[0.47422484,0.13006394,0.87074405,-0.07]]]
[[[1499.00146484375,0,999.3839111328125],[0,1499.00146484375,590.6411743164062],[0,0,1]],[[0.87762117,-0.04933469,-0.47680968,-0.03],[-0.01604629,0.99110943,-0.13208346,-0.09],[0.47908673,0.12357021,0.86902678,-0.07]]]
[[[1499.00146484375,0,999.3839111328125],[0,1499.00146484375,590.6411743164062],[0,0,1]],[[0.88018656,-0.04693013,-0.47230238,-0.03],[-0.01762998,0.99118084,-0.13134368,-0.09],[0.4743008,0.12393355,0.87159646,-0.07]]]
[[[1499.00146484375,0,999.3839111328125],[0,1499.00146484375,590.6411743164062],[0,0,1]],[[0.88928062,-0.04141863,-0.45548299,-0.11],[-0.02342579,0.99045986,-0.13580222,-0.17],[0.45676214,0.13143627,0.87982631,-0.06]]]
[[[1499.00146484375,0,999.3839111328125],[0,1499.00146484375,590.6411743164062],[0,0,1]],[[0.92116022,-0.02570828,-0.38833356,-0.12],[-0.02676837,0.9912684,-0.12912036,-0.],[0.38826194,0.12933552,0.91242874,-0.04]]]
[[[1499.00146484375,0,999.3839111328125],[0,1499.00146484375,590.6411743164062],[0,0,1]],[[0.97967023,-0.02188256,-0.19941823,-0.06],[-0.00371008,0.99188805,-0.12706809,-0.08],[0.20058088,0.12522461,0.9716416,0.48]]]
[[[1499.00146484375,0,999.3839111328125],[0,1499.00146484375,590.6411743164062],[0,0,1]],[[0.99970788,-0.02414224,0.0013263,-0.06],[0.0241243,0.99228328,-0.12162967,-0.08],[0.00162018,0.12162606,0.99257541,0.49]]]
[[[1499.00146484375,0,999.3839111328125],[0,1499.00146484375,590.6411743164062],[0,0,1]],[[0.99930716,-0.02585189,0.02678769,-0.06],[0.02891606,0.99221355,-0.12115403,-0.08],[-0.0234472,0.1218446,0.99227303,0.49]]]
[[[1499.00146484375,0,999.3839111328125],[0,1499.00146484375,590.6411743164062],[0,0,1]],[[0.99948186,-0.02529466,0.01992393,-0.06],[0.02755695,0.99203175,-0.12294629,-0.08],[-0.01665544,0.12343155,0.99221414,0.5]]]
[[[1499.00146484375,0,999.3839111328125],[0,1499.00146484375,590.6411743164062],[0,0,1]],[[9.99596360e-01,-2.82671300e-02,3.00861000e-03,-6.00000000e-02],[2.84219300e-02,9.91852280e-01,-1.24192870e-01,-8.00000000e-02],[5.26319258e-04,1.24228150e-01,9.92254496e-01,5.00000000e-01]]]
[[[1499.00146484375,0,999.3839111328125],[0,1499.00146484375,590.6411743164062],[0,0,1]],[[0.99775666,-0.03239421,-0.05859417,-0.06],[0.02469389,0.99151051,-0.12766954,-0.08],[0.06223228,0.12593612,0.9900853,0.5]]]
[[[1499.00146484375,0,999.3839111328125],[0,1499.00146484375,590.6411743164062],[0,0,1]],[[0.97336835,-0.04480065,-0.22482929,-0.06],[0.01505846,0.99109685,-0.13229743,-0.08],[0.22875425,0.12538841,0.96537608,0.51]]]
[[[1499.00146484375,0,999.3839111328125],[0,1499.00146484375,590.6411743164062],[0,0,1]],[[0.90592873,-0.03950031,-0.42158514,-0.06],[-0.02055289,0.99036479,-0.1369573,-0.09],[0.42293242,0.13273823,0.89638746,0.51]]]
[[[1499.00146484375,0,999.3839111328125],[0,1499.00146484375,590.6411743164062],[0,0,1]],[[0.89133364,-0.02066328,-0.45287809,-0.05],[-0.04577317,0.98975503,-0.13524778,-0.08],[0.45103231,0.14128038,0.88125545,0.46]]]
[[[1499.00146484375,0,999.3839111328125],[0,1499.00146484375,590.6411743164062],[0,0,1]],[[0.89498621,-0.01596285,-0.44580981,-0.05],[-0.04906547,0.989775,-0.1339418,-0.08],[0.44338867,0.14174969,0.88505095,0.46]]]
[[[1499.00146484375,0,999.3839111328125],[0,1499.00146484375,590.6411743164062],[0,0,1]],[[0.91097152,-0.00142722,-0.41246819,-0.05],[-0.05936716,0.98912925,-0.13454011,-0.08],[0.40817568,0.14704899,0.90098321,0.44]]]
[[[1499.00146484375,0,999.3839111328125],[0,1499.00146484375,590.6411743164062],[0,0,1]],[[0.95295441,0.01197221,-0.30287874,-0.01],[-0.05677741,0.98858517,-0.13956323,-0.16],[0.29774991,0.15019383,0.94275564,0.55]]]
[[[1499.00146484375,0,999.3839111328125],[0,1499.00146484375,590.6411743164062],[0,0,1]],[[0.99302649,0.0239829,-0.11543253,-0.01],[-0.04123277,0.9879092,-0.14945789,-0.16],[0.1104519,0.15317497,0.98200792,0.54]]]
[[[1499.00146484375,0,999.3839111328125],[0,1499.00146484375,590.6411743164062],[0,0,1]],[[0.9984116,0.01883679,0.05310921,-0.],[-0.01062817,0.98850805,-0.15080301,-0.16],[-0.05533988,0.14999883,0.98713702,0.55]]]
[[[1499.00146484375,0,999.3839111328125],[0,1499.00146484375,590.6411743164062],[0,0,1]],[[0.9985736,0.01375966,0.051598,-0.],[-0.00583042,0.98855132,-0.15078135,-0.16],[-0.05308234,0.15026526,0.98722064,0.55]]]
[[[1499.00146484375,0,999.3839111328125],[0,1499.00146484375,590.6411743164062],[0,0,1]],[[0.99973434,0.01240976,0.0194459,-0.01],[-0.00930292,0.98827451,-0.15241247,-0.16],[-0.02110968,0.15219095,0.98812664,0.56]]]
[[[1499.00146484375,0,999.3839111328125],[0,1499.00146484375,590.6411743164062],[0,0,1]],[[0.99423957,0.00534681,-0.10705161,-0.03],[-0.02548753,0.98190224,-0.18767276,-0.18],[0.10411028,0.18932001,0.97638154,0.55]]]
[[[1499.00146484375,0,999.3839111328125],[0,1499.00146484375,590.6411743164062],[0,0,1]],[[0.94715261,-0.00329375,-0.32076851,-0.05],[-0.05789162,0.98177528,-0.18102127,-0.2],[0.31551805,0.19002436,0.92969942,0.55]]]
[[[1499.00146484375,0,999.3839111328125],[0,1499.00146484375,590.6411743164062],[0,0,1]],[[0.85126567,-0.0076683,-0.52468014,-0.05],[-0.09359964,0.98164004,-0.16620722,-0.2],[0.51632065,0.19059619,0.8349179,0.56]]]
[[[1499.00146484375,0,999.3839111328125],[0,1499.00146484375,590.6411743164062],[0,0,1]],[[0.85404581,-0.00601259,-0.52016467,-0.05],[-0.09408302,0.98165953,-0.16581959,-0.2],[0.51162058,0.190556,0.8378154,0.56]]]
[[[1499.00146484375,0,999.3839111328125],[0,1499.00146484375,590.6411743164062],[0,0,1]],[[0.85885417,-0.00476485,-0.5121997,-0.05],[-0.09377491,0.98159546,-0.16637279,-0.2],[0.50356454,0.19092123,0.84259939,0.56]]]
[[[1499.00146484375,0,999.3839111328125],[0,1499.00146484375,590.6411743164062],[0,0,1]],[[0.87461102,0.00604455,-0.48478934,-0.05],[-0.10013736,0.98061544,-0.16843152,-0.2],[0.47437271,0.19585742,0.85826123,0.55]]]
[[[1499.00146484375,0,999.3839111328125],[0,1499.00146484375,590.6411743164062],[0,0,1]],[[0.92793125,0.02772117,-0.37172148,-0.04],[-0.09947725,0.97948158,-0.17528078,-0.2],[0.35923448,0.19962615,0.91164798,0.5]]]
[[[1499.00146484375,0,999.3839111328125],[0,1499.00146484375,590.6411743164062],[0,0,1]],[[0.99285626,0.0422543,-0.1115928,-0.04],[-0.06404936,0.97777909,-0.19962201,-0.2],[0.10067775,0.20534314,0.97349876,0.5]]]
[[[1499.00146484375,0,999.3839111328125],[0,1499.00146484375,590.6411743164062],[0,0,1]],[[0.9993245,0.03642948,-0.00503329,-0.03],[-0.03668988,0.97827208,-0.20405971,-0.2],[-0.00251014,0.20410633,0.97894651,0.51]]]
[[[1499.00146484375,0,999.3839111328125],[0,1499.00146484375,590.6411743164062],[0,0,1]],[[0.99926007,0.03702749,-0.01050008,-0.03],[-0.03839396,0.9780314,-0.20489816,-0.2],[0.00268226,0.20514946,0.978728,0.51]]]
[[[1499.00146484375,0,999.3839111328125],[0,1499.00146484375,590.6411743164062],[0,0,1]],[[0.9990406,0.03175308,-0.03019218,-0.04],[-0.03729693,0.97791404,-0.20565927,-0.2],[0.02299474,0.20658779,0.97815883,0.51]]]
[[[1499.00146484375,0,999.3839111328125],[0,1499.00146484375,590.6411743164062],[0,0,1]],[[0.9915601,0.02183994,-0.12780249,-0.04],[-0.04765781,0.9781009,-0.20260835,-0.2],[0.12057836,0.20698899,0.97088552,0.51]]]
[[[1499.00146484375,0,999.3839111328125],[0,1499.00146484375,590.6411743164062],[0,0,1]],[[0.94958138,0.00998766,-0.31336507,-0.05],[-0.07373581,0.97857332,-0.19224997,-0.2],[0.30472997,0.20566306,0.92997038,0.51]]]
[[[1499.00146484375,0,999.3839111328125],[0,1499.00146484375,590.6411743164062],[0,0,1]],[[0.84194469,0.0356015,-0.5383898,0.25],[-0.15194745,0.9730835,-0.17327234,-0.17],[0.51772857,0.2276925,0.82469118,0.09]]]
[[[1499.00146484375,0,999.3839111328125],[0,1499.00146484375,590.6411743164062],[0,0,1]],[[0.84809017,0.03977687,-0.52835912,0.25],[-0.15369727,0.97277319,-0.17347148,-0.17],[0.50707239,0.2283265,0.83111197,0.09]]]
[[[1499.00146484375,0,999.3839111328125],[0,1499.00146484375,590.6411743164062],[0,0,1]],[[0.86979139,0.04628607,-0.49124652,0.26],[-0.15265743,0.97198844,-0.17870988,-0.16],[0.46921307,0.23043233,0.85249192,0.08]]]
[[[1499.00146484375,0,999.3839111328125],[0,1499.00146484375,590.6411743164062],[0,0,1]],[[0.98455167,0.06897843,-0.16094398,0.27],[-0.10423962,0.96941638,-0.22219212,-0.16],[0.14069463,0.23553592,0.96162909,0.06]]]
[[[1499.00146484375,0,999.3839111328125],[0,1499.00146484375,590.6411743164062],[0,0,1]],[[0.99775076,0.06070067,-0.02849025,0.28],[-0.06566922,0.97046596,-0.23213528,-0.16],[0.01355766,0.23348366,0.97226769,0.08]]]
[[[1499.00146484375,0,999.3839111328125],[0,1499.00146484375,590.6411743164062],[0,0,1]],[[0.9975363,0.06157546,-0.03365586,0.28],[-0.06773773,0.97019726,-0.23266444,-0.16],[0.018326,0.2343705,0.97197604,0.08]]]
[[[1499.00146484375,0,999.3839111328125],[0,1499.00146484375,590.6411743164062],[0,0,1]],[[0.99673223,0.06140164,-0.05251267,0.29],[-0.07199483,0.96996123,-0.23237012,-0.16],[0.03666689,0.23539092,0.97121018,0.05]]]
[[[1499.00146484375,0,999.3839111328125],[0,1499.00146484375,590.6411743164062],[0,0,1]],[[0.98778188,0.05167948,-0.14703433,0.28],[-0.08446907,0.97036624,-0.22640273,-0.16],[0.13097616,0.23605587,0.96287352,0.06]]]
[[[1499.00146484375,0,999.3839111328125],[0,1499.00146484375,590.6411743164062],[0,0,1]],[[0.93633544,0.04169885,-0.34862593,0.27],[-0.12018608,0.97100651,-0.20665315,-0.16],[0.32989985,0.23539618,0.91419762,0.06]]]
[[[1499.00146484375,0,999.3839111328125],[0,1499.00146484375,590.6411743164062],[0,0,1]],[[0.8120845,0.03483493,-0.58250147,0.27],[-0.16448911,0.97140539,-0.17122735,-0.17],[0.55987889,0.23486578,0.79459178,0.06]]]
[[[1499.00146484375,0,999.3839111328125],[0,1499.00146484375,590.6411743164062],[0,0,1]],[[0.81507397,0.03450224,-0.57833117,0.27],[-0.16260991,0.97172576,-0.17120351,-0.17],[0.55607086,0.23358545,0.7976374,0.06]]]
[[[1499.00146484375,0,999.3839111328125],[0,1499.00146484375,590.6411743164062],[0,0,1]],[[0.86657417,0.04460635,-0.4970541,0.27],[-0.15354602,0.97151619,-0.18050985,-0.17],[0.47484255,0.23274538,0.84873819,0.05]]]
[[[1499.00146484375,0,999.3839111328125],[0,1499.00146484375,590.6411743164062],[0,0,1]],[[0.94693345,0.05843797,-0.31607789,0.27],[-0.12865007,0.97004455,-0.2060743,-0.17],[0.29456589,0.23580165,0.92608368,0.04]]]
[[[1499.00146484375,0,999.3839111328125],[0,1499.00146484375,590.6411743164062],[0,0,1]],[[0.99662262,0.05275637,-0.06295286,0.27],[-0.06595386,0.9708246,-0.23055039,-0.16],[0.04895259,0.23392335,0.9710232,0.05]]]
[[[1499.00146484375,0,999.3839111328125],[0,1499.00146484375,590.6411743164062],[0,0,1]],[[0.99587291,0.04887336,-0.07649614,0.27],[-0.06541146,0.97065622,-0.23141247,-0.17],[0.06294092,0.23546068,0.96984482,0.05]]]
[[[1499.00146484375,0,999.3839111328125],[0,1499.00146484375,590.6411743164062],[0,0,1]],[[0.98543799,0.03401392,-0.16660756,0.28],[-0.07173574,0.97149372,-0.22596034,-0.17],[0.15417159,0.23462121,0.95978469,0.05]]]
[[[1499.00146484375,0,999.3839111328125],[0,1499.00146484375,590.6411743164062],[0,0,1]],[[0.86703503,0.01168194,-0.49811333,0.05],[-0.12279975,0.97389841,-0.19090952,0.05],[0.48287988,0.22669299,0.84583688,-0.18]]]
[[[1499.00146484375,0,999.3839111328125],[0,1499.00146484375,590.6411743164062],[0,0,1]],[[0.79637665,0.01047781,-0.60471296,0.05],[-0.14404291,0.9743672,-0.17281441,0.06],[0.58739966,0.22472954,0.77747101,-0.2]]]
[[[1499.00146484375,0,999.3839111328125],[0,1499.00146484375,590.6411743164062],[0,0,1]],[[0.82549518,0.05778281,-0.56144673,0.26],[-0.19158791,0.96437263,-0.18244059,0.04],[0.53089994,0.25816962,0.80715352,-0.41]]]
[[[1499.00146484375,0,999.3839111328125],[0,1499.00146484375,590.6411743164062],[0,0,1]],[[0.90195316,0.07878218,-0.42459115,0.36],[-0.18045908,0.96201754,-0.20484586,0.08],[0.39232418,0.26138207,0.88190949,-0.47]]]
[[[1499.00146484375,0,999.3839111328125],[0,1499.00146484375,590.6411743164062],[0,0,1]],[[0.96921486,0.0871391,-0.23029031,0.36],[-0.14253643,0.96120089,-0.2361809,0.08],[0.20077336,0.26173413,0.94402784,-0.47]]]
[[[1499.00146484375,0,999.3839111328125],[0,1499.00146484375,590.6411743164062],[0,0,1]],[[0.99364758,0.09392394,-0.06202935,0.36],[-0.10692014,0.95984423,-0.25936973,0.09],[0.03517671,0.26435354,0.96378583,-0.47]]]
[[[1499.00146484375,0,999.3839111328125],[0,1499.00146484375,590.6411743164062],[0,0,1]],[[0.99329209,0.0930387,-0.06869993,0.36],[-0.1078706,0.95951712,-0.26018563,0.09],[0.04171062,0.26585019,0.96311331,-0.47]]]
[[[1499.00146484375,0,999.3839111328125],[0,1499.00146484375,590.6411743164062],[0,0,1]],[[0.99211091,0.08965537,-0.0876522,0.36],[-0.10959387,0.95968437,-0.25884527,0.09],[0.06091068,0.26640853,0.9619354,-0.47]]]
[[[1499.00146484375,0,999.3839111328125],[0,1499.00146484375,590.6411743164062],[0,0,1]],[[0.98020935,0.0858084,-0.17841415,0.36],[-0.12932225,0.95987362,-0.24884574,0.09],[0.14990079,0.26699302,0.95197064,-0.48]]]
[[[1499.00146484375,0,999.3839111328125],[0,1499.00146484375,590.6411743164062],[0,0,1]],[[0.88715911,0.07334064,-0.45560348,-0.06],[-0.1852015,0.96088016,-0.20595011,0.23],[0.42267376,0.26708815,0.86603373,-0.96]]]
[[[1499.00146484375,0,999.3839111328125],[0,1499.00146484375,590.6411743164062],[0,0,1]],[[0.78575897,0.05922414,-0.61569512,-0.06],[-0.20384653,0.96459371,-0.16736686,0.23],[0.5839808,0.25701642,0.7700085,-0.96]]]
[[[1499.00146484375,0,999.3839111328125],[0,1499.00146484375,590.6411743164062],[0,0,1]],[[0.79001462,0.06162328,-0.6099875,-0.06],[-0.2051679,0.96414816,-0.16831762,0.23],[0.57774329,0.2581223,0.77433193,-0.96]]]
[[[1499.00146484375,0,999.3839111328125],[0,1499.00146484375,590.6411743164062],[0,0,1]],[[0.80831033,0.06541683,-0.58511573,-0.03],[-0.20461443,0.96307695,-0.17499188,0.24],[0.55206126,0.26116997,0.79184777,-1.05]]]
[[[1499.00146484375,0,999.3839111328125],[0,1499.00146484375,590.6411743164062],[0,0,1]],[[0.91256142,0.07502688,-0.4020049,-0.03],[-0.17259857,0.96184605,-0.21229205,0.24],[0.37073717,0.26311415,0.89069015,-1.06]]]
[[[1499.00146484375,0,999.3839111328125],[0,1499.00146484375,590.6411743164062],[0,0,1]],[[0.97514182,0.08622693,-0.20413014,-0.06],[-0.13618971,0.95988256,-0.24512066,0.23],[0.17480361,0.2668269,0.94776124,-0.9]]]
[[[1499.00146484375,0,999.3839111328125],[0,1499.00146484375,590.6411743164062],[0,0,1]],[[0.97734845,0.07912357,-0.1963032,-0.21],[-0.12901314,0.95798004,-0.2561954,0.19],[0.16778214,0.27571699,0.94648486,-0.85]]]
[[[1499.00146484375,0,999.3839111328125],[0,1499.00146484375,590.6411743164062],[0,0,1]],[[0.96429503,0.07088316,-0.25517854,-0.22],[-0.13693538,0.95817578,-0.25130478,0.19],[0.2266911,0.27727407,0.9336673,-0.85]]]
[[[1499.00146484375,0,999.3839111328125],[0,1499.00146484375,590.6411743164062],[0,0,1]],[[0.87989783,0.05279849,-0.47222641,-0.22],[-0.17315237,0.96110594,-0.2151753,0.19],[0.44249627,0.27109852,0.85481399,-0.87]]]
[[[1499.00146484375,0,999.3839111328125],[0,1499.00146484375,590.6411743164062],[0,0,1]],[[0.73419309,0.05986359,-0.676301,-0.22],[-0.23155746,0.95846385,-0.1665394,0.23],[0.63823712,0.27887374,0.71755648,-0.97]]]
[[[1499.00146484375,0,999.3839111328125],[0,1499.00146484375,590.6411743164062],[0,0,1]],[[0.73971987,0.06211645,-0.67004639,-0.22],[-0.23287895,0.95783615,-0.16829847,0.23],[0.63133746,0.28053263,0.7229932,-0.97]]]
[[[1499.00146484375,0,999.3839111328125],[0,1499.00146484375,590.6411743164062],[0,0,1]],[[0.77930367,0.07636761,-0.62198073,-0.22],[-0.23876172,0.95386702,-0.1820367,0.23],[0.57938242,0.29036629,0.76158261,-0.99]]]
[[[1499.00146484375,0,999.3839111328125],[0,1499.00146484375,590.6411743164062],[0,0,1]],[[0.8690781,0.08617005,-0.48711821,-0.21],[-0.21348535,0.95362806,-0.21218921,0.23],[0.44624314,0.28840095,0.84716988,-1.]]]
[[[1499.00146484375,0,999.3839111328125],[0,1499.00146484375,590.6411743164062],[0,0,1]],[[0.97746366,0.09365983,-0.18920566,-0.22],[-0.1445251,0.95014602,-0.27630007,0.25],[0.1538939,0.29741755,0.94226551,-1.01]]]
[[[1499.00146484375,0,999.3839111328125],[0,1499.00146484375,590.6411743164062],[0,0,1]],[[0.97360659,0.09140491,-0.20914619,-0.22],[-0.14831318,0.9498533,-0.27529767,0.25],[0.17349362,0.29904997,0.9383359,-1.01]]]
[[[1499.00146484375,0,999.3839111328125],[0,1499.00146484375,590.6411743164062],[0,0,1]],[[0.94210857,0.07692007,-0.32637653,-0.23],[-0.16714838,0.95151669,-0.2582331,0.25],[0.29068783,0.29783612,0.90928513,-1.01]]]
[[[1499.00146484375,0,999.3839111328125],[0,1499.00146484375,590.6411743164062],[0,0,1]],[[0.86291915,0.0662389,-0.5009889,-0.24],[-0.20287751,0.95338589,-0.22338963,0.25],[0.46283638,0.29440573,0.83612978,-1.01]]]
[[[1499.00146484375,0,999.3839111328125],[0,1499.00146484375,590.6411743164062],[0,0,1]],[[0.69594073,0.05875896,-0.71569628,-0.24],[-0.24786898,0.95505178,-0.16261695,0.24],[0.67396832,0.29056981,0.67922097,-1.02]]]
[[[1499.00146484375,0,999.3839111328125],[0,1499.00146484375,590.6411743164062],[0,0,1]],[[0.6996727,0.05985023,-0.7119574,-0.24],[-0.24766891,0.95501918,-0.16311252,0.24],[0.67016715,0.29045418,0.68302089,-1.02]]]
[[[1499.00146484375,0,999.3839111328125],[0,1499.00146484375,590.6411743164062],[0,0,1]],[[0.80535215,0.07015146,-0.58863783,-0.24],[-0.22337453,0.95569658,-0.19171675,0.25],[0.54910684,0.28588519,0.78533858,-1.02]]]
[[[1499.00146484375,0,999.3839111328125],[0,1499.00146484375,590.6411743164062],[0,0,1]],[[0.91037428,0.07943948,-0.40609807,-0.24],[-0.18799253,0.95367593,-0.23487961,0.25],[0.36862496,0.29017079,0.88313186,-1.03]]]
[[[1499.00146484375,0,999.3839111328125],[0,1499.00146484375,590.6411743164062],[0,0,1]],[[0.96141219,0.04041639,-0.27214116,-0.24],[-0.1062249,0.96698391,-0.23165935,0.26],[0.25379154,0.2516275,0.93395877,-1.02]]]
[[[1499.00146484375,0,999.3839111328125],[0,1499.00146484375,590.6411743164062],[0,0,1]],[[0.96009505,0.03847503,-0.27702835,-0.24],[-0.10576656,0.96688807,-0.2322688,0.26],[0.25891712,0.25229967,0.93236935,-1.02]]]
[[[1499.00146484375,0,999.3839111328125],[0,1499.00146484375,590.6411743164062],[0,0,1]],[[0.91420436,-0.01554702,-0.40496477,-0.23],[-0.08313092,0.97082442,-0.22493869,0.25],[0.39664435,0.23930432,0.88623512,-1.03]]]
[[[1499.00146484375,0,999.3839111328125],[0,1499.00146484375,590.6411743164062],[0,0,1]],[[0.80667096,-0.02232242,-0.59058583,-0.24],[-0.12408959,0.97061861,-0.20617869,0.25],[0.57783264,0.23960325,0.78019619,-1.03]]]
[[[1499.00146484375,0,999.3839111328125],[0,1499.00146484375,590.6411743164062],[0,0,1]],[[0.68033832,-0.02055129,-0.73261547,-0.24],[-0.16347967,0.97017068,-0.17902961,0.25],[0.71443731,0.24156778,0.6566816,-1.06]]]
[[[1499.00146484375,0,999.3839111328125],[0,1499.00146484375,590.6411743164062],[0,0,1]],[[0.68719602,-0.01668526,-0.72628617,-0.23],[-0.16753007,0.96915489,-0.18077831,0.25],[0.70689601,0.24590416,0.66320109,-1.06]]]
[[[1499.00146484375,0,999.3839111328125],[0,1499.00146484375,590.6411743164062],[0,0,1]],[[0.7543906,-0.00523268,-0.65641147,-0.23],[-0.16181633,0.96763134,-0.19368371,0.25],[0.63617402,0.25233051,0.72912186,-1.09]]]
[[[1499.00146484375,0,999.3839111328125],[0,1499.00146484375,590.6411743164062],[0,0,1]],[[0.87764627,-0.00149108,-0.47931606,0.45],[-0.12336092,0.96561033,-0.2288828,-0.27],[0.46317086,0.26000616,0.84727579,-0.62]]]
[[[1499.00146484375,0,999.3839111328125],[0,1499.00146484375,590.6411743164062],[0,0,1]],[[0.94563252,-0.00660361,-0.32518467,0.47],[-0.07752451,0.96640652,-0.24506578,-0.27],[0.31587663,0.25695103,0.91334814,-0.65]]]
[[[1499.00146484375,0,999.3839111328125],[0,1499.00146484375,590.6411743164062],[0,0,1]],[[0.94630307,-0.00659347,-0.32322878,0.44],[-0.07760455,0.96593213,-0.24690375,-0.33],[0.31384286,0.25872877,0.91354752,-0.49]]]
[[[1499.00146484375,0,999.3839111328125],[0,1499.00146484375,590.6411743164062],[0,0,1]],[[0.94504678,-0.0216968,-0.32622972,0.53],[-0.06351269,0.9666096,-0.24827577,-0.39],[0.32072136,0.25535098,0.91210794,-0.52]]]
[[[1499.00146484375,0,999.3839111328125],[0,1499.00146484375,590.6411743164062],[0,0,1]],[[0.94392842,-0.00798984,-0.33006817,0.53],[-0.07826088,0.96580613,-0.24718967,-0.39],[0.32075465,0.25915977,0.91102135,-0.52]]]
[[[1499.00146484375,0,999.3839111328125],[0,1499.00146484375,590.6411743164062],[0,0,1]],[[0.94337457,-0.00863739,-0.33163205,0.54],[-0.07823668,0.96567559,-0.24770688,-0.39],[0.32238635,0.25962514,0.91031265,-0.52]]]
[[[1499.00146484375,0,999.3839111328125],[0,1499.00146484375,590.6411743164062],[0,0,1]],[[0.94320679,-0.00913732,-0.33209521,0.54],[-0.07802381,0.9655742,-0.24816826,-0.39],[0.32292807,0.25998431,0.91001803,-0.52]]]
[[[1499.00146484375,0,999.3839111328125],[0,1499.00146484375,590.6411743164062],[0,0,1]],[[0.94310892,-0.00896881,-0.33237764,0.54],[-0.07826886,0.96556169,-0.24813978,-0.39],[0.32315463,0.26003659,0.90992266,-0.52]]]
[[[1499.00146484375,0,999.3839111328125],[0,1499.00146484375,590.6411743164062],[0,0,1]],[[0.94301832,-0.00904961,-0.33263239,0.54],[-0.07825825,0.96556419,-0.24813302,-0.39],[0.32342142,0.26002419,0.9098314,-0.52]]]
[[[1499.00146484375,0,999.3839111328125],[0,1499.00146484375,590.6411743164062],[0,0,1]],[[0.9430145,-0.00914331,-0.33264065,0.54],[-0.07813372,0.96559668,-0.24804582,-0.39],[0.32346272,0.25990021,0.90985215,-0.52]]]
[[[1499.00146484375,0,999.3839111328125],[0,1499.00146484375,590.6411743164062],[0,0,1]],[[0.94302893,-0.00894148,-0.33260566,0.54],[-0.07832626,0.96558398,-0.24803486,-0.39],[0.32337454,0.25995475,0.909868,-0.52]]]
[[[1499.00146484375,0,999.3839111328125],[0,1499.00146484375,590.6411743164062],[0,0,1]],[[0.94292259,-0.00924763,-0.33289865,0.54],[-0.07814386,0.96556598,-0.2481624,-0.39],[0.32372856,0.26001087,0.90972608,-0.52]]]
[[[1499.00146484375,0,999.3839111328125],[0,1499.00146484375,590.6411743164062],[0,0,1]],[[0.94286114,-0.00952983,-0.33306468,0.53],[-0.07794523,0.96555191,-0.24827966,-0.39],[0.32395533,0.26005301,0.90963328,-0.52]]]
[[[1499.00146484375,0,999.3839111328125],[0,1499.00146484375,590.6411743164062],[0,0,1]],[[0.94424701,-0.06450614,-0.32287276,0.53],[0.02705394,0.99250954,-0.1191722,-0.39],[0.32813963,0.10379288,0.93891382,-0.52]]]
[[[1499.00146484375,0,999.3839111328125],[0,1499.00146484375,590.6411743164062],[0,0,1]],[[0.94423741,-0.06441178,-0.32291961,0.53],[0.02697031,0.99251896,-0.11911218,-0.39],[0.32817405,0.10376078,0.93890536,-0.52]]]
[[[1499.00146484375,0,999.3839111328125],[0,1499.00146484375,590.6411743164062],[0,0,1]],[[0.94410813,-0.06457144,-0.32326543,0.53],[0.02707331,0.99250776,-0.11918266,-0.39],[0.32853726,0.10376933,0.93877733,-0.52]]]
[[[1499.00146484375,0,999.3839111328125],[0,1499.00146484375,590.6411743164062],[0,0,1]],[[0.94427264,-0.06425861,-0.32284707,0.53],[0.02673273,0.99249625,-0.11935543,-0.39],[0.32809213,0.10407332,0.93889934,-0.52]]]
[[[1499.00146484375,0,999.3839111328125],[0,1499.00146484375,590.6411743164062],[0,0,1]],[[0.94411564,-0.06474914,-0.32320818,0.53],[0.02719226,0.99247885,-0.1193956,-0.39],[0.32850605,0.10393436,0.93877006,-0.52]]]
[[[1499.00146484375,0,999.3839111328125],[0,1499.00146484375,590.6411743164062],[0,0,1]],[[0.94407028,-0.06453548,-0.32338327,0.53],[0.02701418,0.9925068,-0.11920439,-0.39],[0.32865098,0.10380125,0.93873394,-0.52]]]
[[[1499.00146484375,0,999.3839111328125],[0,1499.00146484375,590.6411743164062],[0,0,1]],[[0.943959,-0.06463659,-0.32368794,0.53],[0.0270725,0.9925009,-0.11924034,-0.39],[0.32896584,0.10379481,0.93862444,-0.52]]]
[[[1499.00146484375,0,999.3839111328125],[0,1499.00146484375,590.6411743164062],[0,0,1]],[[0.94401288,-0.0647852,-0.32350114,0.53],[0.02723496,0.99249107,-0.11928463,-0.39],[0.32879785,0.10379556,0.93868321,-0.52]]]
[[[1499.00146484375,0,999.3839111328125],[0,1499.00146484375,590.6411743164062],[0,0,1]],[[0.94415051,-0.06450865,-0.32315442,0.53],[0.02701914,0.99250883,-0.11918569,-0.39],[0.32842016,0.10379773,0.93881524,-0.52]]]
[[[1499.00146484375,0,999.3839111328125],[0,1499.00146484375,590.6411743164062],[0,0,1]],[[0.94402885,-0.06479011,-0.32345334,0.53],[0.02723121,0.9924863,-0.11932588,-0.39],[0.32875216,0.10383891,0.93869436,-0.52]]]
[[[1499.00146484375,0,999.3839111328125],[0,1499.00146484375,590.6411743164062],[0,0,1]],[[0.94441438,-0.0646093,-0.32236215,0.53],[0.02722936,0.9925074,-0.11915022,-0.39],[0.32764304,0.10374935,0.93909204,-0.52]]]
[[[1499.00146484375,0,999.3839111328125],[0,1499.00146484375,590.6411743164062],[0,0,1]],[[0.94408923,-0.06479416,-0.32327637,0.53],[0.02725787,0.99248612,-0.11932071,-0.39],[0.32857662,0.10383745,0.93875605,-0.52]]]
[[[1499.00146484375,0,999.3839111328125],[0,1499.00146484375,590.6411743164062],[0,0,1]],[[0.94431353,-0.0642357,-0.32273197,0.53],[0.02683715,0.99253297,-0.11902592,-0.39],[0.32796586,0.10373643,0.93898076,-0.52]]]
[[[1499.00146484375,0,999.3839111328125],[0,1499.00146484375,590.6411743164062],[0,0,1]],[[0.94421571,-0.0647965,-0.32290629,0.53],[0.02731064,0.99248719,-0.11929989,-0.39],[0.32820854,0.1038259,0.93888605,-0.52]]]
[[[1499.00146484375,0,999.3839111328125],[0,1499.00146484375,590.6411743164062],[0,0,1]],[[0.94421268,-0.06465257,-0.32294381,0.53],[0.02718687,0.99250156,-0.11920866,-0.39],[0.32822734,0.10377836,0.93888474,-0.52]]]
[[[1499.00146484375,0,999.3839111328125],[0,1499.00146484375,590.6411743164062],[0,0,1]],[[0.94433719,-0.06445076,-0.32261992,0.53],[0.0270345,0.99251336,-0.11914529,-0.39],[0.32788154,0.10379134,0.93900412,-0.52]]]
[[[1499.00146484375,0,999.3839111328125],[0,1499.00146484375,590.6411743164062],[0,0,1]],[[0.94432229,-0.06446154,-0.32266161,0.53],[0.02704594,0.99251473,-0.11913122,-0.39],[0.3279238,0.10377143,0.93899155,-0.52]]]
[[[1499.00146484375,0,999.3839111328125],[0,1499.00146484375,590.6411743164062],[0,0,1]],[[0.94434673,-0.06425702,-0.32263047,0.53],[0.02685684,0.99252748,-0.11906743,-0.39],[0.32786852,0.10377601,0.93901032,-0.52]]]
[[[1499.00146484375,0,999.3839111328125],[0,1499.00146484375,590.6411743164062],[0,0,1]],[[0.94428647,-0.0642368,-0.32281101,0.53],[0.02673153,0.99250227,-0.11930531,-0.39],[0.32805246,0.10402906,0.93891811,-0.52]]]
