[[[1465.2923583984375,0,1136.9453125],[0,1465.2923583984375,669.1659545898438],[0,0,1]],[[9.99968588e-01,7.92311225e-03,-2.56256808e-05,-0.00000000e+00],[-7.92275000e-03,9.99944690e-01,6.91547000e-03,-0.00000000e+00],[8.04162919e-05,-6.91504916e-03,9.99976099e-01,-0.00000000e+00]]]
[[[1465.2923583984375,0,1136.9453125],[0,1465.2923583984375,669.1659545898438],[0,0,1]],[[9.99969602e-01,7.79404724e-03,1.16527917e-06,-0.00000000e+00],[-7.79389000e-03,9.99947850e-01,6.60026000e-03,-0.00000000e+00],[5.02775511e-05,-6.60007261e-03,9.99978244e-01,-0.00000000e+00]]]
[[[1465.2923583984375,0,1136.9453125],[0,1465.2923583984375,669.1659545898438],[0,0,1]],[[9.99969244e-01,7.84201641e-03,-1.05409381e-05,-0.00000000e+00],[-7.84178000e-03,9.99947490e-01,6.59357000e-03,-0.00000000e+00],[6.22472435e-05,-6.59328140e-03,9.99978244e-01,-0.00000000e+00]]]
[[[1465.2923583984375,0,1136.9453125],[0,1465.2923583984375,669.1659545898438],[0,0,1]],[[9.99969959e-01,7.75350723e-03,-1.15268413e-05,-0.00000000e+00],[-7.75325000e-03,9.99947370e-01,6.72134000e-03,-0.00000000e+00],[6.36401892e-05,-6.72104815e-03,9.99977410e-01,-0.00000000e+00]]]
[[[1465.2923583984375,0,1136.9453125],[0,1465.2923583984375,669.1659545898438],[0,0,1]],[[9.99976575e-01,6.84797345e-03,-2.26607935e-05,-0.00000000e+00],[-6.84769000e-03,9.99955830e-01,6.43983000e-03,-0.00000000e+00],[6.67595959e-05,-6.43952703e-03,9.99979258e-01,-0.00000000e+00]]]
[[[1465.2923583984375,0,1136.9453125],[0,1465.2923583984375,669.1659545898438],[0,0,1]],[[9.99969125e-01,7.85499532e-03,4.88726073e-05,-0.00000000e+00],[-7.85503000e-03,9.99901710e-01,1.16148900e-02,-0.00000000e+00],[4.23671154e-05,-1.16149187e-02,9.99932528e-01,-0.00000000e+00]]]
[[[1465.2923583984375,0,1136.9453125],[0,1465.2923583984375,669.1659545898438],[0,0,1]],[[0.98643446,-0.02698833,-0.16192202,-0.],[0.02429518,0.99953192,-0.01858974,-0.03],[0.16234796,0.01440364,0.98662841,0.03]]]
[[[1465.2923583984375,0,1136.9453125],[0,1465.2923583984375,669.1659545898438],[0,0,1]],[[0.91795194,-0.00100664,-0.39669031,-0.],[-0.01192184,0.99947506,-0.03012373,-0.03],[0.39651239,0.03238142,0.91745812,0.01]]]
[[[1465.2923583984375,0,1136.9453125],[0,1465.2923583984375,669.1659545898438],[0,0,1]],[[8.9214420e-01,9.1712000e-04,-4.5174986e-01,-1.0000000e-02],[-2.0250650e-02,9.9907392e-01,-3.7964010e-02,-3.0000000e-02],[4.5129657e-01,4.3017600e-02,8.9133656e-01,-1.0000000e-02]]]
[[[1465.2923583984375,0,1136.9453125],[0,1465.2923583984375,669.1659545898438],[0,0,1]],[[8.92576158e-01,1.99649992e-04,-4.50896382e-01,-1.00000000e-02],[-2.02164300e-02,9.99011930e-01,-3.95772900e-02,-3.00000000e-02],[4.50442880e-01,4.44412600e-02,8.91698300e-01,-1.00000000e-02]]]
[[[1465.2923583984375,0,1136.9453125],[0,1465.2923583984375,669.1659545898438],[0,0,1]],[[8.92729878e-01,4.01663245e-04,-4.50591654e-01,-1.00000000e-02],[-1.87233300e-02,9.99168870e-01,-3.62047400e-02,-3.00000000e-02],[4.50202520e-01,4.07576400e-02,8.91995490e-01,-1.00000000e-02]]]
[[[1465.2923583984375,0,1136.9453125],[0,1465.2923583984375,669.1659545898438],[0,0,1]],[[0.93314403,0.07350237,-0.35190827,0.02],[-0.08168893,0.99662197,-0.00844956,-0.05],[0.35009825,0.03663167,0.93599617,-0.11]]]
[[[1465.2923583984375,0,1136.9453125],[0,1465.2923583984375,669.1659545898438],[0,0,1]],[[0.96260428,0.0632257,-0.26342973,0.02],[-0.06888464,0.99754876,-0.0122915,-0.06],[0.26200667,0.02997811,0.96459997,-0.11]]]
[[[1465.2923583984375,0,1136.9453125],[0,1465.2923583984375,669.1659545898438],[0,0,1]],[[0.96935362,0.06152623,-0.23784015,0.02],[-0.06712487,0.99762404,-0.01550492,-0.06],[0.23632087,0.03099474,0.97118026,-0.11]]]
[[[1465.2923583984375,0,1136.9453125],[0,1465.2923583984375,669.1659545898438],[0,0,1]],[[0.96582121,0.02754942,0.25774151,0.02],[-0.01141777,0.99789256,-0.06387722,-0.12],[-0.25895822,0.05875113,0.96409994,-0.12]]]
[[[1465.2923583984375,0,1136.9453125],[0,1465.2923583984375,669.1659545898438],[0,0,1]],[[0.94989282,0.02155166,0.31183234,0.02],[-0.00493215,0.99852967,-0.05398712,-0.11],[-0.31253743,0.04974397,0.94860196,-0.13]]]
[[[1465.2923583984375,0,1136.9453125],[0,1465.2923583984375,669.1659545898438],[0,0,1]],[[0.95543146,0.02337959,0.29428664,0.02],[-0.00754239,0.99846727,-0.05483598,-0.11],[-0.29511771,0.05017237,0.95414263,-0.13]]]
[[[1465.2923583984375,0,1136.9453125],[0,1465.2923583984375,669.1659545898438],[0,0,1]],[[0.96242583,0.03245375,0.26959923,0.02],[-0.01636492,0.99796021,-0.06171202,-0.12],[-0.27105212,0.05498124,0.96099305,-0.13]]]
[[[1465.2923583984375,0,1136.9453125],[0,1465.2923583984375,669.1659545898438],[0,0,1]],[[0.94886148,0.08013619,-0.30535361,0.03],[-0.09246019,0.99537504,-0.02608893,-0.11],[0.30185023,0.05298779,0.95188165,-0.47]]]
[[[1465.2923583984375,0,1136.9453125],[0,1465.2923583984375,669.1659545898438],[0,0,1]],[[0.88489163,0.10435481,-0.45395792,0.04],[-0.12563002,0.99193442,-0.01686464,-0.11],[0.44853592,0.07195404,0.89086366,-0.5]]]
[[[1465.2923583984375,0,1136.9453125],[0,1465.2923583984375,669.1659545898438],[0,0,1]],[[0.88306552,0.0749123,-0.46323249,0.06],[-0.09535668,0.99522561,-0.02083526,-0.15],[0.45945954,0.06257115,0.88599199,-0.57]]]
[[[1465.2923583984375,0,1136.9453125],[0,1465.2923583984375,669.1659545898438],[0,0,1]],[[0.88307315,0.07349108,-0.4634456,0.06],[-0.09474199,0.99524337,-0.02270518,-0.15],[0.45957202,0.06395803,0.88583457,-0.57]]]
[[[1465.2923583984375,0,1136.9453125],[0,1465.2923583984375,669.1659545898438],[0,0,1]],[[0.88434935,0.07261772,-0.46114433,0.06],[-0.09350342,0.99536365,-0.02257141,-0.15],[0.45736662,0.06307951,0.88703835,-0.57]]]
[[[1465.2923583984375,0,1136.9453125],[0,1465.2923583984375,669.1659545898438],[0,0,1]],[[0.88612723,0.07286011,-0.45768014,0.06],[-0.09363647,0.99534506,-0.02283888,-0.15],[0.45388502,0.06309363,0.88882387,-0.57]]]
[[[1465.2923583984375,0,1136.9453125],[0,1465.2923583984375,669.1659545898438],[0,0,1]],[[0.94593793,0.02210474,0.32359537,0.1],[-0.00301452,0.99823159,-0.05937686,-0.16],[-0.32433549,0.05519133,0.94433099,-0.64]]]
[[[1465.2923583984375,0,1136.9453125],[0,1465.2923583984375,669.1659545898438],[0,0,1]],[[0.93553585,-0.03433478,0.35156041,0.12],[0.06402702,0.99526179,-0.07318074,-0.13],[-0.34738177,0.09097251,0.93330079,-0.63]]]
[[[1465.2923583984375,0,1136.9453125],[0,1465.2923583984375,669.1659545898438],[0,0,1]],[[0.94533139,-0.02880874,0.32483852,0.12],[0.05543361,0.99579036,-0.07300741,-0.13],[-0.32136756,0.08702311,0.94294798,-0.63]]]
[[[1465.2923583984375,0,1136.9453125],[0,1465.2923583984375,669.1659545898438],[0,0,1]],[[0.94540107,-0.0296813,0.32455736,0.12],[0.05579041,0.99588454,-0.07143614,-0.13],[-0.32110101,0.08564293,0.94316518,-0.63]]]
[[[1465.2923583984375,0,1136.9453125],[0,1465.2923583984375,669.1659545898438],[0,0,1]],[[0.95673341,-0.02392378,0.28998369,0.12],[0.04766109,0.99603921,-0.07507282,-0.13],[-0.28703877,0.08564557,0.95408326,-0.64]]]
[[[1465.2923583984375,0,1136.9453125],[0,1465.2923583984375,669.1659545898438],[0,0,1]],[[0.94408715,0.0027721,-0.32968718,0.12],[-0.03038863,0.99644071,-0.0786422,-0.13],[0.32829535,0.08426379,0.9408102,-0.66]]]
[[[1465.2923583984375,0,1136.9453125],[0,1465.2923583984375,669.1659545898438],[0,0,1]],[[0.90883631,0.02411832,-0.41645741,0.12],[-0.06479723,0.99437314,-0.0838201,-0.12],[0.41209206,0.10316398,0.90528429,-0.67]]]
[[[1465.2923583984375,0,1136.9453125],[0,1465.2923583984375,669.1659545898438],[0,0,1]],[[0.90895152,0.02451183,-0.41618273,0.12],[-0.06584556,0.99418223,-0.08525392,-0.12],[0.41167143,0.10489544,0.90527672,-0.67]]]
[[[1465.2923583984375,0,1136.9453125],[0,1465.2923583984375,669.1659545898438],[0,0,1]],[[0.91168773,0.02538561,-0.41010121,0.12],[-0.06585757,0.99421501,-0.08486392,-0.12],[0.40557399,0.10437761,0.90808445,-0.67]]]
[[[1465.2923583984375,0,1136.9453125],[0,1465.2923583984375,669.1659545898438],[0,0,1]],[[0.93334419,-0.03934702,0.3568238,0.14],[0.07212145,0.99426323,-0.07901048,-0.14],[-0.35166726,0.09947855,0.93082583,-0.9]]]
[[[1465.2923583984375,0,1136.9453125],[0,1465.2923583984375,669.1659545898438],[0,0,1]],[[0.93326283,-0.03881624,0.35709476,0.14],[0.07129543,0.99438375,-0.07824011,-0.14],[-0.35205144,0.09847774,0.93078697,-0.9]]]
[[[1465.2923583984375,0,1136.9453125],[0,1465.2923583984375,669.1659545898438],[0,0,1]],[[0.93924385,-0.03517641,0.34144777,0.14],[0.06694695,0.99440694,-0.08171044,-0.14],[-0.33666298,0.09960481,0.93634361,-0.9]]]
[[[1465.2923583984375,0,1136.9453125],[0,1465.2923583984375,669.1659545898438],[0,0,1]],[[0.94156677,-0.03636392,0.33486199,0.14],[0.06841437,0.9940809,-0.08441693,-0.14],[-0.32980946,0.10239344,0.93847936,-0.9]]]
[[[1465.2923583984375,0,1136.9453125],[0,1465.2923583984375,669.1659545898438],[0,0,1]],[[0.94499654,-0.02706137,0.3259629,0.19],[0.05893145,0.99435109,-0.08829696,-0.16],[-0.32173139,0.10264964,0.9412511,-0.86]]]
[[[1465.2923583984375,0,1136.9453125],[0,1465.2923583984375,669.1659545898438],[0,0,1]],[[0.95809764,-0.02035588,0.28572226,0.19],[0.04885455,0.99447113,-0.09297182,-0.15],[-0.28224951,0.10303475,0.95379281,-0.89]]]
[[[1465.2923583984375,0,1136.9453125],[0,1465.2923583984375,669.1659545898438],[0,0,1]],[[0.97449768,0.0160666,-0.22382946,-0.08],[-0.05973414,0.98002136,-0.189721,-0.02],[0.21630874,0.19825241,0.95598572,-1.38]]]
[[[1465.2923583984375,0,1136.9453125],[0,1465.2923583984375,669.1659545898438],[0,0,1]],[[0.96557099,0.02634126,-0.25881001,-0.08],[-0.08024754,0.97650611,-0.20000114,-0.02],[0.24746044,0.21388353,0.94499713,-1.39]]]
[[[1465.2923583984375,0,1136.9453125],[0,1465.2923583984375,669.1659545898438],[0,0,1]],[[0.98517859,0.035949,-0.16773385,-0.08],[-0.07357956,0.97183722,-0.22388111,-0.2],[0.15496114,0.232904,0.96007574,-1.43]]]
[[[1465.2923583984375,0,1136.9453125],[0,1465.2923583984375,669.1659545898438],[0,0,1]],[[0.98745006,0.03903006,-0.15304589,-0.08],[-0.07295357,0.97213775,-0.22277902,-0.2],[0.14008607,0.23114771,0.9627822,-1.43]]]
[[[1465.2923583984375,0,1136.9453125],[0,1465.2923583984375,669.1659545898438],[0,0,1]],[[0.98624527,0.01501743,0.16461723,-0.15],[0.01500938,0.98361754,-0.17965516,-0.16],[-0.16461802,0.17965426,0.96985984,-1.54]]]
[[[1465.2923583984375,0,1136.9453125],[0,1465.2923583984375,669.1659545898438],[0,0,1]],[[0.93524015,0.00172069,0.3540158,-0.15],[0.06413242,0.98262173,-0.17420125,-0.15],[-0.34816256,0.18562329,0.91887414,-1.56]]]
[[[1465.2923583984375,0,1136.9453125],[0,1465.2923583984375,669.1659545898438],[0,0,1]],[[0.93583161,0.00232761,0.35244578,-0.15],[0.06345958,0.98252529,-0.1749898,-0.15],[-0.34669355,0.18612643,0.91932768,-1.56]]]
[[[1465.2923583984375,0,1136.9453125],[0,1465.2923583984375,669.1659545898438],[0,0,1]],[[0.93587399,0.00192797,0.35233578,-0.15],[0.06308336,0.9829123,-0.17294046,-0.15],[-0.34664795,0.18407637,0.91975754,-1.56]]]
[[[1465.2923583984375,0,1136.9453125],[0,1465.2923583984375,669.1659545898438],[0,0,1]],[[0.94033271,0.00513449,0.34022388,-0.15],[0.05923833,0.98214853,-0.17854878,-0.15],[-0.33506662,0.18804893,0.92323929,-1.56]]]
[[[1465.2923583984375,0,1136.9453125],[0,1465.2923583984375,669.1659545898438],[0,0,1]],[[0.99578214,0.03361507,0.08539594,-0.13],[-0.01720758,0.98239148,-0.18605274,-0.18],[-0.09014661,0.18379788,0.97882313,-1.53]]]
[[[1465.2923583984375,0,1136.9453125],[0,1465.2923583984375,669.1659545898438],[0,0,1]],[[0.97732359,0.0653586,-0.20142338,-0.14],[-0.11281535,0.9656598,-0.23404898,-0.22],[0.17920823,0.25146428,0.95113236,-1.55]]]
[[[1465.2923583984375,0,1136.9453125],[0,1465.2923583984375,669.1659545898438],[0,0,1]],[[0.97622269,0.06632325,-0.20638563,-0.14],[-0.11577261,0.96441895,-0.23769319,-0.22],[0.1832765,0.2559343,0.94916278,-1.55]]]
[[[1465.2923583984375,0,1136.9453125],[0,1465.2923583984375,669.1659545898438],[0,0,1]],[[0.97623754,0.06583193,-0.20647328,-0.14],[-0.11576746,0.96383387,-0.24005762,-0.22],[0.18320136,0.25825506,0.94854861,-1.55]]]
[[[1465.2923583984375,0,1136.9453125],[0,1465.2923583984375,669.1659545898438],[0,0,1]],[[0.97651094,0.06556124,-0.20526306,-0.14],[-0.11527921,0.96375716,-0.2406,-0.22],[0.18204859,0.25861001,0.94867414,-1.55]]]
[[[1465.2923583984375,0,1136.9453125],[0,1465.2923583984375,669.1659545898438],[0,0,1]],[[0.94955957,0.04594563,0.310211,-0.09],[0.03149901,0.97023475,-0.24012116,-0.22],[-0.31200942,0.23777962,0.9198451,-1.54]]]
[[[1465.2923583984375,0,1136.9453125],[0,1465.2923583984375,669.1659545898438],[0,0,1]],[[0.93985897,0.04491078,0.33860511,-0.09],[0.03972678,0.9702211,-0.23895369,-0.23],[-0.33925283,0.23803341,0.91008347,-1.53]]]
[[[1465.2923583984375,0,1136.9453125],[0,1465.2923583984375,669.1659545898438],[0,0,1]],[[0.93696713,0.04331522,0.34672987,-0.09],[0.04348034,0.9701252,-0.23868962,-0.23],[-0.34670958,0.2387192,0.9070887,-1.53]]]
[[[1465.2923583984375,0,1136.9453125],[0,1465.2923583984375,669.1659545898438],[0,0,1]],[[0.936737,0.04220308,0.34748834,-0.09],[0.04356223,0.97093624,-0.23535423,-0.23],[-0.34732097,0.23560125,0.90766984,-1.53]]]
[[[1465.2923583984375,0,1136.9453125],[0,1465.2923583984375,669.1659545898438],[0,0,1]],[[0.93664575,0.04286403,0.34765381,-0.09],[0.04285427,0.97101033,-0.23517849,-0.23],[-0.34765527,0.23517622,0.90765208,-1.53]]]
[[[1465.2923583984375,0,1136.9453125],[0,1465.2923583984375,669.1659545898438],[0,0,1]],[[0.93659836,0.04439757,0.34758937,-0.09],[0.04154125,0.97088122,-0.23594579,-0.23],[-0.3479425,0.23542456,0.90747762,-1.53]]]
[[[1465.2923583984375,0,1136.9453125],[0,1465.2923583984375,669.1659545898438],[0,0,1]],[[0.97921288,0.06246813,-0.19299194,0.04],[-0.11056671,0.96201664,-0.2496112,-0.08],[0.17006747,0.26575959,0.9489221,-2.23]]]
[[[1465.2923583984375,0,1136.9453125],[0,1465.2923583984375,669.1659545898438],[0,0,1]],[[0.97345459,0.06499968,-0.21947138,0.04],[-0.12059224,0.9606111,-0.25038186,-0.08],[0.19455054,0.2702004,0.9429456,-2.23]]]
[[[1465.2923583984375,0,1136.9453125],[0,1465.2923583984375,669.1659545898438],[0,0,1]],[[0.97349763,0.06439182,-0.21946028,0.04],[-0.12031715,0.96023029,-0.25197029,-0.08],[0.19450621,0.27169579,0.94252497,-2.23]]]
[[[1465.2923583984375,0,1136.9453125],[0,1465.2923583984375,669.1659545898438],[0,0,1]],[[0.90233618,0.01478173,0.4307878,0.05],[0.1046398,0.9620074,-0.25219029,-0.12],[-0.41814718,0.27263641,0.86650282,-2.12]]]
[[[1465.2923583984375,0,1136.9453125],[0,1465.2923583984375,669.1659545898438],[0,0,1]],[[0.89463001,-0.01087524,0.44668347,0.04],[0.13447735,0.95990878,-0.24596468,-0.14],[-0.42609885,0.28011459,0.86022127,-2.05]]]
[[[1465.2923583984375,0,1136.9453125],[0,1465.2923583984375,669.1659545898438],[0,0,1]],[[0.88104653,-0.01492481,0.47280225,0.04],[0.14721584,0.95852154,-0.24407329,-0.14],[-0.44954658,0.28464225,0.84669489,-2.05]]]
[[[1465.2923583984375,0,1136.9453125],[0,1465.2923583984375,669.1659545898438],[0,0,1]],[[0.88110644,-0.01523269,0.47268075,0.04],[0.14642441,0.95915943,-0.24203445,-0.14],[-0.44968757,0.2824685,0.84734756,-2.05]]]
[[[1465.2923583984375,0,1136.9453125],[0,1465.2923583984375,669.1659545898438],[0,0,1]],[[0.98768848,0.01933629,-0.15525988,-0.09],[-0.06040317,0.96252912,-0.2643806,-0.22],[0.14432882,0.27050221,0.95184207,-1.78]]]
[[[1465.2923583984375,0,1136.9453125],[0,1465.2923583984375,669.1659545898438],[0,0,1]],[[0.98740518,0.01916582,-0.15707421,-0.09],[-0.06191247,0.96030146,-0.27202213,-0.22],[0.14562386,0.27831903,0.94938821,-1.78]]]
[[[1465.2923583984375,0,1136.9453125],[0,1465.2923583984375,669.1659545898438],[0,0,1]],[[0.98743123,0.0188293,-0.15695122,-0.09],[-0.06183081,0.95978636,-0.27385259,-0.22],[0.14548193,0.28011316,0.94888216,-1.78]]]
[[[1465.2923583984375,0,1136.9453125],[0,1465.2923583984375,669.1659545898438],[0,0,1]],[[0.98745936,0.01964804,-0.15667336,-0.09],[-0.06257334,0.95968902,-0.27402583,-0.22],[0.14497234,0.28039104,0.94887811,-1.78]]]
[[[1465.2923583984375,0,1136.9453125],[0,1465.2923583984375,669.1659545898438],[0,0,1]],[[0.82728457,-0.00930937,0.56171447,-0.16],[0.12944035,0.97612387,-0.17446052,-0.34],[-0.54667586,0.21703538,0.80873191,-1.23]]]
[[[1465.2923583984375,0,1136.9453125],[0,1465.2923583984375,669.1659545898438],[0,0,1]],[[0.83059788,-0.01398631,0.55670565,-0.16],[0.13186119,0.97619933,-0.17220998,-0.34],[-0.54104418,0.21644346,0.81266809,-1.23]]]
[[[1465.2923583984375,0,1136.9453125],[0,1465.2923583984375,669.1659545898438],[0,0,1]],[[0.83618212,-0.01006712,0.54836822,-0.16],[0.12894531,0.97541916,-0.17871594,-0.34],[-0.53308696,0.220147,0.816921,-1.24]]]
[[[1465.2923583984375,0,1136.9453125],[0,1465.2923583984375,669.1659545898438],[0,0,1]],[[0.84606409,-0.00736374,0.53303945,-0.16],[0.12797953,0.97347277,-0.18968676,-0.35],[-0.51749986,0.22870366,0.82455742,-1.24]]]
[[[1465.2923583984375,0,1136.9453125],[0,1465.2923583984375,669.1659545898438],[0,0,1]],[[0.99964744,0.00365048,-0.02647948,-0.09],[-0.00985683,0.97116464,-0.23822659,-0.31],[0.02484557,0.23840189,0.97085214,-1.38]]]
[[[1465.2923583984375,0,1136.9453125],[0,1465.2923583984375,669.1659545898438],[0,0,1]],[[0.99930233,0.00680034,-0.03685083,-0.11],[-0.01543589,0.97079474,-0.23943454,-0.33],[0.03414559,0.23983461,0.97021639,-1.29]]]
[[[1465.2923583984375,0,1136.9453125],[0,1465.2923583984375,669.1659545898438],[0,0,1]],[[9.99906420e-01,2.60904000e-03,1.37717900e-02,-1.10000000e-01],[7.00604520e-04,9.71997023e-01,-2.35012561e-01,-3.30000000e-01],[-1.39997700e-02,2.34998600e-01,9.71898140e-01,-1.28000000e+00]]]
[[[1465.2923583984375,0,1136.9453125],[0,1465.2923583984375,669.1659545898438],[0,0,1]],[[9.99880195e-01,-8.32014484e-04,1.57543682e-02,-1.10000000e-01],[4.52009000e-03,9.71856120e-01,-2.35552240e-01,-3.50000000e-01],[-1.51154600e-02,2.35593680e-01,9.71737330e-01,-1.28000000e+00]]]
[[[1465.2923583984375,0,1136.9453125],[0,1465.2923583984375,669.1659545898438],[0,0,1]],[[9.99885798e-01,5.27639291e-04,1.54082552e-02,-1.10000000e-01],[3.13223000e-03,9.71623420e-01,-2.36533080e-01,-3.70000000e-01],[-1.50962900e-02,2.36552730e-01,9.71504630e-01,-1.28000000e+00]]]
[[[1465.2923583984375,0,1136.9453125],[0,1465.2923583984375,669.1659545898438],[0,0,1]],[[9.99885619e-01,4.11872461e-04,1.54324854e-02,-1.10000000e-01],[3.25056000e-03,9.71621690e-01,-2.36539750e-01,-3.70000000e-01],[-1.50924200e-02,2.36561190e-01,9.71502660e-01,-1.28000000e+00]]]
[[[1465.2923583984375,0,1136.9453125],[0,1465.2923583984375,669.1659545898438],[0,0,1]],[[9.99883294e-01,5.22122369e-04,1.55764939e-02,-1.10000000e-01],[3.17556000e-03,9.71651910e-01,-2.36416530e-01,-3.70000000e-01],[-1.52588200e-02,2.36436740e-01,9.71530260e-01,-1.28000000e+00]]]
