[[[1499.00146484375,0,999.3839111328125],[0,1499.00146484375,590.6411743164062],[0,0,1]],[[9.99916553e-01,1.29222842e-02,3.13315861e-04,0.00000000e+00],[-1.27757900e-02,9.84314440e-01,1.75960420e-01,0.00000000e+00],[1.96541000e-03,-1.75949720e-01,9.84397170e-01,0.00000000e+00]]]
[[[1499.00146484375,0,999.3839111328125],[0,1499.00146484375,590.6411743164062],[0,0,1]],[[9.99916792e-01,1.29222879e-02,3.13316297e-04,0.00000000e+00],[-1.27757900e-02,9.84314680e-01,1.75960470e-01,0.00000000e+00],[1.96541000e-03,-1.75949770e-01,9.84397290e-01,0.00000000e+00]]]
[[[1499.00146484375,0,999.3839111328125],[0,1499.00146484375,590.6411743164062],[0,0,1]],[[9.99917030e-01,1.29222916e-02,3.13316792e-04,0.00000000e+00],[-1.27757900e-02,9.84314920e-01,1.75960510e-01,0.00000000e+00],[1.96541000e-03,-1.75949840e-01,9.84397530e-01,0.00000000e+00]]]
[[[1499.00146484375,0,999.3839111328125],[0,1499.00146484375,590.6411743164062],[0,0,1]],[[9.99917269e-01,1.29222963e-02,3.13317287e-04,0.00000000e+00],[-1.27757900e-02,9.84315160e-01,1.75960560e-01,0.00000000e+00],[1.96541000e-03,-1.75949920e-01,9.84397770e-01,0.00000000e+00]]]
[[[1499.00146484375,0,999.3839111328125],[0,1499.00146484375,590.6411743164062],[0,0,1]],[[9.99917507e-01,1.29223000e-02,3.13317694e-04,0.00000000e+00],[-1.27757900e-02,9.84315400e-01,1.75960600e-01,0.00000000e+00],[1.96541000e-03,-1.75949990e-01,9.84398010e-01,0.00000000e+00]]]
[[[1499.00146484375,0,999.3839111328125],[0,1499.00146484375,590.6411743164062],[0,0,1]],[[9.99917746e-01,1.29223038e-02,3.13318160e-04,0.00000000e+00],[-1.27757900e-02,9.84315630e-01,1.75960630e-01,0.00000000e+00],[1.96541000e-03,-1.75950070e-01,9.84398250e-01,0.00000000e+00]]]
[[[1499.00146484375,0,999.3839111328125],[0,1499.00146484375,590.6411743164062],[0,0,1]],[[9.99917746e-01,1.29223038e-02,3.13318160e-04,0.00000000e+00],[-1.27757900e-02,9.84315630e-01,1.75960630e-01,0.00000000e+00],[1.96541000e-03,-1.75950070e-01,9.84398250e-01,0.00000000e+00]]]
[[[1499.00146484375,0,999.3839111328125],[0,1499.00146484375,590.6411743164062],[0,0,1]],[[9.99917746e-01,1.29223038e-02,3.13318160e-04,0.00000000e+00],[-1.27757900e-02,9.84315630e-01,1.75960630e-01,0.00000000e+00],[1.96541000e-03,-1.75950070e-01,9.84398250e-01,0.00000000e+00]]]
[[[1499.00146484375,0,999.3839111328125],[0,1499.00146484375,590.6411743164062],[0,0,1]],[[9.99917746e-01,1.29223038e-02,3.13318160e-04,0.00000000e+00],[-1.27757900e-02,9.84315630e-01,1.75960630e-01,0.00000000e+00],[1.96541000e-03,-1.75950070e-01,9.84398250e-01,0.00000000e+00]]]
[[[1499.00146484375,0,999.3839111328125],[0,1499.00146484375,590.6411743164062],[0,0,1]],[[9.99917746e-01,1.29223038e-02,3.13318160e-04,0.00000000e+00],[-1.27757900e-02,9.84315630e-01,1.75960630e-01,0.00000000e+00],[1.96541000e-03,-1.75950070e-01,9.84398250e-01,0.00000000e+00]]]
[[[1499.00146484375,0,999.3839111328125],[0,1499.00146484375,590.6411743164062],[0,0,1]],[[9.99917746e-01,1.29223038e-02,3.13318160e-04,0.00000000e+00],[-1.27757900e-02,9.84315630e-01,1.75960630e-01,0.00000000e+00],[1.96541000e-03,-1.75950070e-01,9.84398250e-01,0.00000000e+00]]]
[[[1499.00146484375,0,999.3839111328125],[0,1499.00146484375,590.6411743164062],[0,0,1]],[[9.99917746e-01,1.29223038e-02,3.13318160e-04,0.00000000e+00],[-1.27757900e-02,9.84315630e-01,1.75960630e-01,0.00000000e+00],[1.96541000e-03,-1.75950070e-01,9.84398250e-01,0.00000000e+00]]]
[[[1499.00146484375,0,999.3839111328125],[0,1499.00146484375,590.6411743164062],[0,0,1]],[[9.99913752e-01,1.32250655e-02,4.31743014e-04,-0.00000000e+00],[-1.30945700e-02,9.84302460e-01,1.76010890e-01,-0.00000000e+00],[1.90279000e-03,-1.76001280e-01,9.84389250e-01,-0.00000000e+00]]]
[[[1499.00146484375,0,999.3839111328125],[0,1499.00146484375,590.6411743164062],[0,0,1]],[[9.99913633e-01,1.32352468e-02,3.80360667e-04,-0.00000000e+00],[-1.30953100e-02,9.84281360e-01,1.76128830e-01,-0.00000000e+00],[1.95673000e-03,-1.76118510e-01,9.84368150e-01,-0.00000000e+00]]]
[[[1499.00146484375,0,999.3839111328125],[0,1499.00146484375,590.6411743164062],[0,0,1]],[[9.99915600e-01,1.30850514e-02,4.29037871e-04,-0.00000000e+00],[-1.29561700e-02,9.84295490e-01,1.76060290e-01,-0.00000000e+00],[1.88146000e-03,-1.76050890e-01,9.84380420e-01,-0.00000000e+00]]]
[[[1499.00146484375,0,999.3839111328125],[0,1499.00146484375,590.6411743164062],[0,0,1]],[[9.99905288e-01,1.38444453e-02,5.95156569e-04,-0.00000000e+00],[-1.37324100e-02,9.84233860e-01,1.76345540e-01,0.00000000e+00],[1.85563000e-03,-1.76336900e-01,9.84329280e-01,-0.00000000e+00]]]
[[[1499.00146484375,0,999.3839111328125],[0,1499.00146484375,590.6411743164062],[0,0,1]],[[9.99885380e-01,1.52105549e-02,7.35218578e-04,-0.00000000e+00],[-1.51037400e-02,9.84388230e-01,1.75369200e-01,0.00000000e+00],[1.94372000e-03,-1.75360100e-01,9.84503570e-01,0.00000000e+00]]]
[[[1499.00146484375,0,999.3839111328125],[0,1499.00146484375,590.6411743164062],[0,0,1]],[[9.99870121e-01,1.61925051e-02,-4.74228727e-04,-0.00000000e+00],[-1.58525800e-02,9.84067320e-01,1.77095620e-01,0.00000000e+00],[3.33429000e-03,-1.77064990e-01,9.84194640e-01,0.00000000e+00]]]
[[[1499.00146484375,0,999.3839111328125],[0,1499.00146484375,590.6411743164062],[0,0,1]],[[0.99953312,0.01924808,-0.02378521,0.],[-0.0146682,0.9836328,0.179594,0.],[0.02685271,-0.17916115,0.98345435,0.]]]
[[[1499.00146484375,0,999.3839111328125],[0,1499.00146484375,590.6411743164062],[0,0,1]],[[0.99257523,0.02529185,-0.1189848,-0.],[-0.00445836,0.98505414,0.17219488,0.],[0.12156141,-0.17038579,0.97785163,0.01]]]
[[[1499.00146484375,0,999.3839111328125],[0,1499.00146484375,590.6411743164062],[0,0,1]],[[0.96807629,0.04401375,-0.2467664,0.],[-0.00822893,0.98951435,0.14420927,-0.04],[0.25052568,-0.13757497,0.95828605,-0.09]]]
[[[1499.00146484375,0,999.3839111328125],[0,1499.00146484375,590.6411743164062],[0,0,1]],[[0.95552498,0.06027013,-0.28868994,0.],[-0.01944507,0.98964137,0.14224803,-0.04],[0.29427233,-0.130308,0.94679749,-0.09]]]
[[[1499.00146484375,0,999.3839111328125],[0,1499.00146484375,590.6411743164062],[0,0,1]],[[0.95247811,0.06288226,-0.29804981,0.],[-0.02057908,0.98950976,0.14300124,-0.04],[0.30391502,-0.13007203,0.94377905,-0.09]]]
[[[1499.00146484375,0,999.3839111328125],[0,1499.00146484375,590.6411743164062],[0,0,1]],[[0.95369434,0.06176794,-0.29437083,0.],[-0.02098284,0.98996633,0.13974537,-0.04],[0.30004853,-0.12709771,0.94542003,-0.09]]]
[[[1499.00146484375,0,999.3839111328125],[0,1499.00146484375,590.6411743164062],[0,0,1]],[[0.97048259,0.04912673,-0.23612067,0.],[-0.0164589,0.99024367,0.13837996,-0.04],[0.24061462,-0.13040909,0.96182114,-0.09]]]
[[[1499.00146484375,0,999.3839111328125],[0,1499.00146484375,590.6411743164062],[0,0,1]],[[0.98124015,0.05257462,-0.18549079,-0.08],[-0.02497695,0.98865908,0.14809361,0.08],[0.19117267,-0.14068241,0.97142345,0.27]]]
[[[1499.00146484375,0,999.3839111328125],[0,1499.00146484375,590.6411743164062],[0,0,1]],[[0.99076843,0.03592559,-0.13073008,-0.04],[-0.01604078,0.98854327,0.15009026,0.11],[0.13462408,-0.14660768,0.97999209,0.34]]]
[[[1499.00146484375,0,999.3839111328125],[0,1499.00146484375,590.6411743164062],[0,0,1]],[[0.99395365,0.03720829,-0.10331763,0.18],[-0.02049259,0.98716861,0.15836786,0.33],[0.10788424,-0.15529305,0.98196077,0.34]]]
[[[1499.00146484375,0,999.3839111328125],[0,1499.00146484375,590.6411743164062],[0,0,1]],[[0.99591541,0.03209854,-0.08441254,0.18],[-0.01846615,0.9873355,0.15757526,0.33],[0.08840118,-0.15537277,0.98389375,0.34]]]
[[[1499.00146484375,0,999.3839111328125],[0,1499.00146484375,590.6411743164062],[0,0,1]],[[0.9983288,0.02388163,-0.05265784,0.18],[-0.01531076,0.98739588,0.15753524,0.33],[0.0557561,-0.15646565,0.98610973,0.33]]]
[[[1499.00146484375,0,999.3839111328125],[0,1499.00146484375,590.6411743164062],[0,0,1]],[[0.99963564,0.01530603,-0.02231799,0.17],[-0.01160517,0.98746514,0.15741767,0.34],[0.0244475,-0.15710121,0.98728132,0.36]]]
[[[1499.00146484375,0,999.3839111328125],[0,1499.00146484375,590.6411743164062],[0,0,1]],[[0.9997378,0.01518292,-0.01725075,-0.07],[-0.01238596,0.98830003,0.15202726,0.24],[0.01935696,-0.15177363,0.98822731,0.12]]]
[[[1499.00146484375,0,999.3839111328125],[0,1499.00146484375,590.6411743164062],[0,0,1]],[[0.99968845,0.00493606,0.02454124,-0.08],[-0.00859691,0.98843849,0.15138713,0.23],[-0.02351036,-0.15155087,0.9881714,0.11]]]
[[[1499.00146484375,0,999.3839111328125],[0,1499.00146484375,590.6411743164062],[0,0,1]],[[0.99871975,-0.00144558,0.05059961,-0.08],[-0.0062154,0.98852801,0.15091847,0.23],[-0.05023737,-0.15103975,0.98725206,0.11]]]
[[[1499.00146484375,0,999.3839111328125],[0,1499.00146484375,590.6411743164062],[0,0,1]],[[0.99660105,-0.01015199,0.0817745,-0.08],[-0.00224319,0.98867303,0.15007797,0.23],[-0.08237185,-0.14975128,0.98528832,0.11]]]
[[[1499.00146484375,0,999.3839111328125],[0,1499.00146484375,590.6411743164062],[0,0,1]],[[0.99669117,-0.01540747,0.07983211,-0.08],[0.0029429,0.98807496,0.15395491,0.23],[-0.08125218,-0.15321054,0.98484951,0.11]]]
[[[1499.00146484375,0,999.3839111328125],[0,1499.00146484375,590.6411743164062],[0,0,1]],[[0.99933654,-0.00874824,0.03541606,-0.08],[0.00326699,0.98838288,0.1519586,0.23],[-0.03633405,-0.15174206,0.98775417,0.11]]]
[[[1499.00146484375,0,999.3839111328125],[0,1499.00146484375,590.6411743164062],[0,0,1]],[[0.99996495,0.00316996,0.00802457,-0.08],[-0.00437374,0.98794496,0.15475297,0.23],[-0.00743737,-0.15478261,0.98792279,0.11]]]
[[[1499.00146484375,0,999.3839111328125],[0,1499.00146484375,590.6411743164062],[0,0,1]],[[0.99925673,0.01199285,-0.03669327,-0.08],[-0.00612773,0.98774564,0.15596107,0.23],[0.03811387,-0.15562023,0.98708361,0.12]]]
[[[1499.00146484375,0,999.3839111328125],[0,1499.00146484375,590.6411743164062],[0,0,1]],[[0.99435234,0.02869208,-0.10219852,-0.08],[-0.01263606,0.98792672,0.15441507,0.23],[0.10539488,-0.15225151,0.98270833,0.12]]]
[[[1499.00146484375,0,999.3839111328125],[0,1499.00146484375,590.6411743164062],[0,0,1]],[[0.98940575,0.03406348,-0.14113735,-0.08],[-0.01202709,0.9879778,0.15413576,0.23],[0.14469071,-0.15080528,0.9779194,0.12]]]
[[[1499.00146484375,0,999.3839111328125],[0,1499.00146484375,590.6411743164062],[0,0,1]],[[0.98501134,0.04451328,-0.16665912,-0.05],[-0.01828742,0.98763579,0.15570469,0.15],[0.17152913,-0.15032308,0.97364509,-0.11]]]
[[[1499.00146484375,0,999.3839111328125],[0,1499.00146484375,590.6411743164062],[0,0,1]],[[0.98165214,0.0483695,-0.1844545,-0.04],[-0.01965555,0.98780996,0.1544282,0.14],[0.18967527,-0.14796917,0.97063506,-0.11]]]
[[[1499.00146484375,0,999.3839111328125],[0,1499.00146484375,590.6411743164062],[0,0,1]],[[0.98082888,0.0499304,-0.18837702,-0.04],[-0.02050681,0.98769975,0.15502198,0.14],[0.19379984,-0.14818695,0.9697867,-0.11]]]
[[[1499.00146484375,0,999.3839111328125],[0,1499.00146484375,590.6411743164062],[0,0,1]],[[0.98188245,0.04956536,-0.1829062,-0.04],[-0.02133167,0.98796457,0.15321308,0.14],[0.18829846,-0.14653543,0.97112066,-0.11]]]
[[[1499.00146484375,0,999.3839111328125],[0,1499.00146484375,590.6411743164062],[0,0,1]],[[0.99578941,0.02971829,-0.08674614,-0.04],[-0.01618594,0.98813844,0.15272138,0.14],[0.09025551,-0.15067415,0.98445696,-0.11]]]
[[[1499.00146484375,0,999.3839111328125],[0,1499.00146484375,590.6411743164062],[0,0,1]],[[0.99885738,0.02010298,-0.04341672,-0.04],[-0.01330576,0.98836643,0.15152101,0.14],[0.04595742,-0.15077004,0.98750234,-0.11]]]
[[[1499.00146484375,0,999.3839111328125],[0,1499.00146484375,590.6411743164062],[0,0,1]],[[0.99985403,0.00867355,0.01489642,-0.04],[-0.01083049,0.98840922,0.1514387,0.14],[-0.01341035,-0.15157785,0.98835677,-0.12]]]
[[[1499.00146484375,0,999.3839111328125],[0,1499.00146484375,590.6411743164062],[0,0,1]],[[0.99842149,-0.00413434,0.05606139,-0.04],[-0.00448748,0.98824918,0.15279967,0.14],[-0.05603435,-0.15280992,0.98666829,-0.11]]]
[[[1499.00146484375,0,999.3839111328125],[0,1499.00146484375,590.6411743164062],[0,0,1]],[[0.99667758,-0.01119625,0.08070879,-0.04],[-0.00104622,0.98867649,0.15007319,0.14],[-0.08147508,-0.1496589,0.98537761,-0.12]]]
[[[1499.00146484375,0,999.3839111328125],[0,1499.00146484375,590.6411743164062],[0,0,1]],[[0.99409437,-0.01896928,0.10687517,-0.04],[0.00261074,0.98850727,0.15116665,0.14],[-0.10851426,-0.14999478,0.98271638,-0.12]]]
[[[1499.00146484375,0,999.3839111328125],[0,1499.00146484375,590.6411743164062],[0,0,1]],[[0.99377298,-0.02121133,0.10941255,-0.04],[0.00418942,0.98813993,0.15351471,0.14],[-0.11137103,-0.15210032,0.98207295,-0.12]]]
[[[1499.00146484375,0,999.3839111328125],[0,1499.00146484375,590.6411743164062],[0,0,1]],[[0.99709642,-0.01686972,0.07429598,-0.04],[0.00508397,0.98773897,0.15604717,0.14],[-0.07601745,-0.15521631,0.98495406,-0.11]]]
[[[1499.00146484375,0,999.3839111328125],[0,1499.00146484375,590.6411743164062],[0,0,1]],[[9.99409850e-01,-6.03046000e-03,3.39053300e-02,-4.00000000e-02],[7.50612933e-04,9.88131464e-01,1.53625548e-01,1.40000000e-01],[-3.44293900e-02,-1.53509360e-01,9.87549960e-01,-1.10000000e-01]]]
[[[1499.00146484375,0,999.3839111328125],[0,1499.00146484375,590.6411743164062],[0,0,1]],[[0.99950695,0.00816596,-0.03042031,-0.04],[-0.00327028,0.98749548,0.15763076,0.14],[0.03132689,-0.15745343,0.98703229,-0.11]]]
[[[1499.00146484375,0,999.3839111328125],[0,1499.00146484375,590.6411743164062],[0,0,1]],[[0.99385726,0.03337862,-0.10554693,0.05],[-0.01481858,0.98499477,0.17196342,0.17],[0.10970259,-0.16934289,0.97943574,-0.69]]]
[[[1499.00146484375,0,999.3839111328125],[0,1499.00146484375,590.6411743164062],[0,0,1]],[[0.99018037,0.04023378,-0.13390467,0.1],[-0.01747001,0.98580247,0.16701509,0.01],[0.13872264,-0.16303569,0.97682226,-0.53]]]
[[[1499.00146484375,0,999.3839111328125],[0,1499.00146484375,590.6411743164062],[0,0,1]],[[0.98648709,0.04575388,-0.15734063,0.1],[-0.01900123,0.98569167,0.16750124,0.01],[0.16275252,-0.16224809,0.97323865,-0.53]]]
[[[1499.00146484375,0,999.3839111328125],[0,1499.00146484375,590.6411743164062],[0,0,1]],[[0.98199022,0.05267953,-0.18145756,0.1],[-0.02194545,0.98565024,0.16738561,0.01],[0.18767074,-0.1603888,0.96905202,-0.53]]]
[[[1499.00146484375,0,999.3839111328125],[0,1499.00146484375,590.6411743164062],[0,0,1]],[[0.97898477,0.04523838,-0.19886911,0.33],[-0.01177114,0.98600006,0.16634697,-0.],[0.20360941,-0.16051023,0.96580869,-1.6]]]
[[[1499.00146484375,0,999.3839111328125],[0,1499.00146484375,590.6411743164062],[0,0,1]],[[0.97372937,0.05041174,-0.22207306,-0.29],[-0.01595938,0.98790109,0.1542812,-0.36],[0.22716288,-0.14668398,0.96275002,-1.94]]]
[[[1499.00146484375,0,999.3839111328125],[0,1499.00146484375,590.6411743164062],[0,0,1]],[[0.98276401,0.06145068,-0.17437215,-0.21],[-0.03279142,0.98613179,0.16271082,-0.27],[0.18195176,-0.15418831,0.97114682,-2.45]]]
[[[1499.00146484375,0,999.3839111328125],[0,1499.00146484375,590.6411743164062],[0,0,1]],[[0.99105114,0.0481761,-0.12451365,-0.2],[-0.02770018,0.98653162,0.16122679,-0.27],[0.13060321,-0.15633486,0.97903472,-2.45]]]
[[[1499.00146484375,0,999.3839111328125],[0,1499.00146484375,590.6411743164062],[0,0,1]],[[0.99560261,0.03774363,-0.08577653,-0.2],[-0.0235249,0.98666042,0.16110104,-0.27],[0.09071229,-0.1583747,0.98320669,-2.45]]]
[[[1499.00146484375,0,999.3839111328125],[0,1499.00146484375,590.6411743164062],[0,0,1]],[[0.99774951,0.03617618,-0.05651715,-0.2],[-0.02686931,0.98715317,0.15752006,-0.27],[0.06148908,-0.15564689,0.98590052,-2.45]]]
[[[1499.00146484375,0,999.3839111328125],[0,1499.00146484375,590.6411743164062],[0,0,1]],[[0.99952465,0.02706865,-0.01500373,-0.2],[-0.02439576,0.98742259,0.1562295,-0.27],[0.0190436,-0.15578908,0.98761028,-2.45]]]
[[[1499.00146484375,0,999.3839111328125],[0,1499.00146484375,590.6411743164062],[0,0,1]],[[0.99964881,0.01756174,0.02003218,-0.2],[-0.0204685,0.98760998,0.15560763,-0.27],[-0.01705146,-0.15596291,0.98761922,-2.45]]]
[[[1499.00146484375,0,999.3839111328125],[0,1499.00146484375,590.6411743164062],[0,0,1]],[[0.99856865,0.00955721,0.05269616,-0.2],[-0.01758463,0.98790991,0.15404937,-0.27],[-0.05058688,-0.15475543,0.98666048,-2.45]]]
[[[1499.00146484375,0,999.3839111328125],[0,1499.00146484375,590.6411743164062],[0,0,1]],[[9.9707508e-01,2.3383100e-03,7.6440850e-02,-2.0000000e-01],[-1.4021520e-02,9.8818177e-01,1.5266496e-01,-2.7000000e-01],[-7.5180490e-02,-1.5329020e-01,9.8532081e-01,-2.4500000e+00]]]
[[[1499.00146484375,0,999.3839111328125],[0,1499.00146484375,590.6411743164062],[0,0,1]],[[9.96436536e-01,-8.35478829e-07,8.43897536e-02,-2.00000000e-01],[-1.28154500e-02,9.88403620e-01,1.51329000e-01,-2.70000000e-01],[-8.34112500e-02,-1.51871220e-01,9.84878060e-01,-2.44000000e+00]]]
[[[1499.00146484375,0,999.3839111328125],[0,1499.00146484375,590.6411743164062],[0,0,1]],[[9.94736612e-01,6.36831450e-04,1.02500215e-01,-2.00000000e-01],[-1.62809100e-02,9.88271060e-01,1.51861650e-01,-2.70000000e-01],[-1.01201190e-01,-1.52731110e-01,9.83076100e-01,-2.45000000e+00]]]
[[[1499.00146484375,0,999.3839111328125],[0,1499.00146484375,590.6411743164062],[0,0,1]],[[0.99739963,0.00384149,0.07202,-0.2],[-0.01457268,0.98872149,0.14907824,-0.31],[-0.07063504,-0.14974009,0.98620266,-2.45]]]
[[[1499.00146484375,0,999.3839111328125],[0,1499.00146484375,590.6411743164062],[0,0,1]],[[0.99970418,0.01465711,0.01961758,-0.2],[-0.01745088,0.98841316,0.15080558,-0.31],[-0.01718007,-0.15110327,0.98837239,-2.45]]]
[[[1499.00146484375,0,999.3839111328125],[0,1499.00146484375,590.6411743164062],[0,0,1]],[[0.99852329,0.03194403,-0.04403329,-0.2],[-0.02496875,0.98826307,0.15073189,-0.31],[0.04833101,-0.14940982,0.98759717,-2.45]]]
[[[1499.00146484375,0,999.3839111328125],[0,1499.00146484375,590.6411743164062],[0,0,1]],[[0.99482822,0.04403799,-0.0915742,-0.2],[-0.02980904,0.98804009,0.15131369,-0.31],[0.09714188,-0.14780135,0.98423856,-2.45]]]
[[[1499.00146484375,0,999.3839111328125],[0,1499.00146484375,590.6411743164062],[0,0,1]],[[0.99190539,0.05128372,-0.11619902,-0.2],[-0.03321372,0.9877612,0.1524214,-0.31],[0.12259288,-0.14732821,0.98146456,-2.45]]]
[[[1499.00146484375,0,999.3839111328125],[0,1499.00146484375,590.6411743164062],[0,0,1]],[[0.98875582,0.05591236,-0.13872476,-0.2],[-0.03440944,0.98765904,0.15281932,-0.31],[0.14555639,-0.14632751,0.97847289,-2.45]]]
[[[1499.00146484375,0,999.3839111328125],[0,1499.00146484375,590.6411743164062],[0,0,1]],[[0.98786265,0.05659484,-0.14468347,-0.2],[-0.03407865,0.98754758,0.15361179,-0.31],[0.15157457,-0.14681666,0.97748542,-2.45]]]
[[[1499.00146484375,0,999.3839111328125],[0,1499.00146484375,590.6411743164062],[0,0,1]],[[0.98642516,0.06022953,-0.15279692,-0.2],[-0.03635358,0.98732883,0.15449449,-0.31],[0.160165,-0.14684242,0.97611082,-2.45]]]
[[[1499.00146484375,0,999.3839111328125],[0,1499.00146484375,590.6411743164062],[0,0,1]],[[0.99012667,0.06857817,-0.12229174,-0.2],[-0.04879471,0.98623782,0.15799476,-0.31],[0.13144296,-0.15046749,0.97984195,-2.45]]]
[[[1499.00146484375,0,999.3839111328125],[0,1499.00146484375,590.6411743164062],[0,0,1]],[[0.99729449,0.04551552,-0.05780499,-0.2],[-0.03620655,0.98757452,0.15295182,-0.31],[0.06404796,-0.15044491,0.98654562,-2.45]]]
[[[1499.00146484375,0,999.3839111328125],[0,1499.00146484375,590.6411743164062],[0,0,1]],[[0.99944389,0.03047907,0.01387359,-0.2],[-0.03222299,0.9880715,0.15061538,-0.31],[-0.00911758,-0.15097852,0.98849905,-2.45]]]
[[[1499.00146484375,0,999.3839111328125],[0,1499.00146484375,590.6411743164062],[0,0,1]],[[0.99780488,0.01742602,0.06396374,-0.2],[-0.02694449,0.98815352,0.15111302,-0.31],[-0.06057254,-0.15250462,0.98644876,-2.45]]]
[[[1499.00146484375,0,999.3839111328125],[0,1499.00146484375,590.6411743164062],[0,0,1]],[[0.99568069,0.01226757,0.09208182,-0.2],[-0.02597575,0.9884721,0.14918682,-0.31],[-0.08918985,-0.15093419,0.98451608,-2.45]]]
[[[1499.00146484375,0,999.3839111328125],[0,1499.00146484375,590.6411743164062],[0,0,1]],[[0.99282855,0.00354993,0.11953474,-0.2],[-0.02133556,0.98878497,0.14784344,-0.31],[-0.1176689,-0.1493334,0.98176455,-2.45]]]
[[[1499.00146484375,0,999.3839111328125],[0,1499.00146484375,590.6411743164062],[0,0,1]],[[0.98772782,-0.00722208,0.1560476,-0.2],[-0.0157463,0.98924428,0.14545214,-0.31],[-0.15541907,-0.14612421,0.97698563,-2.45]]]
[[[1499.00146484375,0,999.3839111328125],[0,1499.00146484375,590.6411743164062],[0,0,1]],[[0.98451364,-0.01075357,0.17500383,-0.2],[-0.01501805,0.98928159,0.14527561,-0.31],[-0.17468964,-0.14565399,0.97379506,-2.45]]]
[[[1499.00146484375,0,999.3839111328125],[0,1499.00146484375,590.6411743164062],[0,0,1]],[[0.98327392,-0.01358499,0.18165103,-0.2],[-0.01332148,0.98918647,0.14608645,-0.31],[-0.18167067,-0.14606282,0.97245556,-2.45]]]
[[[1499.00146484375,0,999.3839111328125],[0,1499.00146484375,590.6411743164062],[0,0,1]],[[0.98330128,-0.01308392,0.1815405,-0.2],[-0.01326526,0.98961306,0.14317338,-0.31],[-0.18152745,-0.14319068,0.97290933,-2.45]]]
[[[1499.00146484375,0,999.3839111328125],[0,1499.00146484375,590.6411743164062],[0,0,1]],[[0.97979265,-0.01659703,0.19935052,-0.2],[-0.01252292,0.98951286,0.14393163,-0.31],[-0.19964796,-0.14351952,0.96930462,-2.45]]]
[[[1499.00146484375,0,999.3839111328125],[0,1499.00146484375,590.6411743164062],[0,0,1]],[[0.97515047,-0.02449022,0.22020911,-0.2],[-0.00717521,0.98986524,0.14186035,-0.31],[-0.22145061,-0.13991514,0.96508676,-2.45]]]
[[[1499.00146484375,0,999.3839111328125],[0,1499.00146484375,590.6411743164062],[0,0,1]],[[0.97621191,-0.02774145,0.2150604,-0.2],[-0.00374558,0.98948187,0.14463918,-0.31],[-0.21681,-0.14200389,0.96583509,-2.45]]]
[[[1499.00146484375,0,999.3839111328125],[0,1499.00146484375,590.6411743164062],[0,0,1]],[[9.8819900e-01,-2.4880130e-02,1.5117525e-01,-2.0000000e-01],[1.5151400e-03,9.8826933e-01,1.5274338e-01,-3.1000000e-01],[-1.5320161e-01,-1.5071166e-01,9.7663945e-01,-2.4500000e+00]]]
[[[1499.00146484375,0,999.3839111328125],[0,1499.00146484375,590.6411743164062],[0,0,1]],[[0.99833089,0.01190189,0.05660172,-0.2],[-0.02058892,0.98763055,0.15547033,-0.31],[-0.05405115,-0.15637608,0.98622227,-2.46]]]
[[[1499.00146484375,0,999.3839111328125],[0,1499.00146484375,590.6411743164062],[0,0,1]],[[0.99806613,0.06132572,-0.01062841,-0.25],[-0.05910181,0.98736233,0.14707568,-0.35],[0.01951334,-0.14616303,0.98907262,-2.62]]]
[[[1499.00146484375,0,999.3839111328125],[0,1499.00146484375,590.6411743164062],[0,0,1]],[[0.99691665,0.07277727,-0.02950842,-0.24],[-0.06757938,0.98642069,0.14971927,-0.36],[0.0400035,-0.14726341,0.98829246,-2.66]]]
[[[1499.00146484375,0,999.3839111328125],[0,1499.00146484375,590.6411743164062],[0,0,1]],[[0.99511117,0.085889,-0.04885647,-0.24],[-0.07747342,0.98507088,0.15375805,-0.36],[0.06133274,-0.14922118,0.9869042,-2.66]]]
[[[1499.00146484375,0,999.3839111328125],[0,1499.00146484375,590.6411743164062],[0,0,1]],[[0.99367499,0.08978309,-0.06752231,-0.24],[-0.07854407,0.98497528,0.15382814,-0.36],[0.08031841,-0.14755161,0.9857921,-2.66]]]
[[[1499.00146484375,0,999.3839111328125],[0,1499.00146484375,590.6411743164062],[0,0,1]],[[0.99364489,0.09221466,-0.06462561,-0.24],[-0.08171052,0.98535681,0.14967859,-0.36],[0.07748129,-0.14344674,0.98662454,-2.66]]]
[[[1499.00146484375,0,999.3839111328125],[0,1499.00146484375,590.6411743164062],[0,0,1]],[[0.99681419,0.0768555,0.02156433,-0.24],[-0.07915879,0.98654705,0.14306264,-0.36],[-0.01027917,-0.14431386,0.98948276,-2.67]]]
[[[1499.00146484375,0,999.3839111328125],[0,1499.00146484375,590.6411743164062],[0,0,1]],[[0.99430609,0.06242514,0.08642205,-0.24],[-0.07383868,0.98797238,0.13589063,-0.36],[-0.07689937,-0.14149815,0.98695117,-2.66]]]
[[[1499.00146484375,0,999.3839111328125],[0,1499.00146484375,590.6411743164062],[0,0,1]],[[0.99049896,0.04595805,0.12965298,-0.24],[-0.06357023,0.9887867,0.13515727,-0.36],[-0.12198713,-0.14211515,0.98230869,-2.66]]]
[[[1499.00146484375,0,999.3839111328125],[0,1499.00146484375,590.6411743164062],[0,0,1]],[[0.98505372,0.03844346,0.16793247,-0.24],[-0.06119925,0.98929441,0.13250953,-0.36],[-0.16103992,-0.1408063,0.97685593,-2.66]]]
[[[1499.00146484375,0,999.3839111328125],[0,1499.00146484375,590.6411743164062],[0,0,1]],[[0.98095834,0.032249,0.1915483,-0.24],[-0.05801283,0.98975867,0.13046025,-0.36],[-0.1853786,-0.13908829,0.9727779,-2.66]]]
[[[1499.00146484375,0,999.3839111328125],[0,1499.00146484375,590.6411743164062],[0,0,1]],[[0.97437674,0.12015256,0.19016606,-0.29],[-0.1325651,0.98971081,0.05391118,-0.42],[-0.18173105,-0.07773948,0.98027432,-2.67]]]
[[[1499.00146484375,0,999.3839111328125],[0,1499.00146484375,590.6411743164062],[0,0,1]],[[0.97109121,0.11567193,0.2088342,-0.29],[-0.12859561,0.99047142,0.04936123,-0.42],[-0.20113374,-0.07478974,0.97670829,-2.67]]]
[[[1499.00146484375,0,999.3839111328125],[0,1499.00146484375,590.6411743164062],[0,0,1]],[[0.9697845,0.11021876,0.21766756,-0.29],[-0.12346986,0.9911803,0.04820426,-0.42],[-0.21043392,-0.07362347,0.97483563,-2.67]]]
[[[1499.00146484375,0,999.3839111328125],[0,1499.00146484375,590.6411743164062],[0,0,1]],[[0.96873397,0.10949829,0.22265232,-0.29],[-0.12310396,0.99122924,0.04813369,-0.42],[-0.21542802,-0.07403845,0.97371268,-2.67]]]
[[[1499.00146484375,0,999.3839111328125],[0,1499.00146484375,590.6411743164062],[0,0,1]],[[0.97592592,0.10583007,0.19072995,-0.29],[-0.11726703,0.99186045,0.04967896,-0.42],[-0.18391928,-0.07084965,0.9803884,-2.67]]]
[[[1499.00146484375,0,999.3839111328125],[0,1499.00146484375,590.6411743164062],[0,0,1]],[[0.98752093,0.12293144,0.09848737,-0.29],[-0.12756,0.99093854,0.0421439,-0.44],[-0.09241384,-0.05418142,0.99424928,-2.67]]]
[[[1499.00146484375,0,999.3839111328125],[0,1499.00146484375,590.6411743164062],[0,0,1]],[[0.98897392,0.14732708,0.01532608,-0.29],[-0.14794523,0.98754311,0.05364129,-0.44],[-0.00723243,-0.05531764,0.99844646,-2.67]]]
[[[1499.00146484375,0,999.3839111328125],[0,1499.00146484375,590.6411743164062],[0,0,1]],[[0.98731625,0.15651149,-0.02683965,-0.29],[-0.15466109,0.98609066,0.06092286,-0.44],[0.0360012,-0.05599946,0.99778539,-2.67]]]
[[[1499.00146484375,0,999.3839111328125],[0,1499.00146484375,590.6411743164062],[0,0,1]],[[0.98479545,0.16427264,-0.05658638,-0.3],[-0.16046552,0.98481441,0.06631204,-0.44],[0.06661996,-0.05622401,0.99619693,-2.67]]]
[[[1499.00146484375,0,999.3839111328125],[0,1499.00146484375,590.6411743164062],[0,0,1]],[[0.98200583,0.17099741,-0.08021257,-0.3],[-0.1656414,0.98375165,0.06929311,-0.44],[0.09075772,-0.05476011,0.99437016,-2.67]]]
[[[1499.00146484375,0,999.3839111328125],[0,1499.00146484375,590.6411743164062],[0,0,1]],[[0.97892553,0.17627496,-0.10315956,-0.3],[-0.1692338,0.98283482,0.07349688,-0.44],[0.11434389,-0.05449027,0.99194962,-2.67]]]
[[[1499.00146484375,0,999.3839111328125],[0,1499.00146484375,590.6411743164062],[0,0,1]],[[0.97877055,0.175918,-0.10521925,-0.3],[-0.16857111,0.98282576,0.07512277,-0.44],[0.11662706,-0.05579143,0.99161142,-2.67]]]
[[[1499.00146484375,0,999.3839111328125],[0,1499.00146484375,590.6411743164062],[0,0,1]],[[0.9769212,0.17862304,-0.11717012,-0.3],[-0.17046012,0.98240048,0.07641254,-0.44],[0.12875637,-0.0546766,0.99017161,-2.67]]]
[[[1499.00146484375,0,999.3839111328125],[0,1499.00146484375,590.6411743164062],[0,0,1]],[[0.98088282,0.17726041,-0.08035964,-0.3],[-0.17228156,0.98289073,0.06520186,-0.44],[0.09054196,-0.05011133,0.99463493,-2.67]]]
[[[1499.00146484375,0,999.3839111328125],[0,1499.00146484375,590.6411743164062],[0,0,1]],[[9.8630852e-01,1.6451940e-01,1.1786740e-02,-3.0000000e-01],[-1.6493303e-01,9.8443228e-01,6.0799230e-02,-4.3000000e-01],[-1.6006900e-03,-6.1911190e-02,9.9808425e-01,-2.6700000e+00]]]
[[[1499.00146484375,0,999.3839111328125],[0,1499.00146484375,590.6411743164062],[0,0,1]],[[0.98613775,0.155094,0.0590636,-0.29],[-0.15813041,0.98611611,0.0507517,-0.43],[-0.05037218,-0.05938829,0.99696708,-2.67]]]
[[[1499.00146484375,0,999.3839111328125],[0,1499.00146484375,590.6411743164062],[0,0,1]],[[0.98368102,0.1327696,0.12146758,-0.29],[-0.13846527,0.98957497,0.03968231,-0.43],[-0.11493231,-0.05585416,0.99180573,-2.67]]]
[[[1499.00146484375,0,999.3839111328125],[0,1499.00146484375,590.6411743164062],[0,0,1]],[[0.97916108,0.12523673,0.15990649,-0.29],[-0.13218859,0.99065936,0.03356273,-0.43],[-0.15420896,-0.05400151,0.98656523,-2.67]]]
[[[1499.00146484375,0,999.3839111328125],[0,1499.00146484375,590.6411743164062],[0,0,1]],[[0.97601271,0.11744548,0.18334803,-0.29],[-0.12512988,0.9916628,0.030881,-0.43],[-0.1781919,-0.05308296,0.98256677,-2.67]]]
[[[1499.00146484375,0,999.3839111328125],[0,1499.00146484375,590.6411743164062],[0,0,1]],[[0.97340775,0.11000723,0.200964,-0.29],[-0.11806808,0.99259859,0.02853879,-0.44],[-0.19633633,-0.05150772,0.97918671,-2.67]]]
[[[1499.00146484375,0,999.3839111328125],[0,1499.00146484375,590.6411743164062],[0,0,1]],[[0.96987212,0.10614791,0.21929803,-0.29],[-0.11422094,0.9931584,0.02443221,-0.44],[-0.21520332,-0.04874494,0.97535598,-2.68]]]
[[[1499.00146484375,0,999.3839111328125],[0,1499.00146484375,590.6411743164062],[0,0,1]],[[0.96858245,0.10254124,0.22659285,-0.29],[-0.11094183,0.99352539,0.02462074,-0.44],[-0.22260015,-0.04898623,0.97368234,-2.68]]]
[[[1499.00146484375,0,999.3839111328125],[0,1499.00146484375,590.6411743164062],[0,0,1]],[[0.97315496,0.09972685,0.20744868,-0.29],[-0.10768358,0.99381119,0.02739502,-0.44],[-0.2034319,-0.0489988,0.97786617,-2.67]]]
[[[1499.00146484375,0,999.3839111328125],[0,1499.00146484375,590.6411743164062],[0,0,1]],[[0.98497546,0.11481613,0.12904195,-0.29],[-0.12005307,0.99220437,0.03354084,-0.44],[-0.12418447,-0.04852916,0.99107563,-2.67]]]
[[[1499.00146484375,0,999.3839111328125],[0,1499.00146484375,590.6411743164062],[0,0,1]],[[0.98860425,0.1345471,0.06760119,-0.29],[-0.13763595,0.98953927,0.04330943,-0.44],[-0.06106669,-0.05212062,0.99677604,-2.67]]]
[[[1499.00146484375,0,999.3839111328125],[0,1499.00146484375,590.6411743164062],[0,0,1]],[[0.98884881,0.14844143,0.012425,-0.29],[-0.14888304,0.98757637,0.05033943,-0.44],[-0.0047983,-0.05162834,0.99865901,-2.67]]]
[[[1499.00146484375,0,999.3839111328125],[0,1499.00146484375,590.6411743164062],[0,0,1]],[[0.98631477,0.16101505,-0.03561629,-0.29],[-0.1588572,0.98566794,0.05683515,-0.44],[0.0442568,-0.05039984,0.99775237,-2.67]]]
[[[1499.00146484375,0,999.3839111328125],[0,1499.00146484375,590.6411743164062],[0,0,1]],[[0.98205501,0.1430202,-0.12298024,-0.37],[-0.13991755,0.98959798,0.03354916,-0.48],[0.12649846,-0.01574058,0.99184608,-2.71]]]
[[[1499.00146484375,0,999.3839111328125],[0,1499.00146484375,590.6411743164062],[0,0,1]],[[0.9786166,0.14696901,-0.14394657,-0.37],[-0.14311571,0.98902404,0.03682322,-0.48],[0.14777765,-0.01543536,0.98890436,-2.71]]]
[[[1499.00146484375,0,999.3839111328125],[0,1499.00146484375,590.6411743164062],[0,0,1]],[[0.9762091,0.15114363,-0.15550691,-0.37],[-0.1470183,0.98841608,0.03776222,-0.48],[0.15941213,-0.01400203,0.98711687,-2.71]]]
[[[1499.00146484375,0,999.3839111328125],[0,1499.00146484375,590.6411743164062],[0,0,1]],[[0.97412217,0.15284273,-0.16654256,-0.37],[-0.14819777,0.98815006,0.04004351,-0.48],[0.17068842,-0.01432661,0.98522496,-2.71]]]
[[[1499.00146484375,0,999.3839111328125],[0,1499.00146484375,590.6411743164062],[0,0,1]],[[0.9780544,0.15140314,-0.14317183,-0.37],[-0.14836946,0.98842746,0.03169427,-0.48],[0.14631271,-0.00975699,0.98919433,-2.72]]]
[[[1499.00146484375,0,999.3839111328125],[0,1499.00146484375,590.6411743164062],[0,0,1]],[[0.99068469,0.1266527,-0.05014405,-0.37],[-0.12573247,0.99184322,0.02110872,-0.48],[0.05240811,-0.01460792,0.99852294,-2.72]]]
[[[1499.00146484375,0,999.3839111328125],[0,1499.00146484375,590.6411743164062],[0,0,1]],[[9.9314445e-01,1.1691542e-01,-2.5093200e-03,-3.7000000e-01],[-1.1686923e-01,9.9305212e-01,1.4009340e-02,-4.8000000e-01],[4.1296400e-03,-1.3620620e-02,9.9990278e-01,-2.7200000e+00]]]
[[[1499.00146484375,0,999.3839111328125],[0,1499.00146484375,590.6411743164062],[0,0,1]],[[0.9933874,0.10950819,0.03465686,-0.37],[-0.10978245,0.99394059,0.00611218,-0.48],[-0.03377749,-0.00987708,0.99938476,-2.72]]]
[[[1499.00146484375,0,999.3839111328125],[0,1499.00146484375,590.6411743164062],[0,0,1]],[[9.91607960e-01,9.87156000e-02,8.35510700e-02,-3.70000000e-01],[-9.90976244e-02,9.95081365e-01,4.29662789e-04,-4.80000000e-01],[-8.30974000e-02,-8.70637000e-03,9.96507590e-01,-2.72000000e+00]]]
[[[1499.00146484375,0,999.3839111328125],[0,1499.00146484375,590.6411743164062],[0,0,1]],[[9.8753732e-01,1.0544594e-01,1.1688934e-01,-4.0000000e-01],[-1.0494640e-01,9.9442708e-01,-1.0436030e-02,-5.1000000e-01],[-1.1733782e-01,-1.9617800e-03,9.9309456e-01,-2.7900000e+00]]]
[[[1499.00146484375,0,999.3839111328125],[0,1499.00146484375,590.6411743164062],[0,0,1]],[[0.9837507,0.10134634,0.14824097,-0.45],[-0.09968692,0.99484921,-0.01860015,-0.57],[-0.14936174,0.00351956,0.98878098,-2.87]]]
[[[1499.00146484375,0,999.3839111328125],[0,1499.00146484375,590.6411743164062],[0,0,1]],[[0.98354459,0.08532083,0.15928663,-0.5],[-0.08240463,0.99629402,-0.02483616,-0.57],[-0.16081455,0.01130081,0.98692477,-2.82]]]
[[[1499.00146484375,0,999.3839111328125],[0,1499.00146484375,590.6411743164062],[0,0,1]],[[0.98223978,0.08495003,0.16733326,-0.5],[-0.08183718,0.99632609,-0.02542378,-0.57],[-0.16887736,0.01127746,0.98557752,-2.82]]]
[[[1499.00146484375,0,999.3839111328125],[0,1499.00146484375,590.6411743164062],[0,0,1]],[[0.9822877,0.08330021,0.16788116,-0.5],[-0.08013882,0.99646151,-0.02553082,-0.57],[-0.16941299,0.0116241,0.98548174,-2.82]]]
[[[1499.00146484375,0,999.3839111328125],[0,1499.00146484375,590.6411743164062],[0,0,1]],[[0.97953141,0.08014225,0.18468188,-0.5],[-0.07636894,0.99670595,-0.02746622,-0.57],[-0.18627381,0.01279935,0.98241973,-2.82]]]
[[[1499.00146484375,0,999.3839111328125],[0,1499.00146484375,590.6411743164062],[0,0,1]],[[0.97755778,0.0751955,0.19682059,-0.5],[-0.07119313,0.99709266,-0.02734217,-0.57],[-0.19830337,0.01271557,0.98006344,-2.82]]]
[[[1499.00146484375,0,999.3839111328125],[0,1499.00146484375,590.6411743164062],[0,0,1]],[[0.98181105,0.0797149,0.17234997,-0.5],[-0.07698029,0.99678355,-0.0225032,-0.57],[-0.17358859,0.00882565,0.98478395,-2.82]]]
[[[1499.00146484375,0,999.3839111328125],[0,1499.00146484375,590.6411743164062],[0,0,1]],[[9.9271512e-01,1.0894798e-01,5.1564380e-02,-4.9000000e-01],[-1.0868239e-01,9.9404979e-01,-7.9332700e-03,-5.7000000e-01],[-5.2121710e-02,2.2706800e-03,9.9864340e-01,-2.8100000e+00]]]
[[[1499.00146484375,0,999.3839111328125],[0,1499.00146484375,590.6411743164062],[0,0,1]],[[9.91971430e-01,1.26009640e-01,-1.12295600e-02,-4.90000000e-01],[-1.26019210e-01,9.92032707e-01,-1.58828800e-04,-5.70000000e-01],[1.11199000e-02,1.57204000e-03,9.99942300e-01,-2.81000000e+00]]]
[[[1499.00146484375,0,999.3839111328125],[0,1499.00146484375,590.6411743164062],[0,0,1]],[[9.87078670e-01,1.45100580e-01,-6.80695500e-02,-4.90000000e-01],[-1.44724980e-01,9.89421730e-01,1.04416500e-02,-5.70000000e-01],[6.88641071e-02,-4.56008158e-04,9.97631311e-01,-2.81000000e+00]]]
[[[1499.00146484375,0,999.3839111328125],[0,1499.00146484375,590.6411743164062],[0,0,1]],[[9.79019760e-01,1.59185840e-01,-1.27249930e-01,-4.90000000e-01],[-1.57937990e-01,9.87253550e-01,1.99010800e-02,-5.70000000e-01],[1.28795072e-01,6.13395649e-04,9.91676390e-01,-2.81000000e+00]]]
[[[1499.00146484375,0,999.3839111328125],[0,1499.00146484375,590.6411743164062],[0,0,1]],[[9.7250408e-01,1.6810898e-01,-1.6120821e-01,-5.0000000e-01],[-1.6625130e-01,9.8577064e-01,2.5040850e-02,-5.7000000e-01],[1.6312288e-01,2.4480900e-03,9.8660815e-01,-2.8100000e+00]]]
[[[1499.00146484375,0,999.3839111328125],[0,1499.00146484375,590.6411743164062],[0,0,1]],[[9.6798557e-01,1.7258292e-01,-1.8229643e-01,-5.0000000e-01],[-1.7012236e-01,9.8499632e-01,2.9169600e-02,-5.7000000e-01],[1.8459429e-01,2.7762800e-03,9.8281628e-01,-2.8100000e+00]]]
[[[1499.00146484375,0,999.3839111328125],[0,1499.00146484375,590.6411743164062],[0,0,1]],[[0.96387571,0.17734183,-0.19876151,-0.5],[-0.17457034,0.98414516,0.03152484,-0.57],[0.20119953,0.00431116,0.97954613,-2.81]]]
[[[1499.00146484375,0,999.3839111328125],[0,1499.00146484375,590.6411743164062],[0,0,1]],[[0.96537268,0.17591771,-0.19266865,-0.5],[-0.17382476,0.98438811,0.02784838,-0.57],[0.19455844,0.00660583,0.980874,-2.81]]]
[[[1499.00146484375,0,999.3839111328125],[0,1499.00146484375,590.6411743164062],[0,0,1]],[[0.97346622,0.16589275,-0.15765774,-0.5],[-0.16464381,0.98613399,0.0210401,-0.57],[0.15896094,0.00547487,0.987275,-2.81]]]
[[[1499.00146484375,0,999.3839111328125],[0,1499.00146484375,590.6411743164062],[0,0,1]],[[0.98624402,0.14765827,-0.07438339,-0.5],[-0.14758587,0.98903322,0.00649514,-0.57],[0.07452616,0.00457148,0.99721384,-2.81]]]
[[[1499.00146484375,0,999.3839111328125],[0,1499.00146484375,590.6411743164062],[0,0,1]],[[0.99179441,0.12777314,0.00556888,-0.5],[-0.12774462,0.991799,-0.00517244,-0.57],[-0.00618414,0.00441794,0.99997634,-2.81]]]
[[[1499.00146484375,0,999.3839111328125],[0,1499.00146484375,590.6411743164062],[0,0,1]],[[0.99019516,0.11253875,0.08283698,-0.43],[-0.11108433,0.99357349,-0.02197435,-0.67],[-0.08477709,0.01255629,0.99632609,-2.82]]]
[[[1499.00146484375,0,999.3839111328125],[0,1499.00146484375,590.6411743164062],[0,0,1]],[[0.9880259,0.1078613,0.11038293,-0.43],[-0.10581834,0.99409604,-0.02421721,-0.67],[-0.11234263,0.01224598,0.99359959,-2.82]]]
[[[1499.00146484375,0,999.3839111328125],[0,1499.00146484375,590.6411743164062],[0,0,1]],[[0.98593742,0.09917532,0.13455646,-0.43],[-0.096627,0.99500322,-0.02535374,-0.67],[-0.1363977,0.0119947,0.99058723,-2.82]]]
[[[1499.00146484375,0,999.3839111328125],[0,1499.00146484375,590.6411743164062],[0,0,1]],[[0.97999382,0.08747753,0.17881173,-0.44],[-0.08339629,0.99606341,-0.03022866,-0.67],[-0.18075095,0.01471093,0.98342454,-2.82]]]
[[[1499.00146484375,0,999.3839111328125],[0,1499.00146484375,590.6411743164062],[0,0,1]],[[0.97340351,0.07704271,0.21578668,-0.44],[-0.07102968,0.99684799,-0.03549469,-0.67],[-0.21783969,0.01922263,0.97580105,-2.83]]]
[[[1499.00146484375,0,999.3839111328125],[0,1499.00146484375,590.6411743164062],[0,0,1]],[[0.96638674,0.06849577,0.24782872,-0.44],[-0.06180407,0.99749088,-0.03469016,-0.67],[-0.24958131,0.01820653,0.96818858,-2.83]]]
[[[1499.00146484375,0,999.3839111328125],[0,1499.00146484375,590.6411743164062],[0,0,1]],[[0.96438533,0.06221717,0.25710803,-0.44],[-0.05469452,0.99784833,-0.03631417,-0.67],[-0.25881237,0.02095767,0.96570629,-2.83]]]
[[[1499.00146484375,0,999.3839111328125],[0,1499.00146484375,590.6411743164062],[0,0,1]],[[0.97749293,0.07203006,0.19832794,-0.44],[-0.06830268,0.99734253,-0.02557991,-0.67],[-0.19964196,0.01145713,0.97980803,-2.83]]]
[[[1499.00146484375,0,999.3839111328125],[0,1499.00146484375,590.6411743164062],[0,0,1]],[[0.98971528,0.09799361,0.1042878,-0.44],[-0.09673058,0.99516964,-0.01711112,-0.67],[-0.10546004,0.00684664,0.99440604,-2.82]]]
[[[1499.00146484375,0,999.3839111328125],[0,1499.00146484375,590.6411743164062],[0,0,1]],[[0.99261868,0.12027117,0.01607029,-0.43],[-0.12020092,0.99274188,-0.0052588,-0.67],[-0.016586,0.00328766,0.99986327,-2.81]]]
[[[1499.00146484375,0,999.3839111328125],[0,1499.00146484375,590.6411743164062],[0,0,1]],[[9.8918003e-01,1.3435371e-01,-5.9053390e-02,-3.8000000e-01],[-1.3474396e-01,9.9088299e-01,-2.6628600e-03,-6.9000000e-01],[5.8156810e-02,1.0590420e-02,9.9825752e-01,-2.9400000e+00]]]
[[[1499.00146484375,0,999.3839111328125],[0,1499.00146484375,590.6411743164062],[0,0,1]],[[9.8513281e-01,1.4450851e-01,-9.2984710e-02,-3.7000000e-01],[-1.4498955e-01,9.8943794e-01,1.5937300e-03,-6.9000000e-01],[9.2232230e-02,1.1911050e-02,9.9567240e-01,-2.9400000e+00]]]
[[[1499.00146484375,0,999.3839111328125],[0,1499.00146484375,590.6411743164062],[0,0,1]],[[0.9825263,0.14984106,-0.11047757,-0.37],[-0.15032326,0.988635,0.00399634,-0.69],[0.10981998,0.0126801,0.99387681,-2.94]]]
[[[1499.00146484375,0,999.3839111328125],[0,1499.00146484375,590.6411743164062],[0,0,1]],[[0.97944379,0.15755655,-0.12602204,-0.37],[-0.15835807,0.98738116,0.00369353,-0.7],[0.12501276,0.01633824,0.99202681,-2.96]]]
[[[1499.00146484375,0,999.3839111328125],[0,1499.00146484375,590.6411743164062],[0,0,1]],[[0.97796291,0.15622342,-0.13855873,-0.37],[-0.15658578,0.98763537,0.0083474,-0.7],[0.13814849,0.01353214,0.99032533,-2.94]]]
