[[[900.69287109375,0,623.7501220703125],[0,900.69287109375,373.2276306152344],[0,0,1]],[[0.9997747292825765,0.020063873634984145,-0.006923269654600466,-0.31],[-0.020625470169072634,0.9953718648651033,-0.09385862035674328,-0.02],[0.0050080603286719975,0.09398027244973253,0.9955614635581364,-0.08]]]
[[[900.69287109375,0,623.7501220703125],[0,900.69287109375,373.2276306152344],[0,0,1]],[[0.9929987838972011,0.0152353933630107,0.11713794418442705,-0.32],[-0.0032359777766015024,0.9947839207190207,-0.10195332033201569,-0.04],[-0.11808024232067345,0.1008604673197958,0.9878685249088178,-0.04]]]
[[[900.69287109375,0,623.7501220703125],[0,900.69287109375,373.2276306152344],[0,0,1]],[[0.9821060547975445,0.023888356054985318,0.1868075040649942,-0.32],[-0.005724891686942343,0.9952511361172807,-0.0971720210371016,-0.04],[-0.18824166049303578,0.09436377749037171,0.9775789250759104,-0.05]]]
[[[900.69287109375,0,623.7501220703125],[0,900.69287109375,373.2276306152344],[0,0,1]],[[0.977441278992162,0.031245590619483968,0.2088833626429024,-0.32],[-0.01206046939494618,0.9956399758947803,-0.09249639710937349,-0.04],[-0.21086273070445669,0.08789056529048478,0.9735564479437127,-0.05]]]
[[[900.69287109375,0,623.7501220703125],[0,900.69287109375,373.2276306152344],[0,0,1]],[[0.9796851716834922,0.04059083341411761,0.1963908058597289,-0.32],[-0.022635759109728985,0.9954254598448846,-0.09282120610144168,-0.04],[-0.19926009834638916,0.08649010426255332,0.9761223668534801,-0.05]]]
[[[900.69287109375,0,623.7501220703125],[0,900.69287109375,373.2276306152344],[0,0,1]],[[0.9993911635272468,0.032755568368236614,0.01201561502919248,-0.32],[-0.031640656666618125,0.9960051934627073,-0.08350163735532466,-0.04],[-0.014702758562976308,0.08307061656319119,0.9964351968665349,-0.04]]]
[[[900.69287109375,0,623.7501220703125],[0,900.69287109375,373.2276306152344],[0,0,1]],[[0.9904558767059591,0.02909193556879028,-0.13472496273330728,-0.32],[-0.03940612201874583,0.9964395375263155,-0.07453459332273846,-0.04],[0.13207692397263573,0.07913221429483475,0.9880757960878928,-0.04]]]
[[[900.69287109375,0,623.7501220703125],[0,900.69287109375,373.2276306152344],[0,0,1]],[[0.9624965198785025,0.029144389816809026,-0.26972403260365496,-0.32],[-0.047728602737225005,0.996896809181258,-0.06259977895311267,-0.04],[0.26706259510182967,0.07312562058835664,0.9609007305185296,-0.04]]]
[[[900.69287109375,0,623.7501220703125],[0,900.69287109375,373.2276306152344],[0,0,1]],[[0.8940174463733245,0.022135236174646473,-0.44748501304469696,-0.32],[-0.049663480116425456,0.9975197834956169,-0.04987805406772801,-0.04],[0.4452710908231584,0.06681551357544449,0.8928994024092548,-0.03]]]
[[[900.69287109375,0,623.7501220703125],[0,900.69287109375,373.2276306152344],[0,0,1]],[[0.8682644880492292,0.019466139813567103,-0.4957195257334216,-0.32],[-0.04925952438006993,0.9976747433525043,-0.047102077813658313,-0.04],[0.4936499549786864,0.06531596954247318,0.8672044430653405,-0.03]]]
[[[900.69287109375,0,623.7501220703125],[0,900.69287109375,373.2276306152344],[0,0,1]],[[0.8801806694688147,0.01829143506546469,-0.4742862136902938,-0.32],[-0.04818554103323991,0.9975380199909547,-0.05095147012461419,-0.04],[0.47218655500634815,0.06770023689597687,0.8788950649511382,-0.03]]]
[[[900.69287109375,0,623.7501220703125],[0,900.69287109375,373.2276306152344],[0,0,1]],[[0.9170573795455811,0.0185172637168421,-0.39832508528265315,-0.33],[-0.046104009696877155,0.9971457515594143,-0.059789383981448674,-0.04],[0.39608103073848694,0.07319467939305273,0.9152935900560465,-0.03]]]
[[[900.69287109375,0,623.7501220703125],[0,900.69287109375,373.2276306152344],[0,0,1]],[[0.9650753982504431,0.02183527805125209,-0.26106071386589963,-0.33],[-0.04219878708607554,0.9964641240559785,-0.07265336769768889,-0.04],[0.2585512290827732,0.08113242324604897,0.9625844336150524,-0.02]]]
[[[900.69287109375,0,623.7501220703125],[0,900.69287109375,373.2276306152344],[0,0,1]],[[0.9942373984024617,0.02336272471638102,-0.10462398726741093,-0.33],[-0.03259269264193731,0.9956400803887775,-0.08739877979569761,-0.04],[0.10212596146060497,0.09030511290760472,0.9906640573769151,-0.03]]]
[[[900.69287109375,0,623.7501220703125],[0,900.69287109375,373.2276306152344],[0,0,1]],[[0.9731527743424765,0.048034640650422955,0.22509187254791257,-0.33],[-0.02606164022261586,0.994686943675641,-0.09959254485210732,-0.04],[-0.2286798388543422,0.09105249792727717,0.9692342203630427,-0.04]]]
[[[900.69287109375,0,623.7501220703125],[0,900.69287109375,373.2276306152344],[0,0,1]],[[0.9354064659629736,0.05659594808987131,0.3490152462206613,-0.33],[-0.022573470824215354,0.9946514235792685,-0.1007917853135002,-0.04],[-0.35285291815373804,0.08640280222043153,0.9316809399782999,-0.04]]]
[[[900.69287109375,0,623.7501220703125],[0,900.69287109375,373.2276306152344],[0,0,1]],[[0.9011340018158825,0.06428008897105474,0.42874885531411777,-0.33],[-0.024881552437471442,0.9949852529691504,-0.09687752433984476,-0.03],[-0.43282608414881185,0.07663169406837579,0.8982144311602973,-0.05]]]
[[[900.69287109375,0,623.7501220703125],[0,900.69287109375,373.2276306152344],[0,0,1]],[[0.8811322976174436,0.07141584702031564,0.4674458801719997,-0.33],[-0.030142807528480215,0.9950020491475562,-0.0951962885120275,-0.03],[-0.47190813221399946,0.06979039322525023,0.8788811158306675,-0.05]]]
[[[900.69287109375,0,623.7501220703125],[0,900.69287109375,373.2276306152344],[0,0,1]],[[0.8818886270413555,0.07701735473078733,0.4651244742704742,-0.33],[-0.03590412376663217,0.9946728584885527,-0.09662711049577193,-0.03],[-0.47008865482126166,0.06851446311899283,0.8799559221642029,-0.06]]]
[[[900.69287109375,0,623.7501220703125],[0,900.69287109375,373.2276306152344],[0,0,1]],[[0.9042879059010085,0.08137906701588567,0.41909525252953295,-0.33],[-0.041407230162364465,0.9937546370681518,-0.10362028081329894,-0.03],[-0.4249103723509817,0.07634899316408791,0.9020099814921009,-0.06]]]
[[[900.69287109375,0,623.7501220703125],[0,900.69287109375,373.2276306152344],[0,0,1]],[[0.9429856937723698,0.08553471599884585,0.32165477409738424,-0.34],[-0.053508976110059434,0.9928033875924108,-0.10713646933087953,-0.04],[-0.3285038368364905,0.08381674023743815,0.9407762663033514,-0.04]]]
[[[900.69287109375,0,623.7501220703125],[0,900.69287109375,373.2276306152344],[0,0,1]],[[0.9806638353432097,0.08071583442802607,0.1782789839620294,-0.34],[-0.06431350788457385,0.9933064142419588,-0.09594863276442893,-0.04],[-0.18483023224983222,0.08262760736200624,0.979290796315427,-0.03]]]
[[[900.69287109375,0,623.7501220703125],[0,900.69287109375,373.2276306152344],[0,0,1]],[[0.9970613192919449,0.07522861044963086,0.014470029081661992,-0.34],[-0.0738463132788097,0.9940771415576247,-0.07973304614618813,-0.04],[-0.02038253141624828,0.07843017788096596,0.9967112217742036,-0.02]]]
[[[900.69287109375,0,623.7501220703125],[0,900.69287109375,373.2276306152344],[0,0,1]],[[0.9863396122508823,0.07177032507455335,-0.14826729154965998,-0.34],[-0.08160148961259316,0.9947770707289799,-0.061317015948886534,-0.04],[0.1430921598054372,0.0725782335866828,0.9870445956549542,-0.01]]]
[[[900.69287109375,0,623.7501220703125],[0,900.69287109375,373.2276306152344],[0,0,1]],[[0.9556397661713414,0.06168722384990391,-0.2880057702992694,-0.34],[-0.07891143998619743,0.9956976051618803,-0.04857225251314658,-0.05],[0.2837703683461127,0.06914452609272811,0.9563960542370108,-0.01]]]
[[[900.69287109375,0,623.7501220703125],[0,900.69287109375,373.2276306152344],[0,0,1]],[[0.8992541517254199,0.04366144903758254,-0.4352420573342311,-0.34],[-0.0684421986475966,0.9967951090178547,-0.041414684380858165,-0.05],[0.4320389288581279,0.06703125021974268,0.8993604257721706,-0.01]]]
[[[900.69287109375,0,623.7501220703125],[0,900.69287109375,373.2276306152344],[0,0,1]],[[0.9025799021367984,0.037966866616638985,-0.42884500381611257,-0.34],[-0.06447457642938129,0.9967906415683141,-0.04744940332691774,-0.05],[0.4256671813200768,0.07047647778615915,0.9021310973610641,-0.01]]]
[[[900.69287109375,0,623.7501220703125],[0,900.69287109375,373.2276306152344],[0,0,1]],[[0.9298054967098642,0.03611459264989618,-0.3662751349543873,-0.34],[-0.06175399999513641,0.9963741710125348,-0.0585231135850171,-0.05],[0.36283354554495545,0.07703406737811645,0.9286644015415152,-0.0]]]
[[[900.69287109375,0,623.7501220703125],[0,900.69287109375,373.2276306152344],[0,0,1]],[[0.9648704289822689,0.03683860414960789,-0.26013068354171687,-0.34],[-0.05754344933134286,0.9957121127777148,-0.07243024165906484,-0.05],[0.2563470435066953,0.08485461514878166,0.9628529937499953,-0.01]]]
[[[900.69287109375,0,623.7501220703125],[0,900.69287109375,373.2276306152344],[0,0,1]],[[0.9932639056486646,0.03891153954717973,-0.10914534266577192,-0.34],[-0.04844142537976927,0.9951109936900102,-0.08606705841642594,-0.05],[0.10526272864949279,0.09077445856268435,0.99029276258585,-0.02]]]
[[[900.69287109375,0,623.7501220703125],[0,900.69287109375,373.2276306152344],[0,0,1]],[[0.977819666537192,0.0613454436492383,0.20026341721985247,-0.34],[-0.04190729472468905,0.9941144158448314,-0.09990148576646773,-0.05],[-0.20521325099016538,0.08929313945073179,0.9746354481882339,-0.02]]]
[[[900.69287109375,0,623.7501220703125],[0,900.69287109375,373.2276306152344],[0,0,1]],[[0.9464394154247032,0.06833456539289692,0.31556745729417335,-0.34],[-0.037763819473084055,0.9940673130471297,-0.10200034838207327,-0.05],[-0.32066544383414675,0.08462011760700819,0.9434050608443999,-0.03]]]
[[[900.69287109375,0,623.7501220703125],[0,900.69287109375,373.2276306152344],[0,0,1]],[[0.9138752146922251,0.07359813276539445,0.3992685898298124,-0.34],[-0.03565314467591424,0.9941807090513017,-0.1016541736721586,-0.05],[-0.4044266871089962,0.0786640489912541,0.9111811138024886,-0.03]]]
[[[900.69287109375,0,623.7501220703125],[0,900.69287109375,373.2276306152344],[0,0,1]],[[0.904149596406346,0.07874821862138337,0.4198954934054429,-0.34],[-0.038327927719388505,0.9938532315477453,-0.10385915510363558,-0.05],[-0.42549321648526767,0.07781048904911542,0.9016102542223877,-0.04]]]
[[[900.69287109375,0,623.7501220703125],[0,900.69287109375,373.2276306152344],[0,0,1]],[[0.9215196713651173,0.08351624304347799,0.379244686759128,-0.34],[-0.04586044382090144,0.9931708113198617,-0.10727795316278892,-0.05],[-0.3856142048468603,0.08146641449180331,0.9190565316291339,-0.04]]]
[[[900.69287109375,0,623.7501220703125],[0,900.69287109375,373.2276306152344],[0,0,1]],[[0.9528658255847902,0.08344426098467672,0.29169123014128734,-0.35],[-0.05489717270795117,0.9929842195951921,-0.10473127547968047,-0.04],[-0.2983840124089923,0.08378182943603284,0.9507615822040044,-0.04]]]
[[[900.69287109375,0,623.7501220703125],[0,900.69287109375,373.2276306152344],[0,0,1]],[[0.9807483670722742,0.079121688540328,0.17852842599315974,-0.35],[-0.06282337862505151,0.9934761166450036,-0.09517577819013023,-0.04],[-0.1848941956449721,0.08212773014330044,0.9793207709215137,-0.03]]]
[[[900.69287109375,0,623.7501220703125],[0,900.69287109375,373.2276306152344],[0,0,1]],[[0.9965354481205662,0.0745359142655549,0.0368984840303816,-0.35],[-0.07131965702475636,0.994084469150358,-0.08191199372449741,-0.04],[-0.04278559525136467,0.07899661814691075,0.9959562877758931,-0.02]]]
[[[900.69287109375,0,623.7501220703125],[0,900.69287109375,373.2276306152344],[0,0,1]],[[0.9921462061214162,0.07062917087810927,-0.10323480953608148,-0.35],[-0.07791037833883009,0.9946191056878884,-0.06828475340605483,-0.04],[0.09785641841995102,0.07579152209644693,0.9923103176689857,-0.02]]]
[[[900.69287109375,0,623.7501220703125],[0,900.69287109375,373.2276306152344],[0,0,1]],[[0.8912270200941889,0.049056148587603196,-0.450896765279796,-0.35],[-0.07397486955247035,0.9965436411708214,-0.037795368984788684,-0.04],[0.44748420902723196,0.06703928346687729,0.8917755419069983,-0.02]]]
[[[900.69287109375,0,623.7501220703125],[0,900.69287109375,373.2276306152344],[0,0,1]],[[0.8448607167400642,0.043828595003892454,-0.5331879814563056,-0.35],[-0.07130853310777377,0.9969712321292392,-0.031039578166014062,-0.04],[0.5302126577284652,0.06424497308499193,0.8454271825638362,-0.02]]]
[[[900.69287109375,0,623.7501220703125],[0,900.69287109375,373.2276306152344],[0,0,1]],[[0.8106354807108496,0.04116348206719637,-0.5841024611802226,-0.36],[-0.07032359398622594,0.9971499049329678,-0.027325065801082973,-0.04],[0.5813129187808836,0.06322685217750976,0.8112198565260672,-0.01]]]
[[[900.69287109375,0,623.7501220703125],[0,900.69287109375,373.2276306152344],[0,0,1]],[[0.8140633272891222,0.03954158175630473,-0.5794284791716514,-0.36],[-0.06935165703216987,0.9971593556323124,-0.02938651292419267,-0.04],[0.57662053972249,0.06410680765067724,0.81449313709999,-0.01]]]
[[[900.69287109375,0,623.7501220703125],[0,900.69287109375,373.2276306152344],[0,0,1]],[[0.8488264140153463,0.04013604754918034,-0.527145915811721,-0.36],[-0.06957632474690707,0.9969221475803286,-0.036129858822565086,-0.04],[0.5240733287475724,0.06734485393076067,0.8490063702614271,-0.01]]]
[[[900.69287109375,0,623.7501220703125],[0,900.69287109375,373.2276306152344],[0,0,1]],[[0.9079558336330185,0.044569253369429025,-0.41668907572176894,-0.36],[-0.07021916516930124,0.9964506900684245,-0.046425112871023376,-0.05],[0.4131409844286776,0.07141151109066736,0.9078628327390932,-0.01]]]
[[[900.69287109375,0,623.7501220703125],[0,900.69287109375,373.2276306152344],[0,0,1]],[[0.9628727687002071,0.04537049452984987,-0.2661156694404035,-0.36],[-0.06484340558548428,0.9957862629522239,-0.0648463666501112,-0.05],[0.26205221626170927,0.0796946468827181,0.9617574534208535,-0.02]]]
[[[900.69287109375,0,623.7501220703125],[0,900.69287109375,373.2276306152344],[0,0,1]],[[0.9938806295881973,0.04450121438986885,-0.10109864513036486,-0.37],[-0.05318724977781402,0.9949678639962324,-0.08491210794608323,-0.04],[0.09681121107826789,0.08976965819586147,0.9912461842937694,-0.02]]]
[[[900.69287109375,0,623.7501220703125],[0,900.69287109375,373.2276306152344],[0,0,1]],[[0.9691043056873355,0.07142104081815402,0.23608447561565504,-0.38],[-0.048037967270928204,0.9934832475580486,-0.10336048820506887,-0.07],[-0.24192808517975847,0.08882607584467822,0.9662198144580202,0.03]]]
[[[900.69287109375,0,623.7501220703125],[0,900.69287109375,373.2276306152344],[0,0,1]],[[0.9376027425159813,0.07987819989761341,0.33840888050940293,-0.38],[-0.04622467767006184,0.9932508980548185,-0.10637637278830028,-0.06],[-0.3446220776456571,0.08409593744297912,0.9349671100657911,0.02]]]
[[[900.69287109375,0,623.7501220703125],[0,900.69287109375,373.2276306152344],[0,0,1]],[[0.9094103785580502,0.08680727052173115,0.40673979539193217,-0.39],[-0.04828844331847682,0.993399383160664,-0.10404754575621025,-0.06],[-0.41308714530082163,0.07498108641903904,0.9075994970616932,0.01]]]
[[[900.69287109375,0,623.7501220703125],[0,900.69287109375,373.2276306152344],[0,0,1]],[[0.8960503735311,0.09193116206031682,0.4343298165415496,-0.39],[-0.05302341762158339,0.9934834212662148,-0.10089206536147413,-0.06],[-0.44077459690697185,0.06737472160548474,0.8950856951209084,0.01]]]
[[[900.69287109375,0,623.7501220703125],[0,900.69287109375,373.2276306152344],[0,0,1]],[[0.8999433631189158,0.09572835137515576,0.42536810637518435,-0.39],[-0.05797201053825797,0.9932092170832216,-0.10086970355406982,-0.06],[-0.4321356143300012,0.06611757590783662,0.8993816080973103,0.01]]]
[[[900.69287109375,0,623.7501220703125],[0,900.69287109375,373.2276306152344],[0,0,1]],[[0.9218454919051139,0.09891421396682701,0.3747223870140981,-0.39],[-0.06272061410194654,0.9922124042298017,-0.10761351894251671,-0.06],[-0.38244870717639173,0.0757002190739331,0.920870492094988,0.0]]]
[[[900.69287109375,0,623.7501220703125],[0,900.69287109375,373.2276306152344],[0,0,1]],[[0.9564295399259592,0.09949635525923706,0.2744868128838718,-0.39],[-0.07157469199420742,0.9913565210802121,-0.10995140552841252,-0.06],[-0.28305405600865763,0.0855144631151174,0.9552840823415729,0.0]]]
[[[900.69287109375,0,623.7501220703125],[0,900.69287109375,373.2276306152344],[0,0,1]],[[0.9870272449775552,0.09702891132844657,0.1279164103562705,-0.39],[-0.08506401899552699,0.9917491256229902,-0.09590508067022813,-0.06],[-0.13616655369196193,0.08377984359290004,0.9871370763289176,0.01]]]
[[[900.69287109375,0,623.7501220703125],[0,900.69287109375,373.2276306152344],[0,0,1]],[[0.9942644502920497,0.09442470562998156,-0.05022128883391443,-0.48],[-0.09782166147239932,0.9927293573040902,-0.07013804740215877,-0.07],[0.04323338330766442,0.07464849705988388,0.996272290317498,0.03]]]
[[[900.69287109375,0,623.7501220703125],[0,900.69287109375,373.2276306152344],[0,0,1]],[[0.8741524158657424,0.07755335611315572,-0.4794194726871991,-0.49],[-0.09551600564367499,0.995341055743648,-0.013148209649893869,-0.07],[0.4761661963033112,0.05728577228864219,0.8774873752888586,0.03]]]
[[[900.69287109375,0,623.7501220703125],[0,900.69287109375,373.2276306152344],[0,0,1]],[[0.7990328735177328,0.0697114446032385,-0.597232602533824,-0.49],[-0.08737975426918757,0.99617487688036,-0.0006270695782686214,-0.07],[0.5949044003719013,0.05268708725797245,0.8020678432990688,0.03]]]
[[[900.69287109375,0,623.7501220703125],[0,900.69287109375,373.2276306152344],[0,0,1]],[[0.7343777393021256,0.05886092320773655,-0.676183945192898,-0.49],[-0.0798006490825467,0.996810837559657,0.00010261393315960654,-0.07],[0.6740335247029657,0.053884560337335796,0.7367328292764945,0.03]]]
[[[900.69287109375,0,623.7501220703125],[0,900.69287109375,373.2276306152344],[0,0,1]],[[0.708978396530465,0.04786381414929385,-0.703604070872371,-0.49],[-0.07436512394457363,0.9972058296592093,-0.00709659315418891,-0.07],[0.7012984112300547,0.057354935173616374,0.7105567885942906,0.04]]]
[[[900.69287109375,0,623.7501220703125],[0,900.69287109375,373.2276306152344],[0,0,1]],[[0.7363381768871475,0.040152709784460484,-0.6754212383064934,-0.49],[-0.07267990744617142,0.997155655833565,-0.01995567820819058,-0.07],[0.6726988332917843,0.06378368079766006,0.7371620729200428,0.04]]]
[[[900.69287109375,0,623.7501220703125],[0,900.69287109375,373.2276306152344],[0,0,1]],[[0.7943524369049736,0.038004120730714214,-0.6062671793777188,-0.49],[-0.07373840468202666,0.9966932064775436,-0.0341364883440338,-0.07],[0.6029650517717254,0.07182157732184656,0.7945280406460948,0.04]]]
[[[900.69287109375,0,623.7501220703125],[0,900.69287109375,373.2276306152344],[0,0,1]],[[0.8735817438721654,0.041105048813610406,-0.48493846180241995,-0.5],[-0.07505856583047228,0.9958844172551403,-0.05079802322789956,-0.07],[0.4808546022122894,0.08077501117561216,0.8730717319332018,0.03]]]
[[[900.69287109375,0,623.7501220703125],[0,900.69287109375,373.2276306152344],[0,0,1]],[[0.9469422222116192,0.03942201451427816,-0.3189770094608019,-0.5],[-0.06775386926083356,0.9946315441411284,-0.07821447819694555,-0.07],[0.31418122317081004,0.09567651838915668,0.9445295987081733,0.02]]]
[[[900.69287109375,0,623.7501220703125],[0,900.69287109375,373.2276306152344],[0,0,1]],[[0.9827245208494039,0.08193220359226208,0.16595068585524303,-0.5],[-0.06395088741575415,0.9917667638966833,-0.11094579770607854,-0.07],[-0.17367440836244982,0.09841646226326509,0.9798731549723854,0.01]]]
[[[900.69287109375,0,623.7501220703125],[0,900.69287109375,373.2276306152344],[0,0,1]],[[0.947425014804171,0.09161978065396421,0.3065805882899892,-0.5],[-0.05935372504836574,0.9918229246235627,-0.1129797393962549,-0.07],[-0.31442483465241633,0.08884313132753796,0.9451158243145221,-0.01]]]
[[[900.69287109375,0,623.7501220703125],[0,900.69287109375,373.2276306152344],[0,0,1]],[[0.9106753916064653,0.09843928660773564,0.4012231772649373,-0.49],[-0.05903573033395997,0.99223790736711,-0.10944732855430592,-0.07],[-0.4088827627405528,0.07598448549472656,0.9094180800367643,-0.01]]]
[[[900.69287109375,0,623.7501220703125],[0,900.69287109375,373.2276306152344],[0,0,1]],[[0.9087315533350003,0.1067480908498393,0.40349945362202405,-0.49],[-0.06933922084300034,0.9919181066888251,-0.1062569624812517,-0.07],[-0.4115811419711102,0.0685807168435192,0.9087891113184542,-0.01]]]
[[[900.69287109375,0,623.7501220703125],[0,900.69287109375,373.2276306152344],[0,0,1]],[[0.9373504841016578,0.11473296920315343,0.32895351606604883,-0.5],[-0.08357430580392107,0.9906977813267492,-0.10739293032434338,-0.07],[-0.338215028293807,0.07317275348163983,0.9382197731790428,-0.01]]]
[[[900.69287109375,0,623.7501220703125],[0,900.69287109375,373.2276306152344],[0,0,1]],[[0.9715287659737724,0.11578385829580853,0.2067025762868356,-0.5],[-0.09774231224074259,0.9906199189145414,-0.09549144803374127,-0.07],[-0.21582005764829215,0.07256910091687548,0.9737327294020697,-0.01]]]
[[[900.69287109375,0,623.7501220703125],[0,900.69287109375,373.2276306152344],[0,0,1]],[[0.9919579103886709,0.11246899894829604,0.05805366735107952,-0.5],[-0.1079393338250977,0.9912467078952442,-0.0760201571968558,-0.07],[-0.06609541762282567,0.06914252210043201,0.9954148418658704,0.0]]]
[[[900.69287109375,0,623.7501220703125],[0,900.69287109375,373.2276306152344],[0,0,1]],[[0.989072578714136,0.10886103075726453,-0.09942187897155814,-0.5],[-0.11452825161662035,0.9919956397421725,-0.05317828799574037,-0.07],[0.09283702718963671,0.0639838004106017,0.9936233489947823,0.01]]]
[[[900.69287109375,0,623.7501220703125],[0,900.69287109375,373.2276306152344],[0,0,1]],[[0.8884801007442571,0.09276049695186041,-0.44944254447784376,-0.5],[-0.10783156522915038,0.9941370965107679,-0.007986668978474873,-0.07],[0.44606665883218194,0.05556008951022433,0.8932735372392432,0.01]]]
[[[900.69287109375,0,623.7501220703125],[0,900.69287109375,373.2276306152344],[0,0,1]],[[0.8304054189095823,0.09217225299308379,-0.5494825893727481,-0.5],[-0.1073423455769012,0.994211699332521,0.00455167621760709,-0.07],[0.5467215571857856,0.05520301340071722,0.8354927685024149,0.01]]]
[[[900.69287109375,0,623.7501220703125],[0,900.69287109375,373.2276306152344],[0,0,1]],[[0.7762347681605631,0.09112821241435196,-0.6238230787658321,-0.51],[-0.10580640622801486,0.9942938813670542,0.013589771048506158,-0.07],[0.6215018818151954,0.05545562530711624,0.7814474291479675,0.01]]]
[[[900.69287109375,0,623.7501220703125],[0,900.69287109375,373.2276306152344],[0,0,1]],[[0.7331476705603224,0.09218407176025709,-0.6737926907184975,-0.51],[-0.10629423486953685,0.9941264096649823,0.020352327633752818,-0.07],[0.6717112689135658,0.05669901692544281,0.7386400968632936,0.01]]]
[[[900.69287109375,0,623.7501220703125],[0,900.69287109375,373.2276306152344],[0,0,1]],[[0.735156251509195,0.088918939714617,-0.6720407041444569,-0.51],[-0.10600567465211543,0.9942433230094515,0.015588829098859905,-0.07],[0.6695581250410595,0.05977990307078055,0.7403501066254727,0.01]]]
[[[900.69287109375,0,623.7501220703125],[0,900.69287109375,373.2276306152344],[0,0,1]],[[0.7752719403942855,0.08652469164901572,-0.6256731544283504,-0.51],[-0.1084683036754349,0.9940951649656015,0.0030708451259196384,-0.07],[0.6222443615936212,0.06548496565667954,0.7800792740086678,0.01]]]
[[[900.69287109375,0,623.7501220703125],[0,900.69287109375,373.2276306152344],[0,0,1]],[[0.8381075839001865,0.08558654912519019,-0.538749125677094,-0.51],[-0.1113707695669425,0.9936595939129075,-0.015400101003010855,-0.07],[0.534015195940208,0.07290784617362764,0.8423254813142387,0.02]]]
[[[900.69287109375,0,623.7501220703125],[0,900.69287109375,373.2276306152344],[0,0,1]],[[0.9127909216787559,0.07883598322019089,-0.40074633005250754,-0.51],[-0.10607233958460345,0.9932844643977587,-0.04620207312563088,-0.07],[0.3944127179439021,0.08468093372042704,0.9150233589304377,0.01]]]
[[[900.69287109375,0,623.7501220703125],[0,900.69287109375,373.2276306152344],[0,0,1]],[[0.9591618645469797,0.08198889415663589,-0.27071449690353355,-0.53],[-0.10331684213046882,0.9924913116359151,-0.0654723335417997,-0.11],[0.2633137818856984,0.09076793245520604,0.9604306506494147,0.11]]]
[[[900.69287109375,0,623.7501220703125],[0,900.69287109375,373.2276306152344],[0,0,1]],[[0.9922468189977856,0.10873440223571844,0.06019202571119323,-0.53],[-0.1025249668229421,0.9898823733025175,-0.09808933786569352,-0.11],[-0.07024871078340571,0.09115764803578766,0.9933556270731309,0.1]]]
[[[900.69287109375,0,623.7501220703125],[0,900.69287109375,373.2276306152344],[0,0,1]],[[0.9856387865650075,0.1156034967933711,0.12309351708276403,-0.54],[-0.10370570222316802,0.9896638353606474,-0.09904857548523,-0.11],[-0.13327156390265435,0.08486061812406706,0.98743980360655,0.1]]]
[[[900.69287109375,0,623.7501220703125],[0,900.69287109375,373.2276306152344],[0,0,1]],[[0.980802445206795,0.12351137703429399,0.15090229693236756,-0.54],[-0.1093809267535685,0.9890945946153082,-0.09862908174219981,-0.11],[-0.16143845991244601,0.0802298114535459,0.9836161858241385,0.1]]]
[[[900.69287109375,0,623.7501220703125],[0,900.69287109375,373.2276306152344],[0,0,1]],[[0.9800863948335037,0.13070059447373972,0.14949251909870426,-0.54],[-0.11654964728377433,0.9881550007221386,-0.09982922550965777,-0.11],[-0.16076951943789972,0.08041796535626444,0.9837103803801531,0.1]]]
[[[900.69287109375,0,623.7501220703125],[0,900.69287109375,373.2276306152344],[0,0,1]],[[0.9838227279880633,0.13540575948518427,0.11729501350170818,-0.54],[-0.12360366270641972,0.9870064488827208,-0.10266647178840126,-0.11],[-0.12967256633414448,0.08650751506176438,0.9877760249055225,0.09]]]
[[[900.69287109375,0,623.7501220703125],[0,900.69287109375,373.2276306152344],[0,0,1]],[[0.9889682071676889,0.14178084161418925,0.0428961322580419,-0.54],[-0.1366718274665955,0.9850524013026728,-0.10484549711255704,-0.11],[-0.057120020907457596,0.09782617052205528,0.9935629540056943,0.09]]]
[[[900.69287109375,0,623.7501220703125],[0,900.69287109375,373.2276306152344],[0,0,1]],[[0.9870410783838292,0.14269476800146186,-0.07340376535230766,-0.54],[-0.1489925814300707,0.9848257212205732,-0.08899162601718034,-0.11],[0.05959127672479771,0.09877500699765561,0.9933239037347896,0.1]]]
[[[900.69287109375,0,623.7501220703125],[0,900.69287109375,373.2276306152344],[0,0,1]],[[0.9659314974275162,0.1444153142648462,-0.21475697726318957,-0.54],[-0.16037949848750377,0.985303888780106,-0.05877638317978926,-0.11],[0.20311267499182117,0.0912165761283899,0.9748973163862338,0.11]]]
[[[900.69287109375,0,623.7501220703125],[0,900.69287109375,373.2276306152344],[0,0,1]],[[0.8418949350812082,0.13318142443289072,-0.5229489711918692,-0.55],[-0.1524616377587762,0.9882896665557804,0.006243716119116144,-0.11],[0.5176566113713994,0.0744731036354107,0.8523411227544927,0.11]]]
[[[900.69287109375,0,623.7501220703125],[0,900.69287109375,373.2276306152344],[0,0,1]],[[0.7703267992512166,0.13522256973385083,-0.6231464346282901,-0.55],[-0.14753724796246642,0.988534556175023,0.03212774052920754,-0.11],[0.6203461798214265,0.06718845051364288,0.7814450264084725,0.11]]]
[[[900.69287109375,0,623.7501220703125],[0,900.69287109375,373.2276306152344],[0,0,1]],[[0.7120470468869251,0.12889900223244438,-0.6901985585634682,-0.55],[-0.1379388834309407,0.9895286771301129,0.04249543004787934,-0.11],[0.6884488851450298,0.06494647304210717,0.7223711568037282,0.12]]]
[[[900.69287109375,0,623.7501220703125],[0,900.69287109375,373.2276306152344],[0,0,1]],[[0.6847271761389205,0.1207806671261675,-0.7187215905379339,-0.55],[-0.1295837164790736,0.9906347783547901,0.043020882573778896,-0.11],[0.717186694438966,0.06367704737590874,0.6939657620929116,0.12]]]
[[[900.69287109375,0,623.7501220703125],[0,900.69287109375,373.2276306152344],[0,0,1]],[[0.6988726386501649,0.11643751215814849,-0.7057048538224581,-0.55],[-0.12923721268575564,0.9909773346410065,0.035519925183243053,-0.11],[0.7034733668045811,0.0663794244493536,0.7076150042264506,0.12]]]
[[[900.69287109375,0,623.7501220703125],[0,900.69287109375,373.2276306152344],[0,0,1]],[[0.7440407352483988,0.11563891519000136,-0.6580509293243966,-0.55],[-0.13422643401413076,0.9906990929426085,0.022328718157183347,-0.11],[0.6545125275370002,0.07171435376807359,0.7526422807421566,0.12]]]
[[[900.69287109375,0,623.7501220703125],[0,900.69287109375,373.2276306152344],[0,0,1]],[[0.81712858404458,0.11813599044455986,-0.5642204931575799,-0.55],[-0.14169297164082034,0.9899085094527715,0.0020602671151898067,-0.11],[0.5587700590805608,0.07826257518555799,0.8256215782066452,0.12]]]
[[[900.69287109375,0,623.7501220703125],[0,900.69287109375,373.2276306152344],[0,0,1]],[[0.8937392503147669,0.11826790513735208,-0.4327156746192824,-0.55],[-0.14520782448704844,0.9889577796438642,-0.029617525042054366,-0.11],[0.4244347301465055,0.08930404636017604,0.9010438097834991,0.12]]]
[[[900.69287109375,0,623.7501220703125],[0,900.69287109375,373.2276306152344],[0,0,1]],[[0.9533469225262435,0.1183083053827737,-0.2777279067490281,-0.55],[-0.14170865614319722,0.987727078876244,-0.06568009157036164,-0.11],[0.26654887372455655,0.1019723616087141,0.9584118819088753,0.12]]]
[[[900.69287109375,0,623.7501220703125],[0,900.69287109375,373.2276306152344],[0,0,1]],[[0.9779819634288602,0.1586479718499547,0.13558060420180773,-0.58],[-0.14175291715193117,0.9818061757298959,-0.12634375242786808,-0.07],[-0.15315805459311954,0.10434296491154864,0.9826775442568728,-0.01]]]
[[[900.69287109375,0,623.7501220703125],[0,900.69287109375,373.2276306152344],[0,0,1]],[[0.9563960125398896,0.16889448603842486,0.23828831231014216,-0.58],[-0.13873268384543028,0.9806343242169335,-0.1382373487905575,-0.07],[-0.2570212240863455,0.099151272071591,0.9613059427756295,-0.01]]]
[[[900.69287109375,0,623.7501220703125],[0,900.69287109375,373.2276306152344],[0,0,1]],[[0.936187154907036,0.1772237605729561,0.3035545250452528,-0.58],[-0.1391816455960246,0.9799091846072305,-0.14285117938461425,-0.07],[-0.3227724903337521,0.09148622087927868,0.9420446862399764,-0.02]]]
[[[900.69287109375,0,623.7501220703125],[0,900.69287109375,373.2276306152344],[0,0,1]],[[0.9280446640742601,0.18341256347731305,0.32418040200168563,-0.58],[-0.14308343930032247,0.9791268571155352,-0.14435278685583297,-0.07],[-0.34388985283268364,0.08758098671364245,0.9349167555910954,-0.02]]]
[[[900.69287109375,0,623.7501220703125],[0,900.69287109375,373.2276306152344],[0,0,1]],[[0.9332175783291795,0.18859724304299713,0.3058366090153404,-0.58],[-0.1501350008128075,0.9779798358431865,-0.1449652448522485,-0.07],[-0.32644208219584653,0.08936733519980748,0.9409830212979007,-0.02]]]
[[[900.69287109375,0,623.7501220703125],[0,900.69287109375,373.2276306152344],[0,0,1]],[[0.9505235902404187,0.19562446884607942,0.24132130362890428,-0.58],[-0.16375401487990987,0.975652135258541,-0.14590247967789954,-0.07],[-0.26398774025923016,0.09916641646312997,0.9594146626139743,-0.02]]]
[[[900.69287109375,0,623.7501220703125],[0,900.69287109375,373.2276306152344],[0,0,1]],[[0.97169033787866,0.1947652039505708,0.13373257869101318,-0.59],[-0.17785948978408625,0.9756218443902549,-0.1285613419434538,-0.07],[-0.15551170106136705,0.1011362055776748,0.9826431594197104,-0.01]]]
[[[900.69287109375,0,623.7501220703125],[0,900.69287109375,373.2276306152344],[0,0,1]],[[0.9820163382610673,0.18879586866954495,-0.00017709217156271564,-0.59],[-0.18786775994977215,0.9770950486519215,-0.09995484316106903,-0.07],[-0.018698025558333203,0.09819055898206841,0.9949919587448981,-0.0]]]
[[[900.69287109375,0,623.7501220703125],[0,900.69287109375,373.2276306152344],[0,0,1]],[[0.9733640644621224,0.18321678663485122,-0.13781874730593308,-0.59],[-0.1938454503376903,0.9786718279439857,-0.06801025343399117,-0.07],[0.12241870525845006,0.0929142738441036,0.9881197287367901,0.0]]]
[[[900.69287109375,0,623.7501220703125],[0,900.69287109375,373.2276306152344],[0,0,1]],[[0.9480118783363279,0.17827246079664552,-0.26361412757046165,-0.59],[-0.1952849088382847,0.9799474217414814,-0.03958351932617746,-0.07],[0.25127133325003465,0.0890055073786534,0.9638157172110332,0.0]]]
[[[900.69287109375,0,623.7501220703125],[0,900.69287109375,373.2276306152344],[0,0,1]],[[0.8633256218047382,0.16123012724100488,-0.47819840736383845,-0.59],[-0.18056634929920892,0.9835467219490399,0.005624877247906265,-0.07],[0.4712373756783499,0.08149044001076025,0.8782338207736221,0.01]]]
[[[900.69287109375,0,623.7501220703125],[0,900.69287109375,373.2276306152344],[0,0,1]],[[0.8173039232496353,0.15547761719546035,-0.5548342163132841,-0.59],[-0.17363071006927228,0.9846048515807696,0.02014107158150079,-0.07],[0.5494239470223287,0.0798748821271914,0.831717097121114,0.01]]]
[[[900.69287109375,0,623.7501220703125],[0,900.69287109375,373.2276306152344],[0,0,1]],[[0.7735345147805401,0.1536373097866058,-0.6148495193824005,-0.59],[-0.17081836509766862,0.9848091409302985,0.03117758947524986,-0.07],[0.6102994679569973,0.0809106481352247,0.7880279350567111,0.01]]]
[[[900.69287109375,0,623.7501220703125],[0,900.69287109375,373.2276306152344],[0,0,1]],[[0.7422152874826424,0.15401792025739483,-0.6522230809061,-0.59],[-0.17004725296864975,0.9846634154930302,0.039011407913794316,-0.07],[0.6482286624215828,0.08195387989099223,0.7570225642515145,0.01]]]
[[[900.69287109375,0,623.7501220703125],[0,900.69287109375,373.2276306152344],[0,0,1]],[[0.745802212630897,0.1560693995186847,-0.6476275180755799,-0.59],[-0.17459344650628836,0.9839798842070522,0.036065439314284506,-0.07],[0.6428811617024676,0.08617383599303033,0.7611030691820472,0.02]]]
[[[900.69287109375,0,623.7501220703125],[0,900.69287109375,373.2276306152344],[0,0,1]],[[0.7855672315750021,0.15745691299196146,-0.5984074241072123,-0.59],[-0.18259163876059256,0.9830060953102083,0.01895547513777744,-0.07],[0.5912228159757608,0.0943733920870682,0.8009676926915793,0.02]]]
[[[900.69287109375,0,623.7501220703125],[0,900.69287109375,373.2276306152344],[0,0,1]],[[0.8457996329632704,0.16287256155548366,-0.5080310124112033,-0.59],[-0.1925949846859591,0.9812596496865,-0.006055722165212912,-0.07],[0.49752402228737885,0.10296615263999262,0.8613174900450504,0.02]]]
[[[900.69287109375,0,623.7501220703125],[0,900.69287109375,373.2276306152344],[0,0,1]],[[0.9116330863639769,0.18905158942594946,-0.3649446703022421,-0.58],[-0.21381740487412718,0.9764641907728713,-0.02828076220993736,-0.07],[0.35100887911758516,0.10381320086484028,0.9305995841965613,0.02]]]
[[[900.69287109375,0,623.7501220703125],[0,900.69287109375,373.2276306152344],[0,0,1]],[[0.9712497474049074,0.2273253785266794,0.07069017218542951,-0.59],[-0.2166311098065838,0.9670793799122894,-0.13352316358006855,-0.07],[-0.09871621158589694,0.1143706484468976,0.9885213524977418,0.01]]]
[[[900.69287109375,0,623.7501220703125],[0,900.69287109375,373.2276306152344],[0,0,1]],[[0.9523930896453805,0.23032014256900718,0.19974993046987122,-0.59],[-0.19879923875242836,0.9659023255828214,-0.16586609088403895,-0.07],[-0.23114122407563123,0.11825958464619044,0.9657061691695509,0.01]]]
[[[900.69287109375,0,623.7501220703125],[0,900.69287109375,373.2276306152344],[0,0,1]],[[0.9251882514026593,0.2402775989617348,0.29375734016986427,-0.59],[-0.19377106468254746,0.9646282380039984,-0.17873202549373501,-0.07],[-0.32631192739199966,0.10843909757317637,0.9390215589427292,-0.0]]]
[[[900.69287109375,0,623.7501220703125],[0,900.69287109375,373.2276306152344],[0,0,1]],[[0.9191304346913356,0.24869500319276086,0.30553238684478146,-0.59],[-0.20491245563609375,0.9641872942028643,-0.16838570967556887,-0.07],[-0.33646712996859357,0.09216103886519353,0.9371745906531962,-0.0]]]
[[[900.69287109375,0,623.7501220703125],[0,900.69287109375,373.2276306152344],[0,0,1]],[[0.9386091451882966,0.25390579320263634,0.23354811227461275,-0.59],[-0.22279755463709547,0.9630126040799303,-0.15155188560661964,-0.07],[-0.2633896775058307,0.09021403749601024,0.9604620269547584,-0.0]]]
[[[900.69287109375,0,623.7501220703125],[0,900.69287109375,373.2276306152344],[0,0,1]],[[0.9609290148545223,0.2526083779726385,0.11315668689365994,-0.59],[-0.23928239838461807,0.9636112624099534,-0.11915229238248316,-0.07],[-0.13913792521818816,0.08742049150358532,0.9864067596236602,0.0]]]
[[[900.69287109375,0,623.7501220703125],[0,900.69287109375,373.2276306152344],[0,0,1]],[[0.9681303852069897,0.24875044509972008,-0.029099369437443325,-0.59],[-0.2502999589423781,0.9649868422741456,-0.07842400647261859,-0.07],[0.008572502109040007,0.08320823457125284,0.9964953095259033,0.02]]]
[[[900.69287109375,0,623.7501220703125],[0,900.69287109375,373.2276306152344],[0,0,1]],[[0.8610496664268699,0.22474121422235643,-0.45616319292117025,-0.59],[-0.23142109938990466,0.9719454771219033,0.04202694682514668,-0.07],[0.4528109392487595,0.06937849906229406,0.8889031877344796,0.03]]]
[[[900.69287109375,0,623.7501220703125],[0,900.69287109375,373.2276306152344],[0,0,1]],[[0.7915562656168977,0.2223669185621244,-0.5692026281490773,-0.59],[-0.21710209296733585,0.9730107914442946,0.07820921277029927,-0.07],[0.5712314413544071,0.061668089496377365,0.8184691119071221,0.03]]]
[[[900.69287109375,0,623.7501220703125],[0,900.69287109375,373.2276306152344],[0,0,1]],[[0.741496760814227,0.2173504165459596,-0.6347766143528815,-0.59],[-0.20495996709517295,0.9742303701320247,0.09416261360414645,-0.07],[0.6388849392420787,0.06028252101327563,0.7669367979631238,0.03]]]
[[[900.69287109375,0,623.7501220703125],[0,900.69287109375,373.2276306152344],[0,0,1]],[[0.7370521377886659,0.21240118259712426,-0.6415916799744996,-0.6],[-0.20188206688251184,0.975180818285069,0.09091756002064841,-0.07],[0.6449788967496554,0.0625148724721268,0.7616390965985078,0.03]]]
[[[900.69287109375,0,623.7501220703125],[0,900.69287109375,373.2276306152344],[0,0,1]],[[0.7750330598092846,0.2105058776156864,-0.5958280219089294,-0.6],[-0.20893496080299218,0.9752183765320217,0.07276881357078788,-0.07],[0.5963806991820829,0.0680910681624074,0.7998085196342887,0.04]]]
[[[900.69287109375,0,623.7501220703125],[0,900.69287109375,373.2276306152344],[0,0,1]],[[0.8352605242281933,0.20936454929125115,-0.5084351897401624,-0.6],[-0.21912834482537077,0.9748161942226403,0.04142651295222982,-0.07],[0.5043040998843229,0.07681063065330959,0.8601031925638363,0.04]]]
[[[900.69287109375,0,623.7501220703125],[0,900.69287109375,373.2276306152344],[0,0,1]],[[0.9089537954083455,0.2037710416906046,-0.36370367111302215,-0.6],[-0.2232784639580269,0.9746817296221536,-0.011927006049767291,-0.07],[0.35206494478335615,0.09204829443880527,0.9314383426430326,0.04]]]
[[[900.69287109375,0,623.7501220703125],[0,900.69287109375,373.2276306152344],[0,0,1]],[[0.9549265701652595,0.20571619517729337,-0.21400021643491726,-0.6],[-0.2219755085388267,0.9735177235252959,-0.05468194940796167,-0.16],[0.19708404096055812,0.09972005326865482,0.9753018977602544,0.06]]]
[[[900.69287109375,0,623.7501220703125],[0,900.69287109375,373.2276306152344],[0,0,1]],[[0.967109075176849,0.23503179339196573,0.09726300841294357,-0.69],[-0.22355979134375734,0.9677955103252162,-0.11572756753984847,-0.14],[-0.12133036060655093,0.0901770829496654,0.9885074796407832,-0.19]]]
[[[900.69287109375,0,623.7501220703125],[0,900.69287109375,373.2276306152344],[0,0,1]],[[0.9523288010095847,0.24790572177036677,0.17779934724615878,-0.69],[-0.22944641406546562,0.9661282625430742,-0.11811233376747557,-0.14],[-0.20105769778883262,0.07168635455241225,0.9769528487756408,-0.19]]]
[[[900.69287109375,0,623.7501220703125],[0,900.69287109375,373.2276306152344],[0,0,1]],[[0.9417509558345187,0.2573901484903214,0.21646119431644217,-0.69],[-0.23592527284270196,0.9643076409311317,-0.12020831616794247,-0.14],[-0.23967561999266188,0.06213763032145413,0.9688624835750259,-0.2]]]
[[[900.69287109375,0,623.7501220703125],[0,900.69287109375,373.2276306152344],[0,0,1]],[[0.938720789760727,0.2638803559475222,0.22174407910022267,-0.69],[-0.24202200362077655,0.9626892209863743,-0.12105706736920666,-0.14],[-0.24541521679468375,0.059971839572059364,0.9675612382810513,-0.2]]]
[[[900.69287109375,0,623.7501220703125],[0,900.69287109375,373.2276306152344],[0,0,1]],[[0.9413444507586418,0.2674969949401112,0.2057084896739102,-0.69],[-0.2463254657317223,0.9613616249109574,-0.12291294106241966,-0.14],[-0.23063909026433743,0.06503217547163763,0.9708637526426996,-0.2]]]
[[[900.69287109375,0,623.7501220703125],[0,900.69287109375,373.2276306152344],[0,0,1]],[[0.9495262264034482,0.2688109420435012,0.16168061977155168,-0.7],[-0.24989455131898833,0.9597607801690572,-0.12810916466187755,-0.14],[-0.18961186300732646,0.08123990575430272,0.9784924215955496,-0.21]]]
