[[[900.69287109375,0,623.7501220703125],[0,900.69287109375,373.2276306152344],[0,0,1]],[[9.98943627e-01,4.59519438e-02,-7.19535165e-05,-0.00000000e+00],[-4.59341100e-02,9.98597150e-01,2.63409200e-02,-0.00000000e+00],[1.28227000e-03,-2.63097900e-02,9.99653040e-01,-0.00000000e+00]]]
[[[900.69287109375,0,623.7501220703125],[0,900.69287109375,373.2276306152344],[0,0,1]],[[9.98944819e-01,4.59267013e-02,-1.02986465e-04,-0.00000000e+00],[-4.59087300e-02,9.98611750e-01,2.58249400e-02,-0.00000000e+00],[1.28890000e-03,-2.57929600e-02,9.99666450e-01,-0.00000000e+00]]]
[[[900.69287109375,0,623.7501220703125],[0,900.69287109375,373.2276306152344],[0,0,1]],[[9.98940825e-01,4.60124016e-02,-2.33568717e-04,-0.00000000e+00],[-4.59911900e-02,9.98610850e-01,2.57126600e-02,-0.00000000e+00],[1.41635000e-03,-2.56746900e-02,9.99669370e-01,-0.00000000e+00]]]
[[[900.69287109375,0,623.7501220703125],[0,900.69287109375,373.2276306152344],[0,0,1]],[[9.98941779e-01,4.59919386e-02,-7.09473970e-05,-0.00000000e+00],[-4.59745900e-02,9.98605070e-01,2.59667100e-02,-0.00000000e+00],[1.26511000e-03,-2.59359700e-02,9.99662820e-01,-0.00000000e+00]]]
[[[900.69287109375,0,623.7501220703125],[0,900.69287109375,373.2276306152344],[0,0,1]],[[9.98940349e-01,4.60235067e-02,5.96981845e-05,-0.00000000e+00],[-4.60092100e-02,9.98595950e-01,2.62543400e-02,-0.00000000e+00],[1.14870000e-03,-2.62292700e-02,9.99655310e-01,-0.00000000e+00]]]
[[[900.69287109375,0,623.7501220703125],[0,900.69287109375,373.2276306152344],[0,0,1]],[[0.98619545,0.03586565,0.16165462,-0.01],[-0.0383292,0.99919134,0.01214585,-0.],[-0.16108829,-0.01817427,0.98677266,-0.01]]]
[[[900.69287109375,0,623.7501220703125],[0,900.69287109375,373.2276306152344],[0,0,1]],[[0.89128178,0.01146856,0.45330462,-0.02],[-0.01108156,0.99993253,-0.00350974,-0.],[-0.4533143,-0.00189516,0.89134884,-0.01]]]
[[[900.69287109375,0,623.7501220703125],[0,900.69287109375,373.2276306152344],[0,0,1]],[[0.77541375,-0.00349055,0.63144368,-0.02],[0.0112959,0.99990153,-0.00834403,-0.],[-0.63135237,0.0136028,0.77537692,-0.02]]]
[[[900.69287109375,0,623.7501220703125],[0,900.69287109375,373.2276306152344],[0,0,1]],[[0.6943773,-0.01364667,0.71948165,-0.13],[0.03092589,0.99946249,-0.01088963,-0.01],[-0.71894634,0.02981212,0.6944263,-0.07]]]
[[[900.69287109375,0,623.7501220703125],[0,900.69287109375,373.2276306152344],[0,0,1]],[[0.69649267,-0.01540025,0.71739852,-0.13],[0.03146866,0.99946332,-0.00909633,-0.01],[-0.71687359,0.0289111,0.69660383,-0.07]]]
[[[900.69287109375,0,623.7501220703125],[0,900.69287109375,373.2276306152344],[0,0,1]],[[0.68648857,-0.01714204,0.72693849,-0.13],[0.03214146,0.99946028,-0.00678455,-0.02],[-0.72643,0.02802239,0.68666929,-0.07]]]
[[[900.69287109375,0,623.7501220703125],[0,900.69287109375,373.2276306152344],[0,0,1]],[[0.72597015,-0.0114171,0.68763143,-0.14],[0.02776486,0.99953353,-0.01271711,-0.02],[-0.68716568,0.02832424,0.72594893,-0.06]]]
[[[900.69287109375,0,623.7501220703125],[0,900.69287109375,373.2276306152344],[0,0,1]],[[0.97920024,0.02669091,0.20113337,-0.18],[-0.02489029,0.99962431,-0.01147647,-0.01],[-0.20136401,0.00623151,0.97949713,-0.18]]]
[[[900.69287109375,0,623.7501220703125],[0,900.69287109375,373.2276306152344],[0,0,1]],[[0.99396133,0.03993782,0.10220479,-0.19],[-0.0391665,0.99918711,-0.00954331,-0.01],[-0.10250271,0.00548269,0.99471819,-0.18]]]
[[[900.69287109375,0,623.7501220703125],[0,900.69287109375,373.2276306152344],[0,0,1]],[[0.99861556,0.04970016,-0.01724376,-0.19],[-0.04981709,0.99873775,-0.00641884,-0.01],[0.01690315,0.007269,0.99983132,-0.18]]]
[[[900.69287109375,0,623.7501220703125],[0,900.69287109375,373.2276306152344],[0,0,1]],[[0.99586064,0.05875121,-0.06935831,-0.19],[-0.0591718,0.99823993,-0.00402346,-0.01],[0.06900004,0.00811087,0.9975844,-0.17]]]
[[[900.69287109375,0,623.7501220703125],[0,900.69287109375,373.2276306152344],[0,0,1]],[[0.98151511,0.04215015,0.18668815,-0.18],[-0.04042892,0.99909782,-0.01301928,-0.01],[-0.18706836,0.00523102,0.98233372,-0.16]]]
[[[900.69287109375,0,623.7501220703125],[0,900.69287109375,373.2276306152344],[0,0,1]],[[0.84189254,0.00520448,0.53962147,-0.24],[0.01175692,0.99953961,-0.02798289,-0.01],[-0.53951848,0.02990286,0.8414436,-0.25]]]
[[[900.69287109375,0,623.7501220703125],[0,900.69287109375,373.2276306152344],[0,0,1]],[[0.75164747,-0.00487863,0.65954816,-0.24],[0.03035964,0.99916923,-0.02720831,-0.01],[-0.65886706,0.04047468,0.75117093,-0.26]]]
[[[900.69287109375,0,623.7501220703125],[0,900.69287109375,373.2276306152344],[0,0,1]],[[0.66596365,-0.01424956,0.74584913,-0.29],[0.04581215,0.99871236,-0.02182483,-0.01],[-0.74457717,0.04870345,0.66575855,-0.24]]]
[[[900.69287109375,0,623.7501220703125],[0,900.69287109375,373.2276306152344],[0,0,1]],[[0.67069972,-0.01697467,0.74153572,-0.3],[0.05011961,0.99849105,-0.0224752,-0.],[-0.74003476,0.05223957,0.67053801,-0.24]]]
[[[900.69287109375,0,623.7501220703125],[0,900.69287109375,373.2276306152344],[0,0,1]],[[0.97316867,0.01024677,0.22986832,-0.29],[-0.00416043,0.99962896,-0.02694662,-0.],[-0.23005882,0.02526725,0.97284955,-0.24]]]
[[[900.69287109375,0,623.7501220703125],[0,900.69287109375,373.2276306152344],[0,0,1]],[[0.99827701,0.03552539,0.0467234,-0.29],[-0.03437187,0.99909055,-0.0252642,-0.],[-0.04757825,0.02361469,0.99858928,-0.24]]]
[[[900.69287109375,0,623.7501220703125],[0,900.69287109375,373.2276306152344],[0,0,1]],[[0.98951006,0.05241394,-0.1346291,-0.3],[-0.05543452,0.99828655,-0.01878407,-0.],[0.13341387,0.02605011,0.99071896,-0.24]]]
[[[900.69287109375,0,623.7501220703125],[0,900.69287109375,373.2276306152344],[0,0,1]],[[0.96846634,0.06779668,-0.23974806,-0.29],[-0.07265932,0.99729156,-0.01149144,-0.],[0.23831952,0.02854898,0.97076821,-0.24]]]
[[[900.69287109375,0,623.7501220703125],[0,900.69287109375,373.2276306152344],[0,0,1]],[[0.98630446,0.07087794,-0.14893876,-0.32],[-0.07411209,0.99711823,-0.01627112,0.01],[0.1473563,0.02708643,0.98871374,-0.19]]]
[[[900.69287109375,0,623.7501220703125],[0,900.69287109375,373.2276306152344],[0,0,1]],[[0.971775,0.02473425,0.2346155,-0.32],[-0.0169978,0.99924588,-0.0349404,0.01],[-0.23530233,0.02996623,0.97146136,-0.2]]]
[[[900.69287109375,0,623.7501220703125],[0,900.69287109375,373.2276306152344],[0,0,1]],[[0.81029749,-0.01148692,0.58590859,-0.33],[0.04260046,0.99831843,-0.03934308,0.01],[-0.58447033,0.0568395,0.80942345,-0.21]]]
[[[900.69287109375,0,623.7501220703125],[0,900.69287109375,373.2276306152344],[0,0,1]],[[0.7317242,-0.01974827,0.68131697,-0.39],[0.06171008,0.99739575,-0.03736575,-0.04],[-0.67880338,0.06938545,0.73103642,-0.32]]]
[[[900.69287109375,0,623.7501220703125],[0,900.69287109375,373.2276306152344],[0,0,1]],[[0.7041952,-0.02219017,0.70966178,-0.4],[0.06890279,0.99693078,-0.03719934,-0.04],[-0.70665681,0.07509317,0.70356208,-0.33]]]
[[[900.69287109375,0,623.7501220703125],[0,900.69287109375,373.2276306152344],[0,0,1]],[[0.82155102,-0.0114543,0.57002252,-0.41],[0.04386434,0.9981057,-0.04316353,-0.04],[-0.56844741,0.06046464,0.82049632,-0.32]]]
[[[900.69287109375,0,623.7501220703125],[0,900.69287109375,373.2276306152344],[0,0,1]],[[0.9524799,0.01808672,0.30406916,-0.41],[-0.00603722,0.99916166,-0.04052113,-0.04],[-0.30454645,0.0367598,0.95178944,-0.32]]]
[[[900.69287109375,0,623.7501220703125],[0,900.69287109375,373.2276306152344],[0,0,1]],[[0.98991281,0.03029654,0.13841112,-0.41],[-0.02570131,0.99906248,-0.03486771,-0.04],[-0.13933726,0.03095863,0.98976237,-0.31]]]
[[[900.69287109375,0,623.7501220703125],[0,900.69287109375,373.2276306152344],[0,0,1]],[[0.99742734,0.05410412,-0.0470563,-0.41],[-0.05563961,0.9979403,-0.03195742,-0.04],[0.04523062,0.03449339,0.99838233,-0.3]]]
[[[900.69287109375,0,623.7501220703125],[0,900.69287109375,373.2276306152344],[0,0,1]],[[0.99418026,0.06120889,-0.08866782,-0.41],[-0.06412371,0.9974795,-0.03040447,-0.04],[0.08658355,0.03591323,0.99559855,-0.29]]]
[[[900.69287109375,0,623.7501220703125],[0,900.69287109375,373.2276306152344],[0,0,1]],[[0.99248856,0.06478676,-0.10378838,-0.41],[-0.0681908,0.99723428,-0.02958915,-0.05],[0.10158457,0.03644431,0.99416071,-0.29]]]
[[[900.69287109375,0,623.7501220703125],[0,900.69287109375,373.2276306152344],[0,0,1]],[[0.99375921,0.05715891,0.09580418,-0.4],[-0.05330541,0.99768239,-0.04231222,-0.05],[-0.09800031,0.03694126,0.99450207,-0.3]]]
[[[900.69287109375,0,623.7501220703125],[0,900.69287109375,373.2276306152344],[0,0,1]],[[0.79810387,0.01046594,0.60243136,-0.41],[0.03185755,0.99771839,-0.05953823,-0.05],[-0.60167938,0.06670963,0.79594892,-0.32]]]
[[[900.69287109375,0,623.7501220703125],[0,900.69287109375,373.2276306152344],[0,0,1]],[[0.73251909,0.00293703,0.68074226,-0.42],[0.04842302,0.99723351,-0.05640857,-0.05],[-0.6790241,0.0742839,0.73034984,-0.32]]]
[[[900.69287109375,0,623.7501220703125],[0,900.69287109375,373.2276306152344],[0,0,1]],[[0.64207745,-0.00595504,0.76661849,-0.42],[0.06912697,0.99634677,-0.05015739,-0.05],[-0.76351863,0.0851989,0.64014298,-0.31]]]
[[[900.69287109375,0,623.7501220703125],[0,900.69287109375,373.2276306152344],[0,0,1]],[[0.73183644,-0.00131424,0.68148118,-0.42],[0.05480868,0.99687296,-0.05693605,-0.05],[-0.67927486,0.07901891,0.72961932,-0.32]]]
[[[900.69287109375,0,623.7501220703125],[0,900.69287109375,373.2276306152344],[0,0,1]],[[0.93314028,0.02237818,0.35881934,-0.45],[-0.00246814,0.99843681,-0.05585,-0.01],[-0.35950804,0.05123024,0.93173599,-0.45]]]
[[[900.69287109375,0,623.7501220703125],[0,900.69287109375,373.2276306152344],[0,0,1]],[[0.97721642,0.04346811,0.20775308,-0.45],[-0.03375433,0.99817556,-0.05007621,-0.01],[-0.20955078,0.04192272,0.97690004,-0.45]]]
[[[900.69287109375,0,623.7501220703125],[0,900.69287109375,373.2276306152344],[0,0,1]],[[0.9951179,0.04907794,0.0856408,-0.45],[-0.04518539,0.99788183,-0.04681379,-0.01],[-0.08775706,0.04271551,0.9952271,-0.45]]]
[[[900.69287109375,0,623.7501220703125],[0,900.69287109375,373.2276306152344],[0,0,1]],[[0.99418539,0.07100498,-0.08097316,-0.45],[-0.07455257,0.99634725,-0.04166189,-0.01],[0.07771892,0.04745639,0.99584675,-0.45]]]
[[[900.69287109375,0,623.7501220703125],[0,900.69287109375,373.2276306152344],[0,0,1]],[[0.98789012,0.07902259,-0.13353491,-0.45],[-0.08482035,0.99566096,-0.0382933,-0.01],[0.12992918,0.04915604,0.9903059,-0.44]]]
[[[900.69287109375,0,623.7501220703125],[0,900.69287109375,373.2276306152344],[0,0,1]],[[0.98567176,0.08137899,-0.14775483,-0.45],[-0.08766088,0.99548203,-0.03650345,-0.01],[0.14411639,0.04893272,0.988352,-0.44]]]
[[[900.69287109375,0,623.7501220703125],[0,900.69287109375,373.2276306152344],[0,0,1]],[[0.99696267,0.07513623,0.0205633,-0.59],[-0.07482167,0.99707478,-0.01565998,0.03],[-0.02168001,0.01407384,0.99966782,-0.44]]]
[[[900.69287109375,0,623.7501220703125],[0,900.69287109375,373.2276306152344],[0,0,1]],[[9.15908158e-01,-2.78477703e-04,4.01391715e-01,-7.30000000e-01],[1.93687200e-02,9.98866620e-01,-4.35031100e-02,8.00000000e-02],[-4.00924590e-01,4.76192900e-02,9.14874790e-01,-5.00000000e-01]]]
[[[900.69287109375,0,623.7501220703125],[0,900.69287109375,373.2276306152344],[0,0,1]],[[0.82763666,-0.0150242,0.56106603,-0.73],[0.04457881,0.9982444,-0.03902787,0.08],[-0.55949438,0.05731253,0.82685268,-0.51]]]
[[[900.69287109375,0,623.7501220703125],[0,900.69287109375,373.2276306152344],[0,0,1]],[[0.81119668,-0.01982485,0.58443969,-0.75],[0.05095316,0.99802148,-0.03686848,0.09],[-0.58255225,0.05968661,0.81060135,-0.51]]]
[[[900.69287109375,0,623.7501220703125],[0,900.69287109375,373.2276306152344],[0,0,1]],[[0.84948957,-0.01478495,0.52740151,-0.75],[0.0396352,0.99857229,-0.03584716,0.08],[-0.52611822,0.05135541,0.84886205,-0.5]]]
[[[900.69287109375,0,623.7501220703125],[0,900.69287109375,373.2276306152344],[0,0,1]],[[0.97070575,-0.01582461,0.23975761,-0.84],[0.02564979,0.99895304,-0.03791471,0.13],[-0.23890647,0.04295372,0.97009444,-0.54]]]
[[[900.69287109375,0,623.7501220703125],[0,900.69287109375,373.2276306152344],[0,0,1]],[[0.98840392,0.04631167,-0.1446266,-0.85],[-0.05160552,0.99812138,-0.03306753,0.13],[0.14282322,0.04014757,0.98893583,-0.54]]]
[[[900.69287109375,0,623.7501220703125],[0,900.69287109375,373.2276306152344],[0,0,1]],[[0.96296203,0.0568624,-0.26358011,-0.86],[-0.065951,0.99749172,-0.02575519,0.13],[0.26145411,0.04218461,0.96429574,-0.54]]]
[[[900.69287109375,0,623.7501220703125],[0,900.69287109375,373.2276306152344],[0,0,1]],[[0.93709856,0.06880163,-0.34222192,-0.86],[-0.08073691,0.99652106,-0.02073558,0.13],[0.33960426,0.04706119,0.93939251,-0.53]]]
[[[900.69287109375,0,623.7501220703125],[0,900.69287109375,373.2276306152344],[0,0,1]],[[0.94655502,0.06942289,-0.3149879,-0.87],[-0.08035699,0.99652809,-0.02184352,0.13],[0.3123773,0.04598753,0.9488464,-0.53]]]
[[[900.69287109375,0,623.7501220703125],[0,900.69287109375,373.2276306152344],[0,0,1]],[[0.99605322,0.05457085,0.07002249,-0.87],[-0.05156345,0.99769855,-0.04406182,0.13],[-0.07226596,0.04027729,0.99657387,-0.53]]]
[[[900.69287109375,0,623.7501220703125],[0,900.69287109375,373.2276306152344],[0,0,1]],[[0.884624,0.00160066,0.46630529,-0.88],[0.02601493,0.9982686,-0.05277941,0.13],[-0.46558222,0.05882081,0.88305008,-0.55]]]
[[[900.69287109375,0,623.7501220703125],[0,900.69287109375,373.2276306152344],[0,0,1]],[[0.84612358,-0.00667888,0.53294784,-0.89],[0.03976785,0.99792683,-0.05063059,0.13],[-0.53150451,0.06403389,0.84463412,-0.54]]]
[[[900.69287109375,0,623.7501220703125],[0,900.69287109375,373.2276306152344],[0,0,1]],[[0.82387048,-0.01167488,0.56666088,-0.9],[0.04794922,0.99764091,-0.04915918,0.13],[-0.56474978,0.06767169,0.82248557,-0.54]]]
[[[900.69287109375,0,623.7501220703125],[0,900.69287109375,373.2276306152344],[0,0,1]],[[0.90263438,-0.00460693,0.43038768,-0.94],[0.03009911,0.99817187,-0.052441,0.14],[-0.42935899,0.06028927,0.90112168,-0.55]]]
[[[900.69287109375,0,623.7501220703125],[0,900.69287109375,373.2276306152344],[0,0,1]],[[0.9836396,0.02496847,0.17841914,-0.95],[-0.0153784,0.99837333,-0.05493259,0.14],[-0.17950056,0.05129001,0.98242205,-0.55]]]
[[[900.69287109375,0,623.7501220703125],[0,900.69287109375,373.2276306152344],[0,0,1]],[[0.99378759,0.05071012,-0.09908915,-0.95],[-0.05502192,0.99763334,-0.041276,0.14],[0.09676108,0.0464716,0.99422443,-0.54]]]
[[[900.69287109375,0,623.7501220703125],[0,900.69287109375,373.2276306152344],[0,0,1]],[[0.95114887,0.07177957,-0.30027905,-0.95],[-0.08489565,0.99591398,-0.03084507,0.14],[0.29683736,0.05483055,0.95335507,-0.54]]]
[[[900.69287109375,0,623.7501220703125],[0,900.69287109375,373.2276306152344],[0,0,1]],[[0.93269205,0.07835269,-0.35206568,-0.95],[-0.09354492,0.99526876,-0.02632071,0.14],[0.34833694,0.05748298,0.93560773,-0.54]]]
[[[900.69287109375,0,623.7501220703125],[0,900.69287109375,373.2276306152344],[0,0,1]],[[0.95136231,0.0863505,-0.29573193,-0.96],[-0.09888862,0.99471515,-0.02767622,0.14],[0.29177848,0.05557454,0.95487249,-0.53]]]
[[[900.69287109375,0,623.7501220703125],[0,900.69287109375,373.2276306152344],[0,0,1]],[[9.97432709e-01,7.16378763e-02,5.61984605e-04,-9.60000000e-01],[-7.15299000e-02,9.96302780e-01,-4.76161100e-02,1.40000000e-01],[-3.97133000e-03,4.74535900e-02,9.98867930e-01,-5.40000000e-01]]]
[[[900.69287109375,0,623.7501220703125],[0,900.69287109375,373.2276306152344],[0,0,1]],[[0.95230454,0.02851286,0.30382162,-0.96],[-0.01035461,0.99807268,-0.06121077,0.14],[-0.30498129,0.05514529,0.95076323,-0.54]]]
[[[900.69287109375,0,623.7501220703125],[0,900.69287109375,373.2276306152344],[0,0,1]],[[0.8621071,0.00676078,0.50668561,-0.93],[0.02828973,0.99771094,-0.06144651,0.11],[-0.50594091,0.06730741,0.8599413,-0.49]]]
[[[900.69287109375,0,623.7501220703125],[0,900.69287109375,373.2276306152344],[0,0,1]],[[8.36413383e-01,6.90665736e-04,5.48102975e-01,-9.50000000e-01],[3.60104400e-02,9.97771020e-01,-5.62097600e-02,1.20000000e-01],[-5.46919580e-01,6.67519700e-02,8.34523140e-01,-5.00000000e-01]]]
[[[900.69287109375,0,623.7501220703125],[0,900.69287109375,373.2276306152344],[0,0,1]],[[0.85539663,-0.00487434,0.5179553,-0.96],[0.04033876,0.99754745,-0.05723126,0.12],[-0.51640564,0.06984907,0.85349429,-0.51]]]
[[[900.69287109375,0,623.7501220703125],[0,900.69287109375,373.2276306152344],[0,0,1]],[[0.98322833,0.0057723,0.18230046,-0.98],[0.00538613,0.99814618,-0.0606547,0.12],[-0.18231255,0.06061928,0.98137331,-0.52]]]
[[[900.69287109375,0,623.7501220703125],[0,900.69287109375,373.2276306152344],[0,0,1]],[[0.94687074,0.07786416,-0.31205454,-0.92],[-0.09276602,0.99513721,-0.03317347,0.13],[0.30795351,0.060359,0.9494881,-0.47]]]
[[[900.69287109375,0,623.7501220703125],[0,900.69287109375,373.2276306152344],[0,0,1]],[[0.91060013,0.08816003,-0.40378207,-0.92],[-0.10727339,0.99391943,-0.02491248,0.13],[0.39912996,0.06600033,0.91451931,-0.46]]]
[[[900.69287109375,0,623.7501220703125],[0,900.69287109375,373.2276306152344],[0,0,1]],[[0.89199388,0.09313851,-0.44235384,-0.92],[-0.11354575,0.99333727,-0.0198126,0.13],[0.43756068,0.06790005,0.89662504,-0.46]]]
[[[900.69287109375,0,623.7501220703125],[0,900.69287109375,373.2276306152344],[0,0,1]],[[0.89235908,0.09553767,-0.44110399,-0.92],[-0.11664844,0.99295509,-0.02091957,0.13],[0.43599728,0.07012178,0.89721543,-0.46]]]
[[[900.69287109375,0,623.7501220703125],[0,900.69287109375,373.2276306152344],[0,0,1]],[[0.98888052,0.07872047,-0.1261884,-0.88],[-0.08609502,0.99481994,-0.05408581,0.14],[0.12127709,0.06434853,0.99053389,-0.57]]]
[[[900.69287109375,0,623.7501220703125],[0,900.69287109375,373.2276306152344],[0,0,1]],[[0.97051436,0.04022973,0.2376741,-0.89],[-0.02338337,0.99703956,-0.07327981,0.14],[-0.23991787,0.0655614,0.96858019,-0.58]]]
[[[900.69287109375,0,623.7501220703125],[0,900.69287109375,373.2276306152344],[0,0,1]],[[0.87667173,0.00280203,0.48108649,-0.92],[0.0314456,0.99751306,-0.06311238,0.16],[-0.48006594,0.07045681,0.87440193,-0.61]]]
[[[900.69287109375,0,623.7501220703125],[0,900.69287109375,373.2276306152344],[0,0,1]],[[0.83040184,-0.00611657,0.55713654,-0.93],[0.04884893,0.9968906,-0.06186397,0.16],[-0.55502462,0.07858736,0.82811707,-0.62]]]
[[[900.69287109375,0,623.7501220703125],[0,900.69287109375,373.2276306152344],[0,0,1]],[[0.835697,-0.02372293,0.54868364,-0.91],[0.06554648,0.99623603,-0.0567601,0.15],[-0.54527062,0.08339839,0.83410478,-0.56]]]
[[[900.69287109375,0,623.7501220703125],[0,900.69287109375,373.2276306152344],[0,0,1]],[[0.94641173,-0.01322172,0.32270148,-0.91],[0.03796343,0.99679142,-0.07049772,0.15],[-0.32073316,0.0789706,0.94387501,-0.56]]]
[[[900.69287109375,0,623.7501220703125],[0,900.69287109375,373.2276306152344],[0,0,1]],[[0.95347226,0.01988395,-0.30083477,-0.91],[-0.04392278,0.99634045,-0.07335582,0.15],[0.29827476,0.08315612,0.95085418,-0.56]]]
[[[900.69287109375,0,623.7501220703125],[0,900.69287109375,373.2276306152344],[0,0,1]],[[0.88358182,0.04164203,-0.46642837,-0.91],[-0.07818491,0.99517822,-0.05926217,0.15],[0.46171066,0.08883049,0.88257515,-0.55]]]
[[[900.69287109375,0,623.7501220703125],[0,900.69287109375,373.2276306152344],[0,0,1]],[[0.88695461,0.04988773,-0.45916146,-0.91],[-0.09050586,0.99365062,-0.06686893,0.14],[0.45290932,0.10086636,0.88583624,-0.55]]]
[[[900.69287109375,0,623.7501220703125],[0,900.69287109375,373.2276306152344],[0,0,1]],[[0.98738831,0.024909,-0.15636685,-0.91],[-0.03870699,0.99556005,-0.0858267,0.14],[0.15353455,0.09079662,0.98396647,-0.56]]]
[[[900.69287109375,0,623.7501220703125],[0,900.69287109375,373.2276306152344],[0,0,1]],[[0.97844243,-0.01303485,0.20612447,-0.91],[0.03154647,0.99573004,-0.08677857,0.14],[-0.20411268,0.09141016,0.97467387,-0.57]]]
[[[900.69287109375,0,623.7501220703125],[0,900.69287109375,373.2276306152344],[0,0,1]],[[0.93303859,-0.03891734,0.35767481,-0.91],[0.06843828,0.99518132,-0.07024734,0.14],[-0.35321665,0.09002195,0.9312042,-0.57]]]
[[[900.69287109375,0,623.7501220703125],[0,900.69287109375,373.2276306152344],[0,0,1]],[[0.88792926,-0.0498106,0.45728299,-0.91],[0.08840258,0.99406904,-0.06337436,0.14],[-0.45141304,0.09669672,0.88706434,-0.58]]]
[[[900.69287109375,0,623.7501220703125],[0,900.69287109375,373.2276306152344],[0,0,1]],[[0.85767812,-0.05693353,0.51103228,-0.93],[0.10043562,0.99325937,-0.05790557,0.14],[-0.50428957,0.10098995,0.85761303,-0.58]]]
[[[900.69287109375,0,623.7501220703125],[0,900.69287109375,373.2276306152344],[0,0,1]],[[0.94264817,-0.04743966,0.33041054,-0.92],[0.0768787,0.99409604,-0.0766015,0.15],[-0.32482505,0.09760953,0.94072747,-0.58]]]
[[[900.69287109375,0,623.7501220703125],[0,900.69287109375,373.2276306152344],[0,0,1]],[[0.99945349,-0.02336186,-0.0235357,-0.92],[0.02110926,0.99555695,-0.09179223,0.15],[0.0255755,0.09124499,0.9955036,-0.56]]]
[[[900.69287109375,0,623.7501220703125],[0,900.69287109375,373.2276306152344],[0,0,1]],[[0.90591687,0.00784701,-0.42339137,-0.96],[-0.05561076,0.99337649,-0.10057776,0.13],[0.41979665,0.11465988,0.90035051,-0.59]]]
[[[900.69287109375,0,623.7501220703125],[0,900.69287109375,373.2276306152344],[0,0,1]],[[0.86720991,0.01804272,-0.49762297,-0.96],[-0.0744883,0.9928019,-0.0938144,0.13],[0.49234706,0.11842356,0.86230934,-0.59]]]
[[[900.69287109375,0,623.7501220703125],[0,900.69287109375,373.2276306152344],[0,0,1]],[[0.87370884,0.02137806,-0.48598659,-0.96],[-0.07674843,0.9925822,-0.09431607,0.13],[0.48036411,0.11970317,0.86886626,-0.59]]]
[[[900.69287109375,0,623.7501220703125],[0,900.69287109375,373.2276306152344],[0,0,1]],[[0.98136753,0.00148811,-0.19215415,-0.99],[-0.02268922,0.99387509,-0.10818133,0.12],[0.19081579,0.11052515,0.97538751,-0.59]]]
[[[900.69287109375,0,623.7501220703125],[0,900.69287109375,373.2276306152344],[0,0,1]],[[0.97131217,-0.09535725,0.21787046,-0.97],[0.11676939,0.98929203,-0.08759019,0.1],[-0.20718433,0.1105177,0.97204328,-0.66]]]
[[[900.69287109375,0,623.7501220703125],[0,900.69287109375,373.2276306152344],[0,0,1]],[[0.92311621,-0.11270506,0.36764339,-0.97],[0.14777969,0.98664159,-0.06859441,0.1],[-0.35500011,0.11765049,0.92743778,-0.66]]]
[[[900.69287109375,0,623.7501220703125],[0,900.69287109375,373.2276306152344],[0,0,1]],[[0.90940118,-0.11913744,0.3985011,-0.99],[0.15675861,0.98562425,-0.06306548,0.1],[-0.38525763,0.11981998,0.91500121,-0.66]]]
[[[900.69287109375,0,623.7501220703125],[0,900.69287109375,373.2276306152344],[0,0,1]],[[0.96902305,-0.09964747,0.22599198,-0.99],[0.12358008,0.98784488,-0.09432042,0.1],[-0.21384533,0.1193264,0.96955609,-0.66]]]
[[[900.69287109375,0,623.7501220703125],[0,900.69287109375,373.2276306152344],[0,0,1]],[[0.9679594,-0.05708286,-0.24454813,-0.99],[0.02459813,0.99069434,-0.13388655,0.09],[0.24991457,0.12358092,0.96035308,-0.64]]]
[[[900.69287109375,0,623.7501220703125],[0,900.69287109375,373.2276306152344],[0,0,1]],[[0.86559147,-0.02259464,-0.50024873,-0.99],[-0.05070034,0.98989677,-0.1324385,0.08],[0.49818563,0.13999997,0.85569781,-0.62]]]
[[[900.69287109375,0,623.7501220703125],[0,900.69287109375,373.2276306152344],[0,0,1]],[[0.82764333,-0.01491967,-0.56106311,-0.99],[-0.06848027,0.98949665,-0.12733012,0.08],[0.55706817,0.14380527,0.81792587,-0.62]]]
[[[900.69287109375,0,623.7501220703125],[0,900.69287109375,373.2276306152344],[0,0,1]],[[0.80166614,-0.01218015,-0.59765428,-0.99],[-0.08032923,0.98853195,-0.12789623,0.08],[0.59235668,0.15053879,0.79149187,-0.62]]]
[[[900.69287109375,0,623.7501220703125],[0,900.69287109375,373.2276306152344],[0,0,1]],[[0.85005873,-0.01595411,-0.5264535,-1.],[-0.06425732,0.98893589,-0.13372532,0.08],[0.52276081,0.14750245,0.83962601,-0.62]]]
[[[900.69287109375,0,623.7501220703125],[0,900.69287109375,373.2276306152344],[0,0,1]],[[0.90070981,-0.02649708,-0.43362138,-0.99],[-0.0386164,0.98930663,-0.14066641,0.08],[0.43271065,0.14344409,0.8900522,-0.62]]]
[[[900.69287109375,0,623.7501220703125],[0,900.69287109375,373.2276306152344],[0,0,1]],[[0.92594987,-0.03396537,-0.37612575,-0.99],[-0.02216467,0.98934591,-0.14390644,0.08],[0.37700528,0.14158647,0.91532928,-0.63]]]
[[[900.69287109375,0,623.7501220703125],[0,900.69287109375,373.2276306152344],[0,0,1]],[[0.93149501,-0.03684556,-0.3618938,-0.99],[-0.01697988,0.98937124,-0.14443646,0.08],[0.36336815,0.14068633,0.92096597,-0.63]]]
