[[[900.69287109375,0,623.7501220703125],[0,900.69287109375,373.2276306152344],[0,0,1]],[[0.9997747292825765,0.020063873634984145,-0.006923269654600466,-0.31],[-0.020625470169072634,0.9953718648651033,-0.09385862035674328,-0.02],[0.0050080603286719975,0.09398027244973253,0.9955614635581364,-0.08]]]
[[[900.69287109375,0,623.7501220703125],[0,900.69287109375,373.2276306152344],[0,0,1]],[[0.9927468260068069,0.034068720576999625,0.11529554081427892,-0.32],[-0.022600792616671046,0.9947958957689138,-0.09934953414295711,-0.04],[-0.11808024232067345,0.0960231640781051,0.9883504481376635,-0.04]]]
[[[900.69287109375,0,623.7501220703125],[0,900.69287109375,373.2276306152344],[0,0,1]],[[0.9818215569299146,0.04330538694649402,0.18480009147490417,-0.32],[-0.02432092931084617,0.9943021541623358,-0.10378689043224716,-0.04],[-0.18824166049303578,0.09740569639170432,0.9772805163131371,-0.05]]]
[[[900.69287109375,0,623.7501220703125],[0,900.69287109375,373.2276306152344],[0,0,1]],[[0.9771580279594155,0.04838686417163239,0.20693211391686445,-0.32],[-0.0264404461824293,0.9938494821566475,-0.10753655017080305,-0.04],[-0.21086273070445669,0.09960882587702546,0.9724273703507426,-0.05]]]
[[[900.69287109375,0,623.7501220703125],[0,900.69287109375,373.2276306152344],[0,0,1]],[[0.9795072627780441,0.05074879968293414,0.19491044480941744,-0.32],[-0.02934170022426884,0.9933661267773652,-0.11118814145080676,-0.04],[-0.19926009834638916,0.1031905882436809,0.9744983918431628,-0.05]]]
[[[900.69287109375,0,623.7501220703125],[0,900.69287109375,373.2276306152344],[0,0,1]],[[0.9993407471857152,0.03460587792149148,0.010977441759324845,-0.32],[-0.03319487769122469,0.9934056950968669,-0.10974162858357446,-0.04],[-0.014702758562976308,0.10930488626952323,0.9938995274816492,-0.04]]]
[[[900.69287109375,0,623.7501220703125],[0,900.69287109375,373.2276306152344],[0,0,1]],[[0.9918324152100109,0.021912858727359312,-0.1256514494984897,-0.32],[-0.03577049071720242,0.9933853510890902,-0.10911469303194532,-0.04],[0.12242929442142206,0.11271810353266201,0.9860556257146312,-0.04]]]
[[[900.69287109375,0,623.7501220703125],[0,900.69287109375,373.2276306152344],[0,0,1]],[[0.9732375605215805,0.01157437595103445,-0.2295096612592746,-0.32],[-0.03748277288923355,0.9933512111519004,-0.1088504158907387,-0.04],[0.22672382434701696,0.11453997173212833,0.9672005491877402,-0.04]]]
[[[900.69287109375,0,623.7501220703125],[0,900.69287109375,373.2276306152344],[0,0,1]],[[0.9399862450787771,-0.0009613051900691158,-0.3412109830515902,-0.32],[-0.03808527647172933,0.9934517062496913,-0.10771823924317113,-0.04],[0.33908018340618634,0.11424877785739619,0.9337943274508141,-0.03]]]
[[[900.69287109375,0,623.7501220703125],[0,900.69287109375,373.2276306152344],[0,0,1]],[[0.9181522460051784,-0.007879060346195295,-0.3961494333754719,-0.32],[-0.0379261653465247,0.9934640763359223,-0.10766027592441338,-0.04],[0.39440849273025863,0.1138729530576676,0.911852450467822,-0.03]]]
[[[900.69287109375,0,623.7501220703125],[0,900.69287109375,373.2276306152344],[0,0,1]],[[0.920740338925749,-0.007031065893341043,-0.3901125381057372,-0.32],[-0.038598986723878924,0.993291701707521,-0.10900327308327504,-0.04],[0.3882619560281262,0.11542165928187269,0.914292346063245,-0.03]]]
[[[900.69287109375,0,623.7501220703125],[0,900.69287109375,373.2276306152344],[0,0,1]],[[0.9457356349367131,0.0008034369821533355,-0.3249360911008007,-0.33],[-0.03952502801484242,0.9928558136635667,-0.11258377074375715,-0.04],[0.32252423315353845,0.11931759201170905,0.9390108792049479,-0.03]]]
[[[900.69287109375,0,623.7501220703125],[0,900.69287109375,373.2276306152344],[0,0,1]],[[0.9803939464501843,0.01605363442398034,-0.19639244024558192,-0.33],[-0.03992424902517119,0.9921870684938738,-0.11819845791425937,-0.04],[0.1929605247287885,0.12372187330991241,0.9733751249960504,-0.02]]]
[[[900.69287109375,0,623.7501220703125],[0,900.69287109375,373.2276306152344],[0,0,1]],[[0.9987543022381553,0.03509332878792852,-0.03547255326809454,-0.33],[-0.03925708340184227,0.991447457500286,-0.12446212443550685,-0.04],[0.030801382494236473,0.125699631227785,0.9915900753565672,-0.03]]]
[[[900.69287109375,0,623.7501220703125],[0,900.69287109375,373.2276306152344],[0,0,1]],[[0.968906473306806,0.06844823201487661,0.23777107796829586,-0.33],[-0.037015928105402246,0.9902583603531303,-0.1342318919527904,-0.04],[-0.2446427334924614,0.12125683190965993,0.9620014104275363,-0.04]]]
[[[900.69287109375,0,623.7501220703125],[0,900.69287109375,373.2276306152344],[0,0,1]],[[0.9246232937014813,0.08516292942011312,0.37123986881423315,-0.33],[-0.036271920983506796,0.9899408039366959,-0.1367536195109078,-0.04],[-0.37915183303366795,0.11297999891021744,0.9184113497520906,-0.04]]]
[[[900.69287109375,0,623.7501220703125],[0,900.69287109375,373.2276306152344],[0,0,1]],[[0.8810316633970339,0.09783742720891708,0.4628293918162453,-0.33],[-0.03919119774175394,0.9901116229968872,-0.13469604309717692,-0.03],[-0.4714310746136941,0.10053264068753817,0.8761540561139736,-0.05]]]
[[[900.69287109375,0,623.7501220703125],[0,900.69287109375,373.2276306152344],[0,0,1]],[[0.8581160602690406,0.10604412022029304,0.5023857797301234,-0.33],[-0.04804899977711539,0.990731459676278,-0.12705301424260051,-0.03],[-0.5112026219893232,0.08488709780888802,0.8552578908708327,-0.05]]]
[[[900.69287109375,0,623.7501220703125],[0,900.69287109375,373.2276306152344],[0,0,1]],[[0.8625583221805451,0.11492347455571465,0.4927329254607662,-0.33],[-0.06296661172496461,0.9906735895530415,-0.12083478294749955,-0.03],[-0.5020242490607008,0.07320132483865158,0.861750091033883,-0.06]]]
[[[900.69287109375,0,623.7501220703125],[0,900.69287109375,373.2276306152344],[0,0,1]],[[0.8913246096181281,0.11480817596378225,0.4385881017776939,-0.33],[-0.06715877241332723,0.9901676596286523,-0.12270984114345695,-0.03],[-0.4483638473126781,0.07991926274301292,0.8902711788357448,-0.06]]]
[[[900.69287109375,0,623.7501220703125],[0,900.69287109375,373.2276306152344],[0,0,1]],[[0.9383749248501391,0.09608528284025489,0.33199415481903305,-0.34],[-0.05503730188385471,0.9898636456404988,-0.13092310124896428,-0.04],[-0.3412087276343343,0.10458289277319367,0.9341514988080624,-0.04]]]
[[[900.69287109375,0,623.7501220703125],[0,900.69287109375,373.2276306152344],[0,0,1]],[[0.9821738635286911,0.06306082015049837,0.17708143539928348,-0.34],[-0.03768815201707579,0.9889827168768734,-0.14315302622150752,-0.04],[-0.184157826330194,0.1339272887830719,0.973729621774214,-0.03]]]
[[[900.69287109375,0,623.7501220703125],[0,900.69287109375,373.2276306152344],[0,0,1]],[[0.9994569172732567,0.03163845354056747,0.009212967610919656,-0.34],[-0.029875293151765236,0.9879605242642938,-0.15179416772233967,-0.04],[-0.013904581034126492,0.15143649082365535,0.9883691880432546,-0.02]]]
[[[900.69287109375,0,623.7501220703125],[0,900.69287109375,373.2276306152344],[0,0,1]],[[0.9892013676536914,0.0005005680246731939,-0.14656194480054988,-0.34],[-0.024599072887743587,0.9863755785586508,-0.1626594714000709,-0.04],[0.14448370096703028,0.1645082595334948,0.9757363848397426,-0.01]]]
[[[900.69287109375,0,623.7501220703125],[0,900.69287109375,373.2276306152344],[0,0,1]],[[0.9608383430335627,-0.029552383788752693,-0.27552919113756336,-0.34],[-0.020259427685994588,0.9841448303937651,-0.17620586936610044,-0.05],[0.2763679325579464,0.17488741927774437,0.945005373758275,-0.01]]]
[[[900.69287109375,0,623.7501220703125],[0,900.69287109375,373.2276306152344],[0,0,1]],[[0.9120374549951331,-0.05586362531034735,-0.40628430446324876,-0.34],[-0.018496553344794445,0.9840676456565032,-0.17682970985224786,-0.05],[0.4096895876152625,0.16879017785182912,0.8964732665620231,-0.01]]]
[[[900.69287109375,0,623.7501220703125],[0,900.69287109375,373.2276306152344],[0,0,1]],[[0.9112554914431186,-0.05606527010700034,-0.40800749356180893,-0.34],[-0.01921090055563709,0.9838255795635451,-0.17809595811330448,-0.05],[0.41139320681630354,0.170129111219343,0.8954393976708387,-0.01]]]
[[[900.69287109375,0,623.7501220703125],[0,900.69287109375,373.2276306152344],[0,0,1]],[[0.930292961779389,-0.04783817759859792,-0.3636846354024009,-0.34],[-0.019792338633915357,0.9834690760908505,-0.17999122118706012,-0.05],[0.3662830443729722,0.17464273571223562,0.9139675302043357,-0.0]]]
[[[900.69287109375,0,623.7501220703125],[0,900.69287109375,373.2276306152344],[0,0,1]],[[0.9645054874869077,-0.02924318592875895,-0.2624385655432118,-0.34],[-0.01989225275584203,0.9829787159409925,-0.18263937770178523,-0.05],[0.26331248145110847,0.18137717630323197,0.9475066527620405,-0.01]]]
[[[900.69287109375,0,623.7501220703125],[0,900.69287109375,373.2276306152344],[0,0,1]],[[0.9937895782258465,-0.0014758819660288768,-0.11126587968517788,-0.34],[-0.01929551360566837,0.9824787480880401,-0.185373117549581,-0.05],[0.10958995101918606,0.18636880459932037,0.9763486627777153,-0.02]]]
[[[900.69287109375,0,623.7501220703125],[0,900.69287109375,373.2276306152344],[0,0,1]],[[0.9753494653249446,0.06412864529655184,0.21114198384682734,-0.34],[-0.024430272215631967,0.98233944785797,-0.18550571684336,-0.05],[-0.2193093301476592,0.1757746455963652,0.9596909354972867,-0.02]]]
[[[900.69287109375,0,623.7501220703125],[0,900.69287109375,373.2276306152344],[0,0,1]],[[0.940780060782594,0.10053617646668286,0.32376743884362263,-0.34],[-0.04833974810091446,0.985039166100303,-0.1654119403246331,-0.05],[-0.33555349199112655,0.1399654188357962,0.9315651000025071,-0.03]]]
[[[900.69287109375,0,623.7501220703125],[0,900.69287109375,373.2276306152344],[0,0,1]],[[0.9123895448911031,0.12848893057861246,0.3886333916330017,-0.34],[-0.07939520045852687,0.9869751343126054,-0.13991599762988136,-0.05],[-0.4015491508116483,0.09680226736693277,0.9107071980143041,-0.03]]]
[[[900.69287109375,0,623.7501220703125],[0,900.69287109375,373.2276306152344],[0,0,1]],[[0.9022533041476553,0.14666066219292337,0.4054992297400478,-0.34],[-0.09860139401505792,0.9856385576563774,-0.13709266486338062,-0.05],[-0.4197817769424087,0.08370952052299138,0.9037565910801895,-0.04]]]
[[[900.69287109375,0,623.7501220703125],[0,900.69287109375,373.2276306152344],[0,0,1]],[[0.9172548444779769,0.1373734212988893,0.3738610616289431,-0.34],[-0.08237981942337287,0.9837761322725747,-0.1593677725344317,-0.05],[-0.3896884853744783,0.11538225466444894,0.9136902208489994,-0.04]]]
[[[900.69287109375,0,623.7501220703125],[0,900.69287109375,373.2276306152344],[0,0,1]],[[0.9523821903464171,0.10562406178453101,0.2860274830905215,-0.35],[-0.05379567984511179,0.981574217358641,-0.18335234017261293,-0.04],[-0.300123621764371,0.15923446043149367,0.9405159213272936,-0.04]]]
[[[900.69287109375,0,623.7501220703125],[0,900.69287109375,373.2276306152344],[0,0,1]],[[0.9836687221150358,0.061751261277845054,0.16906397269426768,-0.35],[-0.025976223387129835,0.9781766671969033,-0.20614471511562116,-0.04],[-0.17810412951729865,0.1983864649671292,0.9638058567817127,-0.03]]]
[[[900.69287109375,0,623.7501220703125],[0,900.69287109375,373.2276306152344],[0,0,1]],[[0.9992434425549349,0.01363399996379857,0.03642329688468202,-0.35],[-0.005034518783141591,0.9740045895753872,-0.22647232304788095,-0.04],[-0.038564181977383385,0.22611760995346802,0.9733363397805234,-0.02]]]
[[[900.69287109375,0,623.7501220703125],[0,900.69287109375,373.2276306152344],[0,0,1]],[[0.9947900094033146,-0.03404191830695212,-0.0960936261639436,-0.35],[0.009561942082496324,0.9696019016386841,-0.24450096441989472,-0.04],[0.10149584452066958,0.2423082750065099,0.9648757916998465,-0.02]]]
[[[900.69287109375,0,623.7501220703125],[0,900.69287109375,373.2276306152344],[0,0,1]],[[0.8916935034693256,-0.1459948633009563,-0.42844859173573546,-0.35],[0.0329822136580838,0.9649962072192562,-0.2601816550694203,-0.04],[0.45143645117869285,0.2178711085531659,0.8652960826243248,-0.02]]]
[[[900.69287109375,0,623.7501220703125],[0,900.69287109375,373.2276306152344],[0,0,1]],[[0.8425429351467026,-0.18495620855233552,-0.5058780518586711,-0.35],[0.05543055734874679,0.9639823916784949,-0.2601257423743686,-0.04],[0.5357694053848041,0.19112600412229114,0.8224487794397043,-0.02]]]
[[[900.69287109375,0,623.7501220703125],[0,900.69287109375,373.2276306152344],[0,0,1]],[[0.8036202843357173,-0.19772051157365453,-0.5613386125212064,-0.36],[0.051446981724250045,0.9627490171444159,-0.2654572245370727,-0.04],[0.5929145357263941,0.18444763292195837,0.783856762446967,-0.01]]]
[[[900.69287109375,0,623.7501220703125],[0,900.69287109375,373.2276306152344],[0,0,1]],[[0.7949080138130108,-0.2004787442596923,-0.5726513098526109,-0.36],[0.050118945596875186,0.9623034076169904,-0.26732048739478614,-0.04],[0.6046563824752961,0.1837945178420331,0.7749904737111953,-0.01]]]
[[[900.69287109375,0,623.7501220703125],[0,900.69287109375,373.2276306152344],[0,0,1]],[[0.8149185713962083,-0.19442547244621763,-0.545991261521307,-0.36],[0.05101628485012529,0.962460459766323,-0.2665843244950633,-0.04],[0.5773257838289002,0.1893900711506899,0.794245768182546,-0.01]]]
[[[900.69287109375,0,623.7501220703125],[0,900.69287109375,373.2276306152344],[0,0,1]],[[0.8684773066283328,-0.17558723023929837,-0.46359065181309306,-0.36],[0.054858155080664515,0.963467123147437,-0.2621482127254495,-0.05],[0.49268423020504987,0.20223804585412064,0.8463817236426859,-0.01]]]
[[[900.69287109375,0,623.7501220703125],[0,900.69287109375,373.2276306152344],[0,0,1]],[[0.9327581000793732,-0.14498142364266473,-0.33006471113232355,-0.36],[0.06017239248755107,0.9653361691397845,-0.2539790616032147,-0.05],[0.35544564973936893,0.21704024361641228,0.9091490101915561,-0.02]]]
[[[900.69287109375,0,623.7501220703125],[0,900.69287109375,373.2276306152344],[0,0,1]],[[0.9795755946475666,-0.10814843890648329,-0.16951569111134565,-0.37],[0.0647240960827106,0.9677641575907351,-0.24339952068352744,-0.04],[0.19037448819929245,0.22745648033148122,0.9549979601015239,-0.02]]]
[[[900.69287109375,0,623.7501220703125],[0,900.69287109375,373.2276306152344],[0,0,1]],[[0.9623965120083338,-0.004225679301959079,0.27161571624011366,-0.38],[0.06446716630289934,0.9748672463460506,-0.21325533163450544,-0.07],[-0.26388811671438955,0.22274648288156104,0.9384812551249104,0.03]]]
[[[900.69287109375,0,623.7501220703125],[0,900.69287109375,373.2276306152344],[0,0,1]],[[0.9221876520063005,0.02270968495912079,0.38607538732242935,-0.38],[0.06127962591233789,0.9770828751737484,-0.20384764528992017,-0.06],[-0.3818569652830105,0.2116443366860041,0.8996621214731623,0.02]]]
[[[900.69287109375,0,623.7501220703125],[0,900.69287109375,373.2276306152344],[0,0,1]],[[0.8894283986549976,0.040010804878494226,0.45531995251579055,-0.39],[0.05671910515881399,0.9788002528454985,-0.19680703274926806,-0.06],[-0.45354169243410264,0.20087110424987248,0.8683033644420863,0.01]]]
[[[900.69287109375,0,623.7501220703125],[0,900.69287109375,373.2276306152344],[0,0,1]],[[0.8802765989792216,0.04741784590007616,0.47208543419573046,-0.39],[0.05132689972367358,0.9796370725981671,-0.19410501115646,-0.06],[-0.47167643427918965,0.19509678080760365,0.8599177794790496,0.01]]]
[[[900.69287109375,0,623.7501220703125],[0,900.69287109375,373.2276306152344],[0,0,1]],[[0.8962073102887002,0.04409545758893096,0.4414386113664236,-0.39],[0.04915356661088569,0.9790517946176486,-0.19758924653277832,-0.06],[-0.44090405291233464,0.1987792093655285,0.8752659264757727,0.01]]]
[[[900.69287109375,0,623.7501220703125],[0,900.69287109375,373.2276306152344],[0,0,1]],[[0.9305837768412231,0.026683606870502773,0.36510521689549363,-0.39],[0.05390560752593933,0.9764799411642733,-0.2087608918860923,-0.06],[-0.36208841428190486,0.2139507177557434,0.9072579956190069,0.0]]]
[[[900.69287109375,0,623.7501220703125],[0,900.69287109375,373.2276306152344],[0,0,1]],[[0.9714075076517426,-0.007589382883917459,0.23729697710942535,-0.39],[0.06320318921593926,0.9716888139957822,-0.2276536967158765,-0.06],[-0.22885106718292578,0.2361424358790927,0.9443854822191649,0.0]]]
[[[900.69287109375,0,623.7501220703125],[0,900.69287109375,373.2276306152344],[0,0,1]],[[0.996010050425336,-0.051950364032456384,0.07256127843839885,-0.39],[0.0685297845811228,0.9660732965458051,-0.2490101490429373,-0.06],[-0.05716334557200522,0.2529892198849908,0.965778860063213,0.01]]]
[[[900.69287109375,0,623.7501220703125],[0,900.69287109375,373.2276306152344],[0,0,1]],[[0.9899970186411126,-0.09894993402194627,-0.10057242981434386,-0.48],[0.06870607738210083,0.9607146871270001,-0.2688991723104314,-0.07],[0.12322896580136268,0.2592994417570597,0.9579031378443249,0.03]]]
[[[900.69287109375,0,623.7501220703125],[0,900.69287109375,373.2276306152344],[0,0,1]],[[0.8866765276873388,-0.19641335012804456,-0.41860068220178753,-0.49],[0.06651965431821624,0.9500642117530397,-0.3048821561447312,-0.07],[0.4575804528579742,0.24248667888680692,0.8554649845111941,0.03]]]
[[[900.69287109375,0,623.7501220703125],[0,900.69287109375,373.2276306152344],[0,0,1]],[[0.8345031411743243,-0.2438455771702298,-0.49410913962879016,-0.49],[0.08537169376206856,0.9431357052825482,-0.321258019861584,-0.07],[0.5443493191640651,0.22590789254850707,0.80786721855136,0.03]]]
[[[900.69287109375,0,623.7501220703125],[0,900.69287109375,373.2276306152344],[0,0,1]],[[0.7964649246872433,-0.26533972588174315,-0.5433584945613211,-0.49],[0.08911680013500203,0.9402767771889705,-0.32853885342957745,-0.07],[0.5980817834348761,0.21324730279214477,0.7725436998482567,0.03]]]
[[[900.69287109375,0,623.7501220703125],[0,900.69287109375,373.2276306152344],[0,0,1]],[[0.7793349922626553,-0.2715084272211344,-0.564730151296062,-0.49],[0.08641782394536411,0.9392095149146692,-0.33229120782575633,-0.07],[0.6206197946726442,0.21016341508849226,0.7554220075023146,0.04]]]
[[[900.69287109375,0,623.7501220703125],[0,900.69287109375,373.2276306152344],[0,0,1]],[[0.7856967668355366,-0.2694923358889179,-0.5568253509686131,-0.49],[0.08652871684743027,0.9391485636988014,-0.332434589751451,-0.07],[0.6125303027156467,0.21301139922457898,0.7612048161010709,0.04]]]
[[[900.69287109375,0,623.7501220703125],[0,900.69287109375,373.2276306152344],[0,0,1]],[[0.8223042753453723,-0.2563028873620583,-0.5080595522953919,-0.49],[0.09050845542939515,0.940366544064383,-0.32790087267373064,-0.07],[0.5618041458057311,0.22365060414468135,0.7964650080331287,0.04]]]
[[[900.69287109375,0,623.7501220703125],[0,900.69287109375,373.2276306152344],[0,0,1]],[[0.8862450839277161,-0.22785665553475393,-0.403300131096522,-0.5],[0.0983505539085827,0.9433605379512112,-0.31685653533149094,-0.07],[0.45265529905197216,0.24114775546315562,0.8584584674142668,0.03]]]
[[[900.69287109375,0,623.7501220703125],[0,900.69287109375,373.2276306152344],[0,0,1]],[[0.9487970398378129,-0.18670686747420542,-0.2548033022411076,-0.5],[0.1061838245289384,0.9482001500709459,-0.29940185506079203,-0.07],[0.2975049118979573,0.25701560466906553,0.9194747448153121,0.02]]]
[[[900.69287109375,0,623.7501220703125],[0,900.69287109375,373.2276306152344],[0,0,1]],[[0.9805614196821745,-0.054539465250598426,0.18848010229479722,-0.5],[0.09936622509416683,0.9663345711346925,-0.23732646279010977,-0.07],[-0.16919118044807718,0.25144172955201516,0.9529697797404058,0.01]]]
[[[900.69287109375,0,623.7501220703125],[0,900.69287109375,373.2276306152344],[0,0,1]],[[0.956760682978576,-0.0029528792952217553,0.2908612659159631,-0.5],[0.06038751900351477,0.9801786341389351,-0.18868808315877195,-0.07],[-0.28453882521541574,0.1980937295357916,0.9379746964943306,-0.01]]]
[[[900.69287109375,0,623.7501220703125],[0,900.69287109375,373.2276306152344],[0,0,1]],[[0.9383389285534216,0.03334149686161413,0.3441052161014761,-0.49],[0.018220203984773656,0.9891860347841799,-0.14553010944373107,-0.07],[-0.34523626595126106,0.14282623419728635,0.9275842751454187,-0.01]]]
[[[900.69287109375,0,623.7501220703125],[0,900.69287109375,373.2276306152344],[0,0,1]],[[0.9350497794239565,0.048914169265514396,0.35112578094505525,-0.49],[0.003259840469709384,0.9892076371646292,-0.1464842108054088,-0.07],[-0.3545014575983043,0.13811464303337284,0.9247989305467658,-0.01]]]
[[[900.69287109375,0,623.7501220703125],[0,900.69287109375,373.2276306152344],[0,0,1]],[[0.9506532293744429,0.041882274953706625,0.3074155372206242,-0.5],[0.008689092780476344,0.9868638247257582,-0.1613204609288617,-0.07],[-0.3101337407419501,0.15603097927126602,0.937801362955426,-0.01]]]
[[[900.69287109375,0,623.7501220703125],[0,900.69287109375,373.2276306152344],[0,0,1]],[[0.9780591820830276,0.007744408878101086,0.20818323773591305,-0.5],[0.03204460892981291,0.9818234913477404,-0.1870715768797299,-0.07],[-0.20584795209477857,0.18963822391296045,0.9600333143435823,-0.01]]]
[[[900.69287109375,0,623.7501220703125],[0,900.69287109375,373.2276306152344],[0,0,1]],[[0.9933727688021472,-0.06739633145987498,0.09310358053322323,-0.5],[0.08841778597143232,0.9656448082855713,-0.2443612067310033,-0.07],[-0.07343594028992688,0.2509737809749712,0.9652042912963357,0.0]]]
[[[900.69287109375,0,623.7501220703125],[0,900.69287109375,373.2276306152344],[0,0,1]],[[0.9883357647471392,-0.1511264509323853,-0.018793933868907806,-0.5],[0.13814805853812112,0.941635632551733,-0.3069811874220398,-0.07],[0.06409001516488672,0.30080414115746307,0.9515299988012388,0.01]]]
[[[900.69287109375,0,623.7501220703125],[0,900.69287109375,373.2276306152344],[0,0,1]],[[0.8861790228161098,-0.3380232115723327,-0.31690226878173444,-0.5],[0.1834114270425162,0.8839923003350662,-0.4300207685432717,-0.07],[0.4254961667875663,0.32295188710804007,0.8453727524958699,0.01]]]
[[[900.69287109375,0,623.7501220703125],[0,900.69287109375,373.2276306152344],[0,0,1]],[[0.8257745052926049,-0.445139769190781,-0.3463337296503647,-0.5],[0.2549090644969423,0.8423359759969311,-0.4748594238072899,-0.07],[0.5031081744973415,0.3038431987490848,0.809049736003836,0.01]]]
[[[900.69287109375,0,623.7501220703125],[0,900.69287109375,373.2276306152344],[0,0,1]],[[0.7848667981641723,-0.4895841892796934,-0.3798571188576905,-0.51],[0.2717582917589641,0.8228615492541947,-0.49904539033963247,-0.07],[0.5568945501616711,0.28845483592120913,0.7788852724463972,0.01]]]
[[[900.69287109375,0,623.7501220703125],[0,900.69287109375,373.2276306152344],[0,0,1]],[[0.7623123197980972,-0.49761319353904226,-0.41383696874484177,-0.51],[0.2519064771256137,0.8171221610683304,-0.5185118134364772,-0.07],[0.5961736776025978,0.29101973044262336,0.7482542767180798,0.01]]]
[[[900.69287109375,0,623.7501220703125],[0,900.69287109375,373.2276306152344],[0,0,1]],[[0.7612246501253678,-0.4982103883493392,-0.4151185866500221,-0.51],[0.25073840667651215,0.8164689446524334,-0.5201045220294336,-0.07],[0.598052910250285,0.291830209812045,0.7464367656956765,0.01]]]
[[[900.69287109375,0,623.7501220703125],[0,900.69287109375,373.2276306152344],[0,0,1]],[[0.7859043014774862,-0.48577745246276377,-0.3825894609081276,-0.51],[0.2585421874766839,0.8201984803156753,-0.5103238091473178,-0.07],[0.5617030943603174,0.30215016062654027,0.7701914789319604,0.01]]]
[[[900.69287109375,0,623.7501220703125],[0,900.69287109375,373.2276306152344],[0,0,1]],[[0.8388856284695854,-0.45420829608506225,-0.2999428714183639,-0.51],[0.27660532856061903,0.8303334634637776,-0.4837724999047792,-0.07],[0.46878608614064127,0.322864001120831,0.8221912443107061,0.02]]]
[[[900.69287109375,0,623.7501220703125],[0,900.69287109375,373.2276306152344],[0,0,1]],[[0.8949027485312111,-0.40830908504039787,-0.18009098185294312,-0.51],[0.2963284303324385,0.8454431973067315,-0.44431437238118265,-0.07],[0.3336742903611201,0.3442520750863301,0.8775830312573042,0.01]]]
[[[900.69287109375,0,623.7501220703125],[0,900.69287109375,373.2276306152344],[0,0,1]],[[0.931583830771266,-0.35908374568698803,-0.056660655034473026,-0.53],[0.3079762296904135,0.8623921910531246,-0.40178396030238517,-0.11],[0.19313779586401703,0.3568453059716401,0.9139798791082853,0.11]]]
[[[900.69287109375,0,623.7501220703125],[0,900.69287109375,373.2276306152344],[0,0,1]],[[0.9467986353414565,-0.259205350372207,0.19074834325355777,-0.53],[0.3090965316409552,0.897457775046425,-0.3146885382981916,-0.11],[-0.0896196309024293,0.3569063299342586,0.9298312714733629,0.1]]]
[[[900.69287109375,0,623.7501220703125],[0,900.69287109375,373.2276306152344],[0,0,1]],[[0.9381426114949859,-0.22370171448719267,0.26428390687451714,-0.54],[0.2967271255076905,0.9127790238098203,-0.28069105201401556,-0.11],[-0.17844173694881818,0.3417484405645211,0.9226952638257155,0.1]]]
[[[900.69287109375,0,623.7501220703125],[0,900.69287109375,373.2276306152344],[0,0,1]],[[0.9344554915684022,-0.20578949373409572,0.2905918418440551,-0.54],[0.28602775983374634,0.919880284001685,-0.2683437789654681,-0.11],[-0.21208737558408441,0.33387265143111655,0.9184486908609603,0.1]]]
[[[900.69287109375,0,623.7501220703125],[0,900.69287109375,373.2276306152344],[0,0,1]],[[0.9379189212779541,-0.2117097673119741,0.27474910651994605,-0.54],[0.2890118012312447,0.9149839686197908,-0.28156085650858687,-0.11],[-0.19178184444276886,0.34348698897263535,0.919367398023577,0.1]]]
[[[900.69287109375,0,623.7501220703125],[0,900.69287109375,373.2276306152344],[0,0,1]],[[0.9460686719061538,-0.24082690908314444,0.2166944113243003,-0.54],[0.3010577328250679,0.900604418983473,-0.3134899073553582,-0.11],[-0.11965913899053499,0.36182050849682346,0.9245364298323479,0.09]]]
[[[900.69287109375,0,623.7501220703125],[0,900.69287109375,373.2276306152344],[0,0,1]],[[0.9486883791943971,-0.29138990954506744,0.12280993362438196,-0.54],[0.3162060149691495,0.8766901433217696,-0.3625302038448452,-0.11],[-0.0020286150047921225,0.3827614312045722,0.9238449932231001,0.09]]]
[[[900.69287109375,0,623.7501220703125],[0,900.69287109375,373.2276306152344],[0,0,1]],[[0.9361788959655841,-0.35151172248265816,-0.002929796227490622,-0.54],[0.31824912945096634,0.8510715287901035,-0.4176059679728944,-0.11],[0.14928685927556384,0.3900214889466358,0.9086235038823766,0.1]]]
[[[900.69287109375,0,623.7501220703125],[0,900.69287109375,373.2276306152344],[0,0,1]],[[0.9009246993451908,-0.41288243367103594,-0.1336517193142688,-0.54],[0.30887428884099455,0.8263855840804001,-0.47083281546326605,-0.11],[0.30484645282953077,0.3829033329575217,0.8720399519559147,0.11]]]
[[[900.69287109375,0,623.7501220703125],[0,900.69287109375,373.2276306152344],[0,0,1]],[[0.8047829240404288,-0.5022072535655346,-0.31640530911964804,-0.55],[0.2814662019310788,0.7921962636554926,-0.5414811695901995,-0.11],[0.5225908747226939,0.3467173983468959,0.7789003937218991,0.11]]]
[[[900.69287109375,0,623.7501220703125],[0,900.69287109375,373.2276306152344],[0,0,1]],[[0.7289213689269317,-0.5622193777575573,-0.3906187517203865,-0.55],[0.2929375764193932,0.7718553112396511,-0.5642933233989869,-0.11],[0.6187577993393054,0.2968985513353785,0.7273170120186476,0.11]]]
[[[900.69287109375,0,623.7501220703125],[0,900.69287109375,373.2276306152344],[0,0,1]],[[0.6709201560896051,-0.5944937176539921,-0.4432193179709517,-0.55],[0.29216410389282654,0.7612884104026695,-0.5788610304581562,-0.11],[0.6815469760399511,0.2588767580462029,0.68445346342486,0.12]]]
[[[900.69287109375,0,623.7501220703125],[0,900.69287109375,373.2276306152344],[0,0,1]],[[0.6525500855967916,-0.6015251804203385,-0.460809985902974,-0.55],[0.2836773370416536,0.7578392375750517,-0.5875430694345909,-0.11],[0.7026418392300419,0.2526799305681863,0.6651671206933492,0.12]]]
[[[900.69287109375,0,623.7501220703125],[0,900.69287109375,373.2276306152344],[0,0,1]],[[0.6565364916816517,-0.6002321052054256,-0.45681643465511546,-0.55],[0.28476588367974026,0.7580395626420575,-0.5867575418872217,-0.11],[0.6984756449457955,0.25514200232439416,0.668606260864684,0.12]]]
[[[900.69287109375,0,623.7501220703125],[0,900.69287109375,373.2276306152344],[0,0,1]],[[0.6869462707257522,-0.5888788935703382,-0.42582445895386944,-0.55],[0.2977743661016789,0.762607650763926,-0.574247331634261,-0.11],[0.662899123569133,0.26767745460479103,0.6992235209627714,0.12]]]
[[[900.69287109375,0,623.7501220703125],[0,900.69287109375,373.2276306152344],[0,0,1]],[[0.7490984919956134,-0.5613834012291705,-0.35171028718856956,-0.55],[0.3253255625336837,0.7742314529749853,-0.542889432192583,-0.11],[0.5770742826119011,0.29225730794731386,0.7626079846810868,0.12]]]
[[[900.69287109375,0,623.7501220703125],[0,900.69287109375,373.2276306152344],[0,0,1]],[[0.8210964185877242,-0.5189206850474687,-0.23774354673109124,-0.55],[0.35790382686659866,0.7925323342734313,-0.4937583921771355,-0.11],[0.4446408911657322,0.32033392227638335,0.8364691603056095,0.12]]]
[[[900.69287109375,0,623.7501220703125],[0,900.69287109375,373.2276306152344],[0,0,1]],[[0.8780205794813088,-0.46777888392073236,-0.1013053688862568,-0.55],[0.38412456603678463,0.8149704066691957,-0.43390270109841167,-0.11],[0.28553139892901175,0.3420616201963028,0.895246149511028,0.12]]]
[[[900.69287109375,0,623.7501220703125],[0,900.69287109375,373.2276306152344],[0,0,1]],[[0.9031378451736435,-0.3167271799270272,0.28987225826315355,-0.58],[0.392723207319973,0.8822597065483848,-0.25958869897102854,-0.07],[-0.17352381694574762,0.3482839411983135,0.9211882442019916,-0.01]]]
[[[900.69287109375,0,623.7501220703125],[0,900.69287109375,373.2276306152344],[0,0,1]],[[0.8832999924899322,-0.2711901235784513,0.38240951889406494,-0.58],[0.3670211527415262,0.9075295559623856,-0.20417046430616903,-0.07],[-0.29167892743146046,0.3206961520321372,0.9011533617338467,-0.01]]]
[[[900.69287109375,0,623.7501220703125],[0,900.69287109375,373.2276306152344],[0,0,1]],[[0.8705137736890415,-0.2383040876616947,0.4306006637493626,-0.58],[0.3327586706473066,0.9296425930647758,-0.15822868345795277,-0.07],[-0.36259817557001256,0.28102635279191707,0.8885644332910086,-0.02]]]
[[[900.69287109375,0,623.7501220703125],[0,900.69287109375,373.2276306152344],[0,0,1]],[[0.8715869029348943,-0.21550548048438067,0.44033357640947096,-0.58],[0.3028544093801311,0.9430006279959615,-0.1379457223629431,-0.07],[-0.3855067799032478,0.25358865014116555,0.8871737818309389,-0.02]]]
[[[900.69287109375,0,623.7501220703125],[0,900.69287109375,373.2276306152344],[0,0,1]],[[0.878845460115821,-0.21534550623271112,0.42574284512976623,-0.58],[0.3057547381115166,0.9392290836888213,-0.15608577281551006,-0.07],[-0.3662576925556221,0.2673481649430841,0.8912801250703377,-0.02]]]
[[[900.69287109375,0,623.7501220703125],[0,900.69287109375,373.2276306152344],[0,0,1]],[[0.8886911315117271,-0.2485051888094198,0.3853222598127453,-0.58],[0.34397444218759987,0.9170109438001003,-0.2019220445433803,-0.07],[-0.30316605333403623,0.3119873396239725,0.9004189269557923,-0.02]]]
[[[900.69287109375,0,623.7501220703125],[0,900.69287109375,373.2276306152344],[0,0,1]],[[0.8927297909180415,-0.3171340549746002,0.3200929733418043,-0.59],[0.4085485923477302,0.8693247896776697,-0.2781410752524039,-0.07],[-0.19005674967787373,0.3790783576349915,0.9056368094742171,-0.01]]]
[[[900.69287109375,0,623.7501220703125],[0,900.69287109375,373.2276306152344],[0,0,1]],[[0.8967459154410385,-0.37817774250946146,0.22984420421289986,-0.59],[0.4387091815164058,0.8279115498880673,-0.349423410227683,-0.07],[-0.05814651488282877,0.41417877858768404,0.9083363485926319,-0.0]]]
[[[900.69287109375,0,623.7501220703125],[0,900.69287109375,373.2276306152344],[0,0,1]],[[0.8902275314871267,-0.4346336317211555,0.1363398267536512,-0.59],[0.44989643992733175,0.7920671256564373,-0.4125807336692569,-0.07],[0.07133116796358681,0.4286295307503071,0.9006600856292689,0.0]]]
[[[900.69287109375,0,623.7501220703125],[0,900.69287109375,373.2276306152344],[0,0,1]],[[0.8665609394587223,-0.49646988867235653,0.05088995820468453,-0.59],[0.4605387173758568,0.7561981254106672,-0.46483167375211587,-0.07],[0.19229203832248845,0.4262417679757002,0.883935363717694,0.0]]]
[[[900.69287109375,0,623.7501220703125],[0,900.69287109375,373.2276306152344],[0,0,1]],[[0.7631375252972824,-0.628963626999781,-0.14841116330795315,-0.59],[0.45576395470142805,0.6866381704570463,-0.5663984820480319,-0.07],[0.45814881324527545,0.3645994772112001,0.8106583041820181,0.01]]]
[[[900.69287109375,0,623.7501220703125],[0,900.69287109375,373.2276306152344],[0,0,1]],[[0.7294663351684976,-0.6581195421706811,-0.18643372567455246,-0.59],[0.4551625355658584,0.6704823451856029,-0.5859014345533494,-0.07],[0.5105937054773588,0.34253772494057816,0.7886456586575704,0.01]]]
[[[900.69287109375,0,623.7501220703125],[0,900.69287109375,373.2276306152344],[0,0,1]],[[0.7112323514935535,-0.6686114671834438,-0.21704204233224733,-0.59],[0.43720151696126275,0.6625100691968694,-0.6082230197711447,-0.07],[0.5504574241080967,0.33769677843231205,0.7635165421133433,0.01]]]
[[[900.69287109375,0,623.7501220703125],[0,900.69287109375,373.2276306152344],[0,0,1]],[[0.6985378197978885,-0.6757235514449929,-0.23546251577390948,-0.59],[0.42640367084811315,0.6573239549773973,-0.6213735814307899,-0.07],[0.5746519153359418,0.33365086577954306,0.7472966452255053,0.01]]]
[[[900.69287109375,0,623.7501220703125],[0,900.69287109375,373.2276306152344],[0,0,1]],[[0.6964617553483992,-0.6769002962890156,-0.23821631392679546,-0.59],[0.4239998428261517,0.6559976092937015,-0.6244127400080389,-0.07],[0.5789345011488133,0.3338759133043159,0.7438828657085629,0.02]]]
[[[900.69287109375,0,623.7501220703125],[0,900.69287109375,373.2276306152344],[0,0,1]],[[0.7165039410739481,-0.6649192064669517,-0.21096101842961318,-0.59],[0.4357646020692812,0.6627784973833013,-0.608961308286277,-0.07],[0.544730496676018,0.3443938331005543,0.7646316588484983,0.02]]]
[[[900.69287109375,0,623.7501220703125],[0,900.69287109375,373.2276306152344],[0,0,1]],[[0.761731492421751,-0.6329516594671225,-0.13833773971967164,-0.59],[0.4639328285287233,0.6819138675317514,-0.5654730832508539,-0.07],[0.4522515495454604,0.3665592367485844,0.8130823217165807,0.02]]]
[[[900.69287109375,0,623.7501220703125],[0,900.69287109375,373.2276306152344],[0,0,1]],[[0.8105593908414668,-0.5849062317290579,-0.029634000796787324,-0.58],[0.4949567917243133,0.7112003251124897,-0.49921124975892095,-0.07],[0.3130674819343029,0.3899728165454647,0.8659734142056049,0.02]]]
[[[900.69287109375,0,623.7501220703125],[0,900.69287109375,373.2276306152344],[0,0,1]],[[0.8555235158919884,-0.43420243716590073,0.2820421197534202,-0.59],[0.5078946312724157,0.8096267178918705,-0.29418977072681235,-0.07],[-0.10061092028436802,0.39493394540711435,0.9131837829729035,0.01]]]
[[[900.69287109375,0,623.7501220703125],[0,900.69287109375,373.2276306152344],[0,0,1]],[[0.8522811688316334,-0.38673182324103095,0.35221485793142326,-0.59],[0.47803018907717165,0.8492280951114701,-0.22427389684086552,-0.07],[-0.21237689984042088,0.35951375407070546,0.9086506000923348,0.01]]]
[[[900.69287109375,0,623.7501220703125],[0,900.69287109375,373.2276306152344],[0,0,1]],[[0.8477501892741092,-0.3616150804772531,0.3880130798789414,-0.59],[0.4575700353484246,0.8685867249278998,-0.19022818936810143,-0.07],[-0.26823362827384917,0.3388091422179374,0.9018087856151058,-0.0]]]
[[[900.69287109375,0,623.7501220703125],[0,900.69287109375,373.2276306152344],[0,0,1]],[[0.8491689256266747,-0.3586107935041606,0.38769889673863556,-0.59],[0.4570219900220099,0.866867522118645,-0.1991773072721949,-0.07],[-0.2646564497350496,0.3463221013423728,0.900009980908791,-0.0]]]
[[[900.69287109375,0,623.7501220703125],[0,900.69287109375,373.2276306152344],[0,0,1]],[[0.8573288505530935,-0.38099334427547565,0.34616659808118455,-0.59],[0.47357672150536717,0.8473409659430056,-0.24028811098970793,-0.07],[-0.2017729685997096,0.36994237261033397,0.9068794352558103,-0.0]]]
[[[900.69287109375,0,623.7501220703125],[0,900.69287109375,373.2276306152344],[0,0,1]],[[0.8562677481042335,-0.44092180580849805,0.2690604109100374,-0.59],[0.51139719729007,0.7969271096599081,-0.3215277414049463,-0.07],[-0.07265294323264661,0.4129105751269614,0.9078691573062474,0.0]]]
[[[900.69287109375,0,623.7501220703125],[0,900.69287109375,373.2276306152344],[0,0,1]],[[0.838304927879431,-0.5144985526006087,0.18037762406945235,-0.59],[0.5388425732805958,0.7314849532059633,-0.41782585421873486,-0.07],[0.08302727933280579,0.4474606157028218,0.890441164974668,0.02]]]
[[[900.69287109375,0,623.7501220703125],[0,900.69287109375,373.2276306152344],[0,0,1]],[[0.7410847346622452,-0.6677398480185253,-0.07012069180196595,-0.59],[0.49621625129180813,0.6150669546666448,-0.6127496007595634,-0.07],[0.4522862456503565,0.419304348469338,0.7871600951205602,0.03]]]
[[[900.69287109375,0,623.7501220703125],[0,900.69287109375,373.2276306152344],[0,0,1]],[[0.6728977415349625,-0.7305108372228931,-0.11645834507262465,-0.59],[0.477359094695753,0.5490788817099849,-0.6860325621800787,-0.07],[0.565099039238608,0.406037311536785,0.7181899313493485,0.03]]]
[[[900.69287109375,0,623.7501220703125],[0,900.69287109375,373.2276306152344],[0,0,1]],[[0.5919914140194251,-0.7959873796924748,-0.12629432725815337,-0.59],[0.4903290849913258,0.4800784046998419,-0.7273940567205812,-0.07],[0.6396276683656288,0.3686852542632573,0.6744980571877035,0.03]]]
[[[900.69287109375,0,623.7501220703125],[0,900.69287109375,373.2276306152344],[0,0,1]],[[0.5633633433607621,-0.8199798622213182,-0.10126583288005825,-0.6],[0.5003299364174896,0.43612275572607373,-0.7479751978925278,-0.07],[0.6574889338094253,0.3707154805095184,0.655956046110364,0.03]]]
[[[900.69287109375,0,623.7501220703125],[0,900.69287109375,373.2276306152344],[0,0,1]],[[0.5760684344378506,-0.8132212742757049,-0.08256099508679898,-0.6],[0.5175426327859528,0.4410556012638772,-0.7332254631712841,-0.07],[0.6326885348204978,0.3796592098963995,0.6749548890463225,0.04]]]
[[[900.69287109375,0,623.7501220703125],[0,900.69287109375,373.2276306152344],[0,0,1]],[[0.6155905133803383,-0.7872740778573956,-0.035324866169869074,-0.6],[0.553490733014015,0.4638276233327352,-0.691745577724292,-0.07],[0.5609780105349407,0.4062800292498928,0.7212767912036032,0.04]]]
[[[900.69287109375,0,623.7501220703125],[0,900.69287109375,373.2276306152344],[0,0,1]],[[0.6693998418344488,-0.7413494069473265,0.04800946334694911,-0.6],[0.6033997928090938,0.5048644913055298,-0.6172686088379606,-0.07],[0.43337344379871456,0.44216840936192603,0.7852862891789125,0.04]]]
[[[900.69287109375,0,623.7501220703125],[0,900.69287109375,373.2276306152344],[0,0,1]],[[0.7122768104825253,-0.6864628664989887,0.14639152354843588,-0.6],[0.6430112108126034,0.5545459113117478,-0.5282190975501859,-0.16],[0.28142197500932703,0.4703696048485858,0.8363935119406622,0.06]]]
[[[900.69287109375,0,623.7501220703125],[0,900.69287109375,373.2276306152344],[0,0,1]],[[0.7357996583541508,-0.5329038615904012,0.4178664105524078,-0.69],[0.662390340101946,0.6946930827755496,-0.28042923899520844,-0.14],[-0.14084708057160156,0.48313041204817764,0.8641453030877474,-0.19]]]
[[[900.69287109375,0,623.7501220703125],[0,900.69287109375,373.2276306152344],[0,0,1]],[[0.7241590310817653,-0.4931962621171468,0.48202815761778217,-0.69],[0.6436663380230296,0.7342807619352126,-0.2156974917514491,-0.14],[-0.24756280616995313,0.466464585671322,0.8491898770685741,-0.19]]]
[[[900.69287109375,0,623.7501220703125],[0,900.69287109375,373.2276306152344],[0,0,1]],[[0.7193263744150562,-0.46800323610248845,0.5133639430934831,-0.69],[0.6214869525203084,0.7637231822934496,-0.17458771054855607,-0.14],[-0.3103603307736194,0.4446345373732959,0.8402241327508541,-0.2]]]
[[[900.69287109375,0,623.7501220703125],[0,900.69287109375,373.2276306152344],[0,0,1]],[[0.720454871895954,-0.45448400139806827,0.5238216013439929,-0.69],[0.6069489974251862,0.7786270734400051,-0.15922561047398762,-0.14],[-0.3354961878858623,0.4326478625619839,0.836814277444285,-0.2]]]
[[[900.69287109375,0,623.7501220703125],[0,900.69287109375,373.2276306152344],[0,0,1]],[[0.719800195639527,-0.45851593638022503,0.5212013185350398,-0.69],[0.6158838324682505,0.7682141121900562,-0.1747403294499123,-0.14],[-0.32027298240956675,0.446777588871028,0.8353532203930695,-0.2]]]
[[[900.69287109375,0,623.7501220703125],[0,900.69287109375,373.2276306152344],[0,0,1]],[[0.7137911486439316,-0.48478646291062966,0.5054545296029878,-0.7],[0.6499565235894196,0.7273603475946292,-0.22023497040791798,-0.14],[-0.26088065003202726,0.4857252413923133,0.8342735021042236,-0.21]]]
