[[[900.69287109375,0,623.7501220703125],[0,900.69287109375,373.2276306152344],[0,0,1]],[[0.9997747292825765,0.020063873634984145,-0.006923269654600466,-0.31],[-0.020625470169072634,0.9953718648651033,-0.09385862035674328,-0.02],[0.0050080603286719975,0.09398027244973253,0.9955614635581364,-0.08]]]
[[[900.69287109375,0,623.7501220703125],[0,900.69287109375,373.2276306152344],[0,0,1]],[[0.9929987838972011,0.0152353933630107,0.11713794418442705,-0.32],[-0.0032359777766015024,0.9947839207190207,-0.10195332033201569,-0.04],[-0.11808024232067345,0.1008604673197958,0.9878685249088178,-0.04]]]
[[[900.69287109375,0,623.7501220703125],[0,900.69287109375,373.2276306152344],[0,0,1]],[[0.9821060547975445,0.023888356054985318,0.1868075040649942,-0.32],[-0.005724891686942343,0.9952511361172807,-0.0971720210371016,-0.04],[-0.18824166049303578,0.09436377749037171,0.9775789250759104,-0.05]]]
[[[900.69287109375,0,623.7501220703125],[0,900.69287109375,373.2276306152344],[0,0,1]],[[0.977441278992162,0.031245590619483968,0.2088833626429024,-0.32],[-0.01206046939494618,0.9956399758947803,-0.09249639710937349,-0.04],[-0.21086273070445669,0.08789056529048478,0.9735564479437127,-0.05]]]
[[[900.69287109375,0,623.7501220703125],[0,900.69287109375,373.2276306152344],[0,0,1]],[[0.9796851716834922,0.04059083341411761,0.1963908058597289,-0.32],[-0.022635759109728985,0.9954254598448846,-0.09282120610144168,-0.04],[-0.19926009834638916,0.08649010426255332,0.9761223668534801,-0.05]]]
[[[900.69287109375,0,623.7501220703125],[0,900.69287109375,373.2276306152344],[0,0,1]],[[0.9993911635272468,0.032755568368236614,0.01201561502919248,-0.32],[-0.031640656666618125,0.9960051934627073,-0.08350163735532466,-0.04],[-0.014702758562976308,0.08307061656319119,0.9964351968665349,-0.04]]]
[[[900.69287109375,0,623.7501220703125],[0,900.69287109375,373.2276306152344],[0,0,1]],[[0.9697774062039465,0.02040958094119557,-0.24313624045409282,-0.32],[-0.03858341163767021,0.9967849723244844,-0.07022135924684869,-0.04],[0.2409213621967628,0.07748011328000026,0.9674470162667176,-0.04]]]
[[[900.69287109375,0,623.7501220703125],[0,900.69287109375,373.2276306152344],[0,0,1]],[[0.9270816786012096,0.021189082048476207,-0.37426004863451084,-0.32],[-0.04597243961827767,0.9972912996716496,-0.05741601165855797,-0.04],[0.37202969773595673,0.07043497995438626,0.9255446059490152,-0.04]]]
[[[900.69287109375,0,623.7501220703125],[0,900.69287109375,373.2276306152344],[0,0,1]],[[0.8777909403793678,0.019804335517870676,-0.4786343628309618,-0.32],[-0.04876208298926759,0.9976492671414794,-0.04814767943127628,-0.04],[0.47655568850917407,0.06560280532694292,0.876693189024976,-0.03]]]
[[[900.69287109375,0,623.7501220703125],[0,900.69287109375,373.2276306152344],[0,0,1]],[[0.8503524811058545,0.017190553098563315,-0.525932640897371,-0.32],[-0.04824331681328859,0.9978038449348097,-0.04538798757560168,-0.04],[0.52399736665366,0.063968522864576,0.8493143044966063,-0.03]]]
[[[900.69287109375,0,623.7501220703125],[0,900.69287109375,373.2276306152344],[0,0,1]],[[0.8630147581780672,0.015931177620249308,-0.5049274450319415,-0.32],[-0.04724579223896969,0.9976672324196304,-0.04927401416433616,-0.04],[0.5029645735860174,0.06637989858223013,0.8617542264367775,-0.03]]]
[[[900.69287109375,0,623.7501220703125],[0,900.69287109375,373.2276306152344],[0,0,1]],[[0.9025438775221118,0.01596011580083668,-0.43030201469546353,-0.33],[-0.04537436000106724,0.9972743092428761,-0.05818178046981771,-0.04],[0.42820055651743916,0.07203628827034605,0.900808002057257,-0.03]]]
[[[900.69287109375,0,623.7501220703125],[0,900.69287109375,373.2276306152344],[0,0,1]],[[0.9553708566588215,0.01899169878385548,-0.294797967469745,-0.33],[-0.04177444730377955,0.996588462109031,-0.07117817603465558,-0.04],[0.2924404585543069,0.08031657717096748,0.9529049405014578,-0.02]]]
[[[900.69287109375,0,623.7501220703125],[0,900.69287109375,373.2276306152344],[0,0,1]],[[0.9900217130944112,0.02018707818093714,-0.139461426481031,-0.33],[-0.03245449573268687,0.9957441831630601,-0.08625675280038833,-0.04],[0.13712663238169415,0.08992220844400464,0.9864635234615665,-0.03]]]
[[[900.69287109375,0,623.7501220703125],[0,900.69287109375,373.2276306152344],[0,0,1]],[[0.999613233557362,0.02735792676630694,0.0049927086881015464,-0.33],[-0.026770267877353305,0.9952406790113882,-0.09369815152245908,-0.04],[-0.007532333952342008,0.09352825607269892,0.9955881323425013,-0.04]]]
[[[900.69287109375,0,623.7501220703125],[0,900.69287109375,373.2276306152344],[0,0,1]],[[0.9902831183315042,0.03666912320532708,0.13414440335319464,-0.33],[-0.023897768395642095,0.9951323028724082,-0.0956064665468077,-0.04],[-0.13699723432734065,0.09147171794172312,0.9863390302545315,-0.04]]]
[[[900.69287109375,0,623.7501220703125],[0,900.69287109375,373.2276306152344],[0,0,1]],[[0.9745482719984095,0.04641259594291714,0.21932062484580309,-0.33],[-0.026908621674149143,0.995478599090604,-0.09109492209890867,-0.03],[-0.2225569401850041,0.08287478320000746,0.9713908475402886,-0.05]]]
[[[900.69287109375,0,623.7501220703125],[0,900.69287109375,373.2276306152344],[0,0,1]],[[0.9636685565000335,0.05505141903805076,0.2613661310786818,-0.33],[-0.03296630471766039,0.9955618627014537,-0.08814647064786116,-0.03],[-0.26505874059612533,0.07632770660978115,0.9612065049911425,-0.05]]]
[[[900.69287109375,0,623.7501220703125],[0,900.69287109375,373.2276306152344],[0,0,1]],[[0.9639783415066286,0.06096051507787549,0.25890070047717123,-0.33],[-0.03924622295892671,0.9953265768159261,-0.08823117061078066,-0.03],[-0.2630693655475453,0.07489206289941937,0.9618657327429236,-0.06]]]
[[[900.69287109375,0,623.7501220703125],[0,900.69287109375,373.2276306152344],[0,0,1]],[[0.9758099351610463,0.06360965698817245,0.209162094985783,-0.33],[-0.04468221494091125,0.994568296131892,-0.09400746777399953,-0.03],[-0.2140057712048179,0.08238759534755456,0.9733518449275569,-0.06]]]
[[[900.69287109375,0,623.7501220703125],[0,900.69287109375,373.2276306152344],[0,0,1]],[[0.9921908666262991,0.06629055541236774,0.10565437258567831,-0.34],[-0.05630108466071981,0.9938953822386505,-0.09487969767402009,-0.04],[-0.11129902088239585,0.08819031368470574,0.9898661508117212,-0.04]]]
[[[900.69287109375,0,623.7501220703125],[0,900.69287109375,373.2276306152344],[0,0,1]],[[0.997162742871137,0.06208157768050064,-0.04257160958209939,-0.34],[-0.06539553271422696,0.9945284786997918,-0.08146489646529011,-0.04],[0.037281208815342935,0.08401775269416537,0.9957666035278995,-0.03]]]
[[[900.69287109375,0,623.7501220703125],[0,900.69287109375,373.2276306152344],[0,0,1]],[[0.9768299290359047,0.0578766943688159,-0.20604266060369167,-0.34],[-0.07234789632690712,0.9953622932389691,-0.0634010023196143,-0.04],[0.2014176547296202,0.07683874964495005,0.9764869353535767,-0.02]]]
[[[900.69287109375,0,623.7501220703125],[0,900.69287109375,373.2276306152344],[0,0,1]],[[0.9303107291414399,0.05601989602034746,-0.3624689207286492,-0.34],[-0.07696612845881498,0.9960801294897729,-0.043595764767905,-0.04],[0.3586058592861856,0.06845543722383764,0.930975666062282,-0.01]]]
[[[900.69287109375,0,623.7501220703125],[0,900.69287109375,373.2276306152344],[0,0,1]],[[0.8693397541845117,0.04694045853425509,-0.4919806755829,-0.34],[-0.07178526288706881,0.9969153113806771,-0.03172913435632681,-0.05],[0.48897368827642174,0.0629003599938927,0.8700277448943748,-0.01]]]
[[[900.69287109375,0,623.7501220703125],[0,900.69287109375,373.2276306152344],[0,0,1]],[[0.8260377876082322,0.03417083492158996,-0.5625779301430679,-0.34],[-0.06286970401129335,0.9975174392905236,-0.03172315603481102,-0.05],[0.5600972895496187,0.06157363357832678,0.8261354089295123,-0.01]]]
[[[900.69287109375,0,623.7501220703125],[0,900.69287109375,373.2276306152344],[0,0,1]],[[0.8302411650748371,0.027978416224074584,-0.556701729870466,-0.34],[-0.05930715643646475,0.9975041530333066,-0.03831613076402783,-0.05],[0.5542402628920039,0.06482802562856455,0.829828330489207,-0.01]]]
[[[900.69287109375,0,623.7501220703125],[0,900.69287109375,373.2276306152344],[0,0,1]],[[0.8663782591685587,0.025125120467461244,-0.4987558925582265,-0.34],[-0.057541413985828786,0.9971040482476146,-0.049724266155772426,-0.05],[0.49606219137984015,0.07177914244203665,0.8653150044889529,-0.0]]]
[[[900.69287109375,0,623.7501220703125],[0,900.69287109375,373.2276306152344],[0,0,1]],[[0.9166869529760422,0.02461373921254039,-0.3988473318018768,-0.34],[-0.054669857886430584,0.9964411856925419,-0.0641573853450914,-0.05],[0.3958487550595263,0.08061716503089225,0.9147702639571342,-0.01]]]
[[[900.69287109375,0,623.7501220703125],[0,900.69287109375,373.2276306152344],[0,0,1]],[[0.9669642433440027,0.02566870780550488,-0.25361638262098907,-0.34],[-0.04715879231337146,0.9957568458567737,-0.07902121384105307,-0.05],[0.2505118767677585,0.0883709305652303,0.9640717702688585,-0.02]]]
[[[900.69287109375,0,623.7501220703125],[0,900.69287109375,373.2276306152344],[0,0,1]],[[0.9927328220352469,0.032379389458710536,-0.1159013338672853,-0.34],[-0.04254644120958779,0.9953558400169107,-0.08635132937383941,-0.05],[0.11256706620647923,0.09065498818328396,0.9895000397792588,-0.02]]]
[[[900.69287109375,0,623.7501220703125],[0,900.69287109375,373.2276306152344],[0,0,1]],[[0.9991808152232039,0.040329671326615975,0.0033490447266083787,-0.34],[-0.03986825074283899,0.9951847345604838,-0.08954254117728401,-0.05],[-0.006944139442710788,0.08933566873576655,0.9959773678246578,-0.03]]]
[[[900.69287109375,0,623.7501220703125],[0,900.69287109375,373.2276306152344],[0,0,1]],[[0.994555755740258,0.04715115209312398,0.09292802365387726,-0.34],[-0.03880074618241237,0.9952124888971607,-0.08970286527645996,-0.05],[-0.09671272315270878,0.08560882430806886,0.9916238089018323,-0.03]]]
[[[900.69287109375,0,623.7501220703125],[0,900.69287109375,373.2276306152344],[0,0,1]],[[0.9919155116636452,0.052481747479319406,0.11553910118468824,-0.34],[-0.04204842449290687,0.9949666970753281,-0.0909571421531943,-0.05],[-0.11973114765470591,0.08536356302620594,0.9891296752139013,-0.04]]]
[[[900.69287109375,0,623.7501220703125],[0,900.69287109375,373.2276306152344],[0,0,1]],[[0.9958516003191014,0.05624006172819472,0.07153073184788204,-0.34],[-0.04955965432917369,0.9945282405964448,-0.09196422847451442,-0.05],[-0.07631140677944272,0.08803768575416279,0.9931897779792106,-0.04]]]
[[[900.69287109375,0,623.7501220703125],[0,900.69287109375,373.2276306152344],[0,0,1]],[[0.9982087985998668,0.05585037289994724,-0.021445984350168954,-0.35],[-0.05750950379787452,0.9945739779842514,-0.08669059516178346,-0.04],[0.01648791590023157,0.08776866276478647,0.996004422914752,-0.04]]]
[[[900.69287109375,0,623.7501220703125],[0,900.69287109375,373.2276306152344],[0,0,1]],[[0.9890718423341646,0.05259945306876122,-0.13773230644467088,-0.35],[-0.06335655191945624,0.9951750401374657,-0.0749171997359142,-0.04],[0.13312714986274882,0.08282473678956548,0.9876321303730252,-0.03]]]
[[[900.69287109375,0,623.7501220703125],[0,900.69287109375,373.2276306152344],[0,0,1]],[[0.959511025155323,0.04961717644819155,-0.27726652954637365,-0.35],[-0.06866990768327465,0.9958678435782079,-0.05942795559045072,-0.04],[0.2731721735172739,0.0760616455790898,0.9589533824371492,-0.02]]]
[[[900.69287109375,0,623.7501220703125],[0,900.69287109375,373.2276306152344],[0,0,1]],[[0.9112996220033512,0.047273570131082,-0.4090210367494694,-0.35],[-0.07156172940263725,0.9964531536127854,-0.044272243449348915,-0.04],[0.40547739495741664,0.06961553147248367,0.9114503606649957,-0.02]]]
[[[900.69287109375,0,623.7501220703125],[0,900.69287109375,373.2276306152344],[0,0,1]],[[0.8553062176906504,0.04414405125742697,-0.5162388756363623,-0.35],[-0.07099332095473933,0.9969513619322391,-0.03237175190302734,-0.04],[0.5132360298727391,0.06433727286756445,0.855832631394967,-0.02]]]
[[[900.69287109375,0,623.7501220703125],[0,900.69287109375,373.2276306152344],[0,0,1]],[[0.8028972194629154,0.039144280753740976,-0.5948308837501558,-0.35],[-0.06776670026406943,0.997366600941134,-0.02583675023001869,-0.04],[0.5922530956559356,0.06105398112654819,0.8034355494217069,-0.02]]]
[[[900.69287109375,0,623.7501220703125],[0,900.69287109375,373.2276306152344],[0,0,1]],[[0.7649614514575842,0.03657009538889063,-0.6430370175247717,-0.36],[-0.06636131751875,0.9975483867012512,-0.022212422805863836,-0.04],[0.6406482290001914,0.05966443088623453,0.7655129015019538,-0.01]]]
[[[900.69287109375,0,623.7501220703125],[0,900.69287109375,373.2276306152344],[0,0,1]],[[0.7687242204386466,0.03488209263153465,-0.6386284620377017,-0.36],[-0.0654891292864355,0.9975563066813201,-0.024343149870720414,-0.04],[0.6362187099231676,0.0605363908237752,0.7691300920713813,-0.01]]]
[[[900.69287109375,0,623.7501220703125],[0,900.69287109375,373.2276306152344],[0,0,1]],[[0.8073022893877251,0.03522283496428659,-0.5890860424814157,-0.36],[-0.06617268893607546,0.9973248721759737,-0.03105277086102419,-0.04],[0.5864163953952065,0.06405038045364372,0.8074734422725222,-0.01]]]
[[[900.69287109375,0,623.7501220703125],[0,900.69287109375,373.2276306152344],[0,0,1]],[[0.874538614385746,0.03932508312837342,-0.48335882094486077,-0.36],[-0.06763475615853055,0.9968562618404115,-0.04126903183910426,-0.05],[0.4802163592669825,0.06878321791329196,0.8744490363799694,-0.01]]]
[[[900.69287109375,0,623.7501220703125],[0,900.69287109375,373.2276306152344],[0,0,1]],[[0.9405745438026696,0.039473122281517906,-0.33728533939047534,-0.36],[-0.06334176083254438,0.9961834137628168,-0.060053538434409096,-0.05],[0.3336275601400948,0.07784907681667548,0.9394850570146174,-0.02]]]
[[[900.69287109375,0,623.7501220703125],[0,900.69287109375,373.2276306152344],[0,0,1]],[[0.9838428292145734,0.0378088445033504,-0.17499651048059492,-0.37],[-0.05265007963906911,0.9953260043384053,-0.08095748391436376,-0.04],[0.17111766862911373,0.08886302023376348,0.9812349907732961,-0.02]]]
[[[900.69287109375,0,623.7501220703125],[0,900.69287109375,373.2276306152344],[0,0,1]],[[0.9981785094064121,0.04614469901653446,-0.038862965814085465,-0.38],[-0.04947915955383187,0.9947361819151339,-0.0897314947983585,-0.07],[0.03451776541202777,0.09149095661088495,0.9952074802418767,0.03]]]
[[[900.69287109375,0,623.7501220703125],[0,900.69287109375,373.2276306152344],[0,0,1]],[[0.9961298149721902,0.05556535521403208,0.0681020045476526,-0.38],[-0.049110116178913574,0.9944495436621522,-0.09304999515868245,-0.06],[-0.0728943633785471,0.08934537710522943,0.9933296609774425,0.02]]]
[[[900.69287109375,0,623.7501220703125],[0,900.69287109375,373.2276306152344],[0,0,1]],[[0.9878285829486861,0.06488362090809713,0.14136762871126118,-0.39],[-0.05245234237564185,0.994563498874167,-0.08995664781706497,-0.06],[-0.14643579647374172,0.08144668467794962,0.9858615496437984,0.01]]]
[[[900.69287109375,0,623.7501220703125],[0,900.69287109375,373.2276306152344],[0,0,1]],[[0.9825545271629009,0.07214090932659706,0.1714126318368045,-0.39],[-0.058142265846539136,0.994654501449354,-0.08533404753536267,-0.06],[-0.17665242164747855,0.07387903591729436,0.981496719290499,0.01]]]
[[[900.69287109375,0,623.7501220703125],[0,900.69287109375,373.2276306152344],[0,0,1]],[[0.9838848372305468,0.07634386935525596,0.16168562298388858,-0.39],[-0.0633793019537216,0.9944579149924342,-0.083883963859366,-0.06],[-0.1671935738946911,0.07228463820735392,0.9832706849731423,0.01]]]
[[[900.69287109375,0,623.7501220703125],[0,900.69287109375,373.2276306152344],[0,0,1]],[[0.9912663631792697,0.07691602942320659,0.10712106070755863,-0.39],[-0.06744387815871258,0.9937091188699659,-0.08940643362526364,-0.06],[-0.11332396272746895,0.08140093053795122,0.9902179396371785,0.0]]]
[[[900.69287109375,0,623.7501220703125],[0,900.69287109375,373.2276306152344],[0,0,1]],[[0.9971788338846641,0.07504956923447567,0.001391190188715346,-0.39],[-0.0746241776513542,0.993186003657785,-0.08951421254827382,-0.06],[-0.00809971371596936,0.08915786166120214,0.9959845733452509,0.0]]]
[[[900.69287109375,0,623.7501220703125],[0,900.69287109375,373.2276306152344],[0,0,1]],[[0.9862385931196849,0.07360823094374586,-0.14803805517040858,-0.39],[-0.08499605137157323,0.9937675675771206,-0.07212276258639883,-0.06],[0.1418065890307839,0.08371290204732686,0.9863483367138959,0.01]]]
[[[900.69287109375,0,623.7501220703125],[0,900.69287109375,373.2276306152344],[0,0,1]],[[0.9440072545208654,0.07409868546373469,-0.3214960158765961,-0.48],[-0.09287705906824334,0.9947291522914296,-0.04344842322119561,-0.07],[0.31658198829183576,0.070875231175077,0.9459136040331947,0.03]]]
[[[900.69287109375,0,623.7501220703125],[0,900.69287109375,373.2276306152344],[0,0,1]],[[0.8751109313518675,0.07766895140864719,-0.47764881640756557,-0.49],[-0.0956207397483009,0.9953284249933393,-0.01334168393667598,-0.07],[0.4743812095334877,0.05734858662041855,0.8784495475860782,0.03]]]
[[[900.69287109375,0,623.7501220703125],[0,900.69287109375,373.2276306152344],[0,0,1]],[[0.8002309987814692,0.06981778072194837,-0.595613822945937,-0.49],[-0.08751077752817828,0.9961632482925625,-0.0008040942881317042,-0.07],[0.5932724605150873,0.052766089927835776,0.8032705194068196,0.03]]]
[[[900.69287109375,0,623.7501220703125],[0,900.69287109375,373.2276306152344],[0,0,1]],[[0.7357356822054467,0.05896970324956651,-0.6746966577865522,-0.49],[-0.07994820900886616,0.9967990170516532,-5.9001124115248826e-05,-0.07],[0.6725334860108905,0.053984198646604545,0.738095126992804,0.03]]]
[[[900.69287109375,0,623.7501220703125],[0,900.69287109375,373.2276306152344],[0,0,1]],[[0.7103919457331147,0.04797965455881434,-0.7021689513115317,-0.49],[-0.07451339187794258,0.9971936790965773,-0.007247123613987633,-0.07],[0.6998507254181877,0.05746928847870923,0.7119734847684901,0.04]]]
[[[900.69287109375,0,623.7501220703125],[0,900.69287109375,373.2276306152344],[0,0,1]],[[0.7376948106914492,0.04028160497291118,-0.6739315681726991,-0.49],[-0.072813813336739,0.9971429332956594,-0.020102715386009065,-0.07],[0.6711963310882066,0.06390119622772875,0.7385202246752595,0.04]]]
[[[900.69287109375,0,623.7501220703125],[0,900.69287109375,373.2276306152344],[0,0,1]],[[0.7955688409203252,0.038149317430132786,-0.6046609371675213,-0.49],[-0.07385132142700489,0.9966797281114144,-0.03428559311492666,-0.07],[0.6013453264806965,0.07193155879982072,0.7957447135661364,0.04]]]
[[[900.69287109375,0,623.7501220703125],[0,900.69287109375,373.2276306152344],[0,0,1]],[[0.8745519068642778,0.04126841174763453,-0.48317272314554693,-0.5],[-0.07514192270385082,0.9958703810328592,-0.05094973634707356,-0.07],[0.47907478920563557,0.08086471649177718,0.8740413285275933,0.03]]]
[[[900.69287109375,0,623.7501220703125],[0,900.69287109375,373.2276306152344],[0,0,1]],[[0.9475760485609629,0.03961568989826517,-0.3170650237845167,-0.5],[-0.06779921963871323,0.994617686636058,-0.0783512810815366,-0.07],[0.31225454041530476,0.09574055851425206,0.9451618101919934,0.02]]]
[[[900.69287109375,0,623.7501220703125],[0,900.69287109375,373.2276306152344],[0,0,1]],[[0.9862642074752598,0.04943500746550468,-0.15760422928996343,-0.5],[-0.0641812328442996,0.9938815218850497,-0.08989043222747983,-0.07],[0.1521961970739863,0.09877094963774948,0.9834025712310669,0.01]]]
[[[900.69287109375,0,623.7501220703125],[0,900.69287109375,373.2276306152344],[0,0,1]],[[0.9980153471305457,0.061549969993259034,-0.013302935229684992,-0.5],[-0.06252307843051783,0.9937067204346548,-0.09293986457152953,-0.07],[0.007498770263689702,0.09358715166534265,0.9955828511418328,-0.01]]]
[[[900.69287109375,0,623.7501220703125],[0,900.69287109375,373.2276306152344],[0,0,1]],[[0.9935111122418167,0.07225477359654636,0.08783460334367192,-0.49],[-0.06440566490177697,0.9939353528710758,-0.08913150195980069,-0.07],[-0.09374209396310906,0.0828960916181322,0.992139434663218,-0.01]]]
[[[900.69287109375,0,623.7501220703125],[0,900.69287109375,373.2276306152344],[0,0,1]],[[0.9924299247719764,0.08312106034895149,0.09040870391480627,-0.49],[-0.07572568320360519,0.9937209272024883,-0.08236710352546148,-0.07],[-0.09668746206430473,0.07489731748395816,0.9924927841114366,-0.01]]]
[[[900.69287109375,0,623.7501220703125],[0,900.69287109375,373.2276306152344],[0,0,1]],[[0.9958932835608072,0.08990741537205672,0.010640696386522413,-0.5],[-0.08879399033772237,0.9929112313252524,-0.07901211291995403,-0.07],[-0.017669041807018285,0.07774280268479877,0.9968168646207457,-0.01]]]
[[[900.69287109375,0,623.7501220703125],[0,900.69287109375,373.2276306152344],[0,0,1]],[[0.9889835670330779,0.09172011780341872,-0.11618487048086922,-0.5],[-0.09949838233870688,0.9930408926615512,-0.06300680450499047,-0.07],[0.10959733596447438,0.07387290093177995,0.9912271275834886,-0.01]]]
[[[900.69287109375,0,623.7501220703125],[0,900.69287109375,373.2276306152344],[0,0,1]],[[0.960410087484897,0.09012597571803317,-0.2636091279871111,-0.5],[-0.10450647548282059,0.9936779512150018,-0.04101860372215348,-0.07],[0.25824573653675537,0.06694354166033448,0.963757076129955,0.0]]]
[[[900.69287109375,0,623.7501220703125],[0,900.69287109375,373.2276306152344],[0,0,1]],[[0.9068985574802486,0.088739281808316,-0.41189846601363844,-0.5],[-0.10501302777686995,0.9943256090246975,-0.016995506311928768,-0.07],[0.4080530240512605,0.058667905210675,0.911071241155604,0.01]]]
[[[900.69287109375,0,623.7501220703125],[0,900.69287109375,373.2276306152344],[0,0,1]],[[0.8389286724357272,0.08730253183340533,-0.5371935875461524,-0.5],[-0.10181769044526615,0.9947995096826511,0.0026633526895624357,-0.07],[0.5346324349285408,0.05246144746987339,0.8434547741590804,0.01]]]
[[[900.69287109375,0,623.7501220703125],[0,900.69287109375,373.2276306152344],[0,0,1]],[[0.7710625520667591,0.0867983719512588,-0.6308158078448155,-0.5],[-0.09967139067329411,0.9949063539948644,0.015065213635961638,-0.07],[0.6289102914419098,0.05125806675301472,0.7757863468192744,0.01]]]
[[[900.69287109375,0,623.7501220703125],[0,900.69287109375,373.2276306152344],[0,0,1]],[[0.7096993891711427,0.08577455977540491,-0.6992635425255933,-0.51],[-0.09673715343665658,0.9950236228952035,0.02387285122218892,-0.07],[0.697831426746517,0.05070221667579731,0.7144652441295384,0.01]]]
[[[900.69287109375,0,623.7501220703125],[0,900.69287109375,373.2276306152344],[0,0,1]],[[0.6618646228816564,0.08674981006514776,-0.7445869267126463,-0.51],[-0.09595937694605512,0.9949142873493252,0.0306163159819942,-0.07],[0.7434561311562692,0.051186241138075315,0.6668230273200733,0.01]]]
[[[900.69287109375,0,623.7501220703125],[0,900.69287109375,373.2276306152344],[0,0,1]],[[0.6640716596577474,0.08318714057171431,-0.7430267360485132,-0.51],[-0.0957556494348726,0.995069818375391,0.025824642488759306,-0.07],[0.7415117574527802,0.053999594460220665,0.6687633044339537,0.01]]]
[[[900.69287109375,0,623.7501220703125],[0,900.69287109375,373.2276306152344],[0,0,1]],[[0.7086973994790184,0.08020641663468633,-0.7009386040890455,-0.51],[-0.09915385909824911,0.9949791548757878,0.013601234818486685,-0.07],[0.6985102062229307,0.059861607840803646,0.7130919153300734,0.01]]]
[[[900.69287109375,0,623.7501220703125],[0,900.69287109375,373.2276306152344],[0,0,1]],[[0.7800294367648828,0.0784844870789275,-0.6208013072378452,-0.51],[-0.10365313514180023,0.994603341625968,-0.0044967101011625515,-0.07],[0.6170981326786976,0.0678555680428354,0.783955047518701,0.02]]]
[[[900.69287109375,0,623.7501220703125],[0,900.69287109375,373.2276306152344],[0,0,1]],[[0.8682961417150628,0.0704822162897801,-0.49101330681521893,-0.51],[-0.10090175199662557,0.9942552273420522,-0.035712453668372994,-0.07],[0.48567545411184526,0.08055308864273845,0.8704197568893803,0.01]]]
[[[900.69287109375,0,623.7501220703125],[0,900.69287109375,373.2276306152344],[0,0,1]],[[0.9276242438315908,0.07295336001869371,-0.3663209924613277,-0.53],[-0.09991974357905656,0.9934645809959674,-0.055174007916794436,-0.11],[0.35990180202239175,0.08778344700733602,0.9288513117461509,0.11]]]
[[[900.69287109375,0,623.7501220703125],[0,900.69287109375,373.2276306152344],[0,0,1]],[[0.9616919952164694,0.079125035482775,-0.2624647311476644,-0.53],[-0.09936785688367883,0.9929417928802593,-0.06475048239265188,-0.11],[0.2554888164967517,0.08835057844511261,0.9627666591306032,0.1]]]
[[[900.69287109375,0,623.7501220703125],[0,900.69287109375,373.2276306152344],[0,0,1]],[[0.975663778204492,0.0877555572258265,-0.20094564955659205,-0.54],[-0.10265616433889464,0.9925939048421715,-0.06495422998848022,-0.11],[0.19375733230761066,0.08400179906499156,0.9774465683252886,0.1]]]
[[[900.69287109375,0,623.7501220703125],[0,900.69287109375,373.2276306152344],[0,0,1]],[[0.9800929698700859,0.09707661347725309,-0.17318747508703689,-0.54],[-0.10930180473443274,0.9920426489870232,-0.06248598300903853,-0.11],[0.16574343393640353,0.08017177624699304,0.9829046751340493,0.1]]]
[[[900.69287109375,0,623.7501220703125],[0,900.69287109375,373.2276306152344],[0,0,1]],[[0.9791573056579742,0.10422908436870722,-0.17431944455016318,-0.54],[-0.11643916210994276,0.9913029325596523,-0.06132224250439615,-0.11],[0.16641181539707744,0.08034173181040107,0.9827778557873365,0.1]]]
[[[900.69287109375,0,623.7501220703125],[0,900.69287109375,373.2276306152344],[0,0,1]],[[0.9726929379870579,0.10710029159223826,-0.20590768788698283,-0.54],[-0.12220535916032169,0.990562637824749,-0.06206054091104898,-0.11],[0.19731776043377944,0.08552887282393438,0.9766015120461696,0.09]]]
[[[900.69287109375,0,623.7501220703125],[0,900.69287109375,373.2276306152344],[0,0,1]],[[0.9542977617884247,0.11020552300838207,-0.27779583248143236,-0.54],[-0.1318804973765865,0.9894159960728776,-0.060527028068622216,-0.11],[0.26818522751506507,0.09439665997038553,0.9587314297180041,0.09]]]
[[[900.69287109375,0,623.7501220703125],[0,900.69287109375,373.2276306152344],[0,0,1]],[[0.915191333779797,0.11148188143593424,-0.3872939615923034,-0.54],[-0.13814695488211137,0.9895372663073254,-0.04161030456299655,-0.11],[0.37860301297157706,0.0915848715701985,0.9210168130215182,0.1]]]
[[[900.69287109375,0,623.7501220703125],[0,900.69287109375,373.2276306152344],[0,0,1]],[[0.849556467228279,0.11636961134109541,-0.5145016254074697,-0.54],[-0.14105704236144467,0.9899604879091536,-0.009007950871989565,-0.11],[0.5082880283764782,0.08022684048990694,0.8574420880002097,0.11]]]
[[[900.69287109375,0,623.7501220703125],[0,900.69287109375,373.2276306152344],[0,0,1]],[[0.7670360513334832,0.1238686383672038,-0.62953336399574,-0.55],[-0.13890518606700888,0.9899761508859597,0.025545448923620304,-0.11],[0.6263872965174403,0.06785116878930342,0.7765533939501504,0.11]]]
[[[900.69287109375,0,623.7501220703125],[0,900.69287109375,373.2276306152344],[0,0,1]],[[0.6828702213651078,0.12694450126951942,-0.7194257115020298,-0.55],[-0.13078708059184677,0.9901200176192562,0.05056767999330955,-0.11],[0.718737087065243,0.05956042567911145,0.6927261763279142,0.11]]]
[[[900.69287109375,0,623.7501220703125],[0,900.69287109375,373.2276306152344],[0,0,1]],[[0.6162836130827906,0.12098928721913767,-0.7781748522175631,-0.55],[-0.11938743912651284,0.9910609596695359,0.059538337209834785,-0.11],[0.7784222168106679,0.056211801226288924,0.6252192301732743,0.12]]]
[[[900.69287109375,0,623.7501220703125],[0,900.69287109375,373.2276306152344],[0,0,1]],[[0.5853915081998148,0.11306317442366208,-0.8028284379098628,-0.55],[-0.11078457212049056,0.9920953036868355,0.05893799269236655,-0.11],[0.8031460394645707,0.05443920454755188,0.5932898215042998,0.12]]]
[[[900.69287109375,0,623.7501220703125],[0,900.69287109375,373.2276306152344],[0,0,1]],[[0.601124937099576,0.10836359704366164,-0.7917740465769193,-0.55],[-0.11116147213417747,0.9924703824828465,0.05143604774197384,-0.11],[0.7913860859972162,0.057095277651580345,0.6086445532163216,0.12]]]
[[[900.69287109375,0,623.7501220703125],[0,900.69287109375,373.2276306152344],[0,0,1]],[[0.6522020409903148,0.10683200580559091,-0.7504794602543244,-0.55],[-0.11765855022661045,0.9922878769773433,0.039003009657832335,-0.11],[0.7488584400850671,0.06286248276476973,0.6597418775354563,0.12]]]
[[[900.69287109375,0,623.7501220703125],[0,900.69287109375,373.2276306152344],[0,0,1]],[[0.73703478378978,0.10838306355651528,-0.6671078166369036,-0.55],[-0.1278044248567444,0.991599701292032,0.019901291028214946,-0.11],[0.6636608745971009,0.07059138709260007,0.7446953065498357,0.12]]]
[[[900.69287109375,0,623.7501220703125],[0,900.69287109375,373.2276306152344],[0,0,1]],[[0.8303977740368638,0.10696000330595679,-0.5468080966549521,-0.55],[-0.1349165924897148,0.9907949998665094,-0.011080672835526578,-0.11],[0.5405895392491294,0.08297485120392478,0.8371846415947324,0.12]]]
[[[900.69287109375,0,623.7501220703125],[0,900.69287109375,373.2276306152344],[0,0,1]],[[0.9100424752256652,0.10519847078078451,-0.40094385520983966,-0.55],[-0.13527173912276183,0.9896757682775635,-0.0473648633368427,-0.11],[0.3918217067491896,0.09734041005460552,0.9148773659297476,0.12]]]
[[[900.69287109375,0,623.7501220703125],[0,900.69287109375,373.2276306152344],[0,0,1]],[[0.9548852143992288,0.11518679444440752,-0.2737265601058114,-0.58],[-0.13840517488867168,0.9881056259349835,-0.06701700948021012,-0.07],[0.2627512795131068,0.10187872388902493,0.9594699008999548,-0.01]]]
[[[900.69287109375,0,623.7501220703125],[0,900.69287109375,373.2276306152344],[0,0,1]],[[0.9770495699700702,0.1266516919137353,-0.1712702156146518,-0.58],[-0.14172864306700345,0.9867619702183892,-0.0788276973221283,-0.07],[0.15901927416413073,0.10129246302717401,0.9820655311017701,-0.01]]]
[[[900.69287109375,0,623.7501220703125],[0,900.69287109375,373.2276306152344],[0,0,1]],[[0.9850379737489753,0.13767744971674095,-0.10365862295056495,-0.58],[-0.14644422906504218,0.9857884797816729,-0.08231136557780823,-0.07],[0.09085305743924409,0.09626002788921474,0.991201154652631,-0.02]]]
[[[900.69287109375,0,623.7501220703125],[0,900.69287109375,373.2276306152344],[0,0,1]],[[0.9859992511581164,0.14539595070407144,-0.08164247812562422,-0.58],[-0.1520187222281759,0.984988156594661,-0.08178410273619494,-0.07],[0.06852579665897002,0.09305024925872585,0.9933004914451329,-0.02]]]
[[[900.69287109375,0,623.7501220703125],[0,900.69287109375,373.2276306152344],[0,0,1]],[[0.9835623168336034,0.15000488306776766,-0.10051718241544426,-0.58],[-0.1582344060659907,0.9841885315758824,-0.07959150112575755,-0.07],[0.08698874434004383,0.09418847790644913,0.9917466858970636,-0.02]]]
[[[900.69287109375,0,623.7501220703125],[0,900.69287109375,373.2276306152344],[0,0,1]],[[0.9740482047301633,0.15348717084810612,-0.16634837915348047,-0.58],[-0.16780678128229176,0.9829114519069727,-0.0756700856732967,-0.07],[0.15189133950829095,0.10162069717912413,0.9831593232468508,-0.02]]]
[[[900.69287109375,0,623.7501220703125],[0,900.69287109375,373.2276306152344],[0,0,1]],[[0.9497082827416166,0.15287407732466887,-0.2732831757977445,-0.59],[-0.1738358652211255,0.9832896518364311,-0.05406063775255211,-0.07],[0.26045204866691385,0.09884825275907073,0.9604133241847942,-0.01]]]
[[[900.69287109375,0,623.7501220703125],[0,900.69287109375,373.2276306152344],[0,0,1]],[[0.9042964311846258,0.14934638977763018,-0.39992951929951076,-0.59],[-0.17299930585479167,0.9846420567228195,-0.023478933246984912,-0.07],[0.39028093051097157,0.09041944477292638,0.9162451196521846,-0.0]]]
[[[900.69287109375,0,623.7501220703125],[0,900.69287109375,373.2276306152344],[0,0,1]],[[0.8399962460909319,0.14706520366501324,-0.522281660049547,-0.59],[-0.16728524973381365,0.9858714155772944,0.008555534414473306,-0.07],[0.5161607809342337,0.08018340114131986,0.8527301275355363,0.0]]]
[[[900.69287109375,0,623.7501220703125],[0,900.69287109375,373.2276306152344],[0,0,1]],[[0.7654902320962641,0.14471837212148045,-0.6269619584438249,-0.59],[-0.1576865159684022,0.9868593679921767,0.03526401122714745,-0.07],[0.6238266323642768,0.07186919073281856,0.7782513425471589,0.0]]]
[[[900.69287109375,0,623.7501220703125],[0,900.69287109375,373.2276306152344],[0,0,1]],[[0.691741163473429,0.1398632800924113,-0.7084718947412231,-0.59],[-0.14467910298697778,0.9880156424678015,0.05378705604344772,-0.07],[0.707504148337881,0.06529435749533964,0.7036863839552109,0.01]]]
[[[900.69287109375,0,623.7501220703125],[0,900.69287109375,373.2276306152344],[0,0,1]],[[0.6255449459185098,0.1349651276372858,-0.7684256209664406,-0.59],[-0.13289280774307582,0.9889625917383272,0.06551712594713408,-0.07],[0.7687867209349877,0.06113433130461066,0.6365764457235027,0.01]]]
[[[900.69287109375,0,623.7501220703125],[0,900.69287109375,373.2276306152344],[0,0,1]],[[0.5666430387257974,0.13328068929640335,-0.813112491924869,-0.59],[-0.12513085792503625,0.9893044602271195,0.07495967829221344,-0.07],[0.8144064925198834,0.05927008381471496,0.5772600125645789,0.01]]]
[[[900.69287109375,0,623.7501220703125],[0,900.69287109375,373.2276306152344],[0,0,1]],[[0.5262278599086581,0.133715021276778,-0.8397645697104067,-0.59],[-0.12056286568353854,0.9893149664071369,0.08197861099713008,-0.07],[0.8417534287866767,0.05810499400048616,0.5367261636980973,0.01]]]
[[[900.69287109375,0,623.7501220703125],[0,900.69287109375,373.2276306152344],[0,0,1]],[[0.5313764149469246,0.13470089654168518,-0.8363580418152385,-0.59],[-0.12439603705447051,0.98898228366129,0.08024754556522375,-0.07],[0.8379527024858245,0.06139797288971424,0.5422781180554285,0.02]]]
[[[900.69287109375,0,623.7501220703125],[0,900.69287109375,373.2276306152344],[0,0,1]],[[0.583995351778613,0.13362389121982166,-0.8006835110055954,-0.59],[-0.1357397101404489,0.9885456727353856,0.06597108462903147,-0.07],[0.8003275330712801,0.07015774092298856,0.5954441461603446,0.02]]]
[[[900.69287109375,0,623.7501220703125],[0,900.69287109375,373.2276306152344],[0,0,1]],[[0.6680334464564972,0.13614961088271826,-0.7315699541888927,-0.59],[-0.1521162771603907,0.9873446680229983,0.044845788536032785,-0.07],[0.7284174302131419,0.08132521123882666,0.6802898333641645,0.02]]]
[[[900.69287109375,0,623.7501220703125],[0,900.69287109375,373.2276306152344],[0,0,1]],[[0.7727382837576687,0.16128014695266418,-0.613892709692972,-0.58],[-0.1812405637216904,0.9829777956958042,0.03010832494280291,-0.07],[0.6082987776389958,0.08799640542627053,0.7888150795686901,0.02]]]
[[[900.69287109375,0,623.7501220703125],[0,900.69287109375,373.2276306152344],[0,0,1]],[[0.8519194238975735,0.1615120299239555,-0.4981437135765842,-0.59],[-0.1900152363054137,0.9817586308320345,-0.0066483651078234896,-0.07],[0.48798309925429223,0.10031876682182866,0.8670689937170647,0.01]]]
[[[900.69287109375,0,623.7501220703125],[0,900.69287109375,373.2276306152344],[0,0,1]],[[0.9107303088724996,0.15919113863815926,-0.38108855385604007,-0.59],[-0.19010269402524854,0.9807495477943309,-0.04462387506210318,-0.07],[0.36664870138232364,0.11308627626861628,0.9234610029093562,0.01]]]
[[[900.69287109375,0,623.7501220703125],[0,900.69287109375,373.2276306152344],[0,0,1]],[[0.9416523895354626,0.1730129535445135,-0.2887166347614168,-0.59],[-0.19721930731882945,0.978716118971173,-0.05673890452489976,-0.07],[0.2727550588033785,0.11036881974456643,0.955731866961313,-0.0]]]
[[[900.69287109375,0,623.7501220703125],[0,900.69287109375,373.2276306152344],[0,0,1]],[[0.9418411854518931,0.19149148601895313,-0.27616334327500053,-0.59],[-0.20997562788242236,0.9769403407049561,-0.03870150382952494,-0.07],[0.26238410218981484,0.09443824164784793,0.9603311936162999,-0.0]]]
[[[900.69287109375,0,623.7501220703125],[0,900.69287109375,373.2276306152344],[0,0,1]],[[0.9165771826634141,0.19941538328809288,-0.34658299601806974,-0.59],[-0.21756782999658475,0.9759469869829412,-0.013846225099137396,-0.07],[0.3354854804181182,0.08809644434925723,0.9379171119675995,-0.0]]]
[[[900.69287109375,0,623.7501220703125],[0,900.69287109375,373.2276306152344],[0,0,1]],[[0.8655600993302647,0.2019651509771182,-0.45827479991613346,-0.59],[-0.21553443939366262,0.9762220095412171,0.023140732973855008,-0.07],[0.4520515677250128,0.07874430695674166,0.8885092651397961,0.0]]]
[[[900.69287109375,0,623.7501220703125],[0,900.69287109375,373.2276306152344],[0,0,1]],[[0.7895260735061292,0.2028134860032623,-0.5792367988562179,-0.59],[-0.2041236870592277,0.9768633613375595,0.06380825697064077,-0.07],[0.5787763813731005,0.06785766847961534,0.8126581305771633,0.02]]]
[[[900.69287109375,0,623.7501220703125],[0,900.69287109375,373.2276306152344],[0,0,1]],[[0.6911271077119127,0.20628200080409131,-0.6926695150863991,-0.59],[-0.18575164862274518,0.9769066908935256,0.1055918667388445,-0.07],[0.6984551854054049,0.055687102920896764,0.7134839175122163,0.03]]]
[[[900.69287109375,0,623.7501220703125],[0,900.69287109375,373.2276306152344],[0,0,1]],[[0.5908764171789924,0.20649266530716923,-0.7798883502117844,-0.59],[-0.16206113504088654,0.9773646621110353,0.13599450638110847,-0.07],[0.7903171819788413,0.04603364455399119,0.6109661655428227,0.03]]]
[[[900.69287109375,0,623.7501220703125],[0,900.69287109375,373.2276306152344],[0,0,1]],[[0.5237151586965779,0.20219813566922434,-0.8275496036391464,-0.59],[-0.14476211814576864,0.9784186702757802,0.14744773584468707,-0.07],[0.8395036400763065,0.042577219116142755,0.5416833195797773,0.03]]]
[[[900.69287109375,0,623.7501220703125],[0,900.69287109375,373.2276306152344],[0,0,1]],[[0.517599796927629,0.19671491121208085,-0.8327026443618997,-0.6],[-0.14177303268561936,0.9794773622153174,0.14326375714341014,-0.07],[0.8437955068756882,0.04390148761200303,0.5348661533148772,0.03]]]
[[[900.69287109375,0,623.7501220703125],[0,900.69287109375,373.2276306152344],[0,0,1]],[[0.5676590265913803,0.1930985243285953,-0.8002975630547962,-0.6],[-0.1530306545884895,0.9799110856115766,0.12789012100924732,-0.07],[0.8089158474684156,0.049872078337085235,0.5858053665824465,0.04]]]
[[[900.69287109375,0,623.7501220703125],[0,900.69287109375,373.2276306152344],[0,0,1]],[[0.6514299885168358,0.18915359675872317,-0.7347515817568506,-0.6],[-0.17090089979435694,0.980118483086213,0.10080000774930706,-0.07],[0.7392102897758084,0.05990555855694472,0.6708050920673948,0.04]]]
[[[900.69287109375,0,623.7501220703125],[0,900.69287109375,373.2276306152344],[0,0,1]],[[0.7653370366338371,0.17860571954826612,-0.6183520173017817,-0.6],[-0.18799996084841955,0.980863423896752,0.050625669205782944,-0.07],[0.6155609109402005,0.07750445539571738,0.7842689744700372,0.04]]]
[[[900.69287109375,0,623.7501220703125],[0,900.69287109375,373.2276306152344],[0,0,1]],[[0.8539953951275813,0.17759554662051166,-0.4890313762136822,-0.6],[-0.19851375806880608,0.9800544515406793,0.009249857982578644,-0.16],[0.48092011078586205,0.08918012018303195,0.872217147965949,0.06]]]
[[[900.69287109375,0,623.7501220703125],[0,900.69287109375,373.2276306152344],[0,0,1]],[[0.9070358633893312,0.19197280379225823,-0.3747430921707692,-0.69],[-0.2096730902080959,0.9777491535878682,-0.006617242688249592,-0.14],[0.3651344105506329,0.08457561860457569,0.927105078709795,-0.19]]]
[[[900.69287109375,0,623.7501220703125],[0,900.69287109375,373.2276306152344],[0,0,1]],[[0.9307571360636911,0.21305505668464364,-0.2971509658197646,-0.69],[-0.2242491112410526,0.9745249004723676,-0.003681639162084152,-0.14],[0.28879662355040375,0.07006255191202397,0.954823412493358,-0.19]]]
[[[900.69287109375,0,623.7501220703125],[0,900.69287109375,373.2276306152344],[0,0,1]],[[0.9390530925605464,0.2269470517324326,-0.2582137197408969,-0.69],[-0.23524941037071728,0.9719341751695995,-0.0012938537861894653,-0.14],[0.25067310241169427,0.06195962271791804,0.9660869530637237,-0.2]]]
[[[900.69287109375,0,623.7501220703125],[0,900.69287109375,373.2276306152344],[0,0,1]],[[0.9388368276042105,0.23450564397854348,-0.2521755620124013,-0.69],[-0.24205192062238345,0.9702626408190463,0.0011294042083031183,-0.14],[0.24494137840935987,0.05997925285512456,0.9676808411712323,-0.2]]]
[[[900.69287109375,0,623.7501220703125],[0,900.69287109375,373.2276306152344],[0,0,1]],[[0.9342435753354138,0.2357955249332778,-0.26756197855065844,-0.69],[-0.24446735051755183,0.9696570786712895,0.0009296846720125845,-0.14],[0.2596625819702013,0.06454161606359794,0.9635402032714918,-0.2]]]
[[[900.69287109375,0,623.7501220703125],[0,900.69287109375,373.2276306152344],[0,0,1]],[[0.9225408753117013,0.22963804238573052,-0.31013658743909855,-0.7],[-0.2427925966644023,0.9700702312528053,-0.003937187077778029,-0.14],[0.2999501431639549,0.07893108339797446,0.9506838568575492,-0.21]]]
