[[[900.69287109375,0,623.7501220703125],[0,900.69287109375,373.2276306152344],[0,0,1]],[[0.9997747292825765,0.020063873634984145,-0.006923269654600466,-0.31],[-0.020625470169072634,0.9953718648651033,-0.09385862035674328,-0.02],[0.0050080603286719975,0.09398027244973253,0.9955614635581364,-0.08]]]
[[[900.69287109375,0,623.7501220703125],[0,900.69287109375,373.2276306152344],[0,0,1]],[[0.9927928118699553,0.031629430022354015,0.11559416877943622,-0.32],[-0.020481432392262366,0.9951332660775268,-0.09638616951116703,-0.04],[-0.11808024232067345,0.09332396210156986,0.9886089694470488,-0.04]]]
[[[900.69287109375,0,623.7501220703125],[0,900.69287109375,373.2276306152344],[0,0,1]],[[0.9819138105325549,0.03822189917356145,0.18543018931394165,-0.32],[-0.020256997316057884,0.9949972626641216,-0.09782689482265275,-0.04],[-0.18824166049303578,0.09230132022062978,0.9777758145609624,-0.05]]]
[[[900.69287109375,0,623.7501220703125],[0,900.69287109375,373.2276306152344],[0,0,1]],[[0.9773077323081234,0.04034740791356057,0.2079463465546112,-0.32],[-0.020161973380933416,0.9949534131690034,-0.09829140579286183,-0.04],[-0.21086273070445669,0.0918683421969029,0.9731891473407688,-0.05]]]
[[[900.69287109375,0,623.7501220703125],[0,900.69287109375,373.2276306152344],[0,0,1]],[[0.9797381709774035,0.03925720765983349,0.19639752538309865,-0.32],[-0.020212113616331216,0.9949759041283696,-0.09805315225475539,-0.04],[-0.19926009834638916,0.09209680695163341,0.9756093436187975,-0.05]]]
[[[900.69287109375,0,623.7501220703125],[0,900.69287109375,373.2276306152344],[0,0,1]],[[0.9996791986256246,0.021915930917649144,0.012696133554830423,-0.32],[-0.020623499360391956,0.9953336567056889,-0.09426337095083111,-0.04],[-0.014702758562976308,0.09397129242962932,0.995466335487918,-0.04]]]
[[[900.69287109375,0,623.7501220703125],[0,900.69287109375,373.2276306152344],[0,0,1]],[[0.9937172713941708,0.02317545029153569,-0.10949375798057376,-0.32],[-0.0344111348875333,0.9942026481291648,-0.10186740523203743,-0.04],[0.10649816115161749,0.10499520444639696,0.9887538362578339,-0.04]]]
[[[900.69287109375,0,623.7501220703125],[0,900.69287109375,373.2276306152344],[0,0,1]],[[0.9741761092862672,0.01838221323977302,-0.2250400016269964,-0.32],[-0.0434665837156339,0.9933057253560337,-0.10702519364624256,-0.04],[0.22156616211859337,0.11404310681199213,0.9684537188697795,-0.04]]]
[[[900.69287109375,0,623.7501220703125],[0,900.69287109375,373.2276306152344],[0,0,1]],[[0.9481462531977548,0.009848095664769463,-0.31768175515574787,-0.32],[-0.048924087343503064,0.9921295922845599,-0.11526190086441465,-0.04],[0.3140463599926996,0.12482742937772297,0.941165764703692,-0.03]]]
[[[900.69287109375,0,623.7501220703125],[0,900.69287109375,373.2276306152344],[0,0,1]],[[0.9386011147609646,-0.0006969131115880725,-0.345003567636031,-0.32],[-0.04360652767183735,0.9917384323049206,-0.12063727713183739,-0.04],[0.3422373710071415,0.1282746904166732,0.9308164081518046,-0.03]]]
[[[900.69287109375,0,623.7501220703125],[0,900.69287109375,373.2276306152344],[0,0,1]],[[0.9498950977753791,-0.0014721751159943869,-0.31256541063068816,-0.32],[-0.03970445435963033,0.9913200461396822,-0.1253320486771935,-0.04],[0.31003686801138164,0.13146253771339655,0.9415916002448443,-0.03]]]
[[[900.69287109375,0,623.7501220703125],[0,900.69287109375,373.2276306152344],[0,0,1]],[[0.9708665958672119,0.0038456404067405067,-0.23958978291879207,-0.33],[-0.03564718245004434,0.9910631633337335,-0.1285421513212954,-0.04],[0.23695428127085005,0.1333379815836268,0.9623272059204288,-0.03]]]
[[[900.69287109375,0,623.7501220703125],[0,900.69287109375,373.2276306152344],[0,0,1]],[[0.9953625633328546,0.020259670737484817,-0.09403676545403883,-0.33],[-0.03266553894641447,0.9906679378366159,-0.1323253547431,-0.04],[0.09047834039586208,0.13478346591535506,0.9867355710802438,-0.02]]]
[[[900.69287109375,0,623.7501220703125],[0,900.69287109375,373.2276306152344],[0,0,1]],[[0.9967339517096971,0.03236251696877897,0.07398714080579501,-0.33],[-0.02131970760881775,0.9891369515917198,-0.1454426383950531,-0.04],[-0.0778903047666753,0.14339023150579383,0.986596341941358,-0.03]]]
[[[900.69287109375,0,623.7501220703125],[0,900.69287109375,373.2276306152344],[0,0,1]],[[0.9696874578724357,0.04722221785598763,0.23974214520116138,-0.33],[-0.009918143610562223,0.987946042662821,-0.15448057228723486,-0.04],[-0.24414721885004828,0.14742007640627844,0.9584672433631489,-0.04]]]
[[[900.69287109375,0,623.7501220703125],[0,900.69287109375,373.2276306152344],[0,0,1]],[[0.9232972926924865,0.055508054622766353,0.380053897728626,-0.33],[0.0020316665674616706,0.9887822424712399,-0.14935042452067157,-0.04],[-0.3840806967782729,0.13866698542025835,0.9128271936772996,-0.04]]]
[[[900.69287109375,0,623.7501220703125],[0,900.69287109375,373.2276306152344],[0,0,1]],[[0.8973719746150302,0.05806968888451614,0.4374373674120413,-0.33],[-0.002440060108231158,0.9919413595165306,-0.12667432805097123,-0.03],[-0.4412681557536074,0.11260661842606039,0.8902820700230112,-0.05]]]
[[[900.69287109375,0,623.7501220703125],[0,900.69287109375,373.2276306152344],[0,0,1]],[[0.8792199477860544,0.06410091980710278,0.4720840555398702,-0.33],[-0.013215585750524454,0.993807257117153,-0.11032898075551786,-0.03],[-0.47623274951262895,0.09076457338171251,0.8746222959143434,-0.05]]]
[[[900.69287109375,0,623.7501220703125],[0,900.69287109375,373.2276306152344],[0,0,1]],[[0.872468768642895,0.07144072805038004,0.48341955909787315,-0.33],[-0.02231285560961427,0.9940481074499287,-0.10663253044807396,-0.03],[-0.48816020343458455,0.08224708171629287,0.8688699749282733,-0.06]]]
[[[900.69287109375,0,623.7501220703125],[0,900.69287109375,373.2276306152344],[0,0,1]],[[0.8806457110484198,0.08210939624573217,0.46660602081433167,-0.33],[-0.03479629985070884,0.9934171049554265,-0.10914061159201302,-0.03],[-0.472495872075855,0.07987804848730615,0.8777056159334615,-0.06]]]
[[[900.69287109375,0,623.7501220703125],[0,900.69287109375,373.2276306152344],[0,0,1]],[[0.902455504611764,0.08008037047697728,0.42327437491560543,-0.34],[-0.04109042695482692,0.9940915643968966,-0.10046660344413492,-0.04],[-0.42881888835334253,0.07327411452348706,0.9004139409916988,-0.04]]]
[[[900.69287109375,0,623.7501220703125],[0,900.69287109375,373.2276306152344],[0,0,1]],[[0.9336860114595279,0.11002832859096884,0.34077000882160396,-0.34],[-0.07217708020894915,0.9899187236808258,-0.12186627752842738,-0.04],[-0.350743355029442,0.08918905433741604,0.9322147882806239,-0.03]]]
[[[900.69287109375,0,623.7501220703125],[0,900.69287109375,373.2276306152344],[0,0,1]],[[0.9745467133525343,0.09677283281696994,0.20222196300687031,-0.34],[-0.07533575038471339,0.9909434182461794,-0.11115604593790444,-0.04],[-0.21114740871662477,0.09309221591065578,0.9730111053472609,-0.02]]]
[[[900.69287109375,0,623.7501220703125],[0,900.69287109375,373.2276306152344],[0,0,1]],[[0.9920893577127139,0.1054740120420811,0.06807304236569445,-0.34],[-0.09699394318700637,0.9882992122325415,-0.1177150886062351,-0.04],[-0.07969241681747694,0.11018121384467015,0.9907114710234785,-0.01]]]
[[[900.69287109375,0,623.7501220703125],[0,900.69287109375,373.2276306152344],[0,0,1]],[[0.9936206769156528,0.09547114471524919,-0.06002675180650503,-0.34],[-0.10196436900899343,0.9879409910001208,-0.11651551722537655,-0.05],[0.04817901885964084,0.1218928169682658,0.9913732512597176,-0.01]]]
[[[900.69287109375,0,623.7501220703125],[0,900.69287109375,373.2276306152344],[0,0,1]],[[0.9854343539800269,0.07720991129831803,-0.151518195584797,-0.34],[-0.09487925854927745,0.9890458237408712,-0.11307645571860099,-0.05],[0.14112781544793462,0.12580535814522062,0.9819653515113689,-0.01]]]
[[[900.69287109375,0,623.7501220703125],[0,900.69287109375,373.2276306152344],[0,0,1]],[[0.9841109782627062,0.06714017512502667,-0.16437085917826227,-0.34],[-0.08725584908786693,0.9891263878232172,-0.1183866787765833,-0.05],[0.1546350518568632,0.13084794914699766,0.9792685101346055,-0.01]]]
[[[900.69287109375,0,623.7501220703125],[0,900.69287109375,373.2276306152344],[0,0,1]],[[0.9892542115180434,0.06573326213421642,-0.13059572444382955,-0.34],[-0.08238129488704143,0.9885443366229125,-0.12646508128135717,-0.05],[0.12078670144742173,0.1358647591539482,0.9833368395282926,-0.0]]]
[[[900.69287109375,0,623.7501220703125],[0,900.69287109375,373.2276306152344],[0,0,1]],[[0.9958357153360365,0.06657053033261853,-0.06228637533520726,-0.34],[-0.0741645063675828,0.9888885068421815,-0.12883767706184915,-0.05],[0.05301748821301486,0.13292059857928148,0.9897076641195158,-0.01]]]
[[[900.69287109375,0,623.7501220703125],[0,900.69287109375,373.2276306152344],[0,0,1]],[[0.9932330265045823,0.09002172191087279,0.07337741236067996,-0.34],[-0.07946144826374489,0.9875251810825474,-0.13594077742793162,-0.05],[-0.08469966529081434,0.1291901943341047,0.9879958807543381,-0.02]]]
[[[900.69287109375,0,623.7501220703125],[0,900.69287109375,373.2276306152344],[0,0,1]],[[0.9740521110191828,0.10653710414611364,0.19968057106096687,-0.34],[-0.07792692083380415,0.9862039038434487,-0.14604538696345043,-0.05],[-0.21248501130299924,0.12669532542324555,0.9689161029147272,-0.02]]]
[[[900.69287109375,0,623.7501220703125],[0,900.69287109375,373.2276306152344],[0,0,1]],[[0.9556106808772138,0.11584980388502736,0.27090044210593067,-0.34],[-0.07645155432057758,0.9854588615535204,-0.1517431778618322,-0.05],[-0.2845406586682398,0.12429664164988757,0.9505719112403879,-0.03]]]
[[[900.69287109375,0,623.7501220703125],[0,900.69287109375,373.2276306152344],[0,0,1]],[[0.9332475464807485,0.12448955150427979,0.3369738395690777,-0.34],[-0.07466244038714989,0.9847676573344308,-0.15702923633353313,-0.05],[-0.35138943777965004,0.12138786032516011,0.9283266937789632,-0.03]]]
[[[900.69287109375,0,623.7501220703125],[0,900.69287109375,373.2276306152344],[0,0,1]],[[0.9262682345763641,0.12683117859759585,0.3548816841573128,-0.34],[-0.07410407571641547,0.9845803205512558,-0.15846191449494207,-0.05],[-0.36950743372360145,0.12048005859365819,0.9213841825776407,-0.04]]]
[[[900.69287109375,0,623.7501220703125],[0,900.69287109375,373.2276306152344],[0,0,1]],[[0.9265632175293922,0.1267348852860818,0.35414527071966384,-0.34],[-0.07412767518606181,0.9845880242882308,-0.15840299933936935,-0.05],[-0.3687623783591406,0.12051842713760509,0.9216776101366398,-0.04]]]
[[[900.69287109375,0,623.7501220703125],[0,900.69287109375,373.2276306152344],[0,0,1]],[[0.9755515618505307,0.10562728948111613,0.19272266573463254,-0.35],[-0.0780468811366532,0.9862766915871132,-0.1454887348794392,-0.04],[-0.2054454538699543,0.1268903595583649,0.9704076474015018,-0.04]]]
[[[900.69287109375,0,623.7501220703125],[0,900.69287109375,373.2276306152344],[0,0,1]],[[0.9881787521972807,0.0960509131433105,0.11948629959188448,-0.35],[-0.07905709203951237,0.9870428287499083,-0.13962961867610804,-0.04],[-0.13134964752172507,0.1285327829688422,0.9829682567602085,-0.03]]]
[[[900.69287109375,0,623.7501220703125],[0,900.69287109375,373.2276306152344],[0,0,1]],[[0.9967730408174987,0.08026147636152671,-0.0012651133171309916,-0.35],[-0.07974465941024558,0.9883060283017444,-0.12996916448902654,-0.04],[-0.009181197905558004,0.12965064533082662,0.991517229184808,-0.02]]]
[[[900.69287109375,0,623.7501220703125],[0,900.69287109375,373.2276306152344],[0,0,1]],[[0.9911957668499273,0.0653710066234193,-0.11514157924844304,-0.35],[-0.0792984617355805,0.9894973079502691,-0.12085872548368673,-0.04],[0.10603162615538485,0.12892520720251469,0.9859693632170492,-0.02]]]
[[[900.69287109375,0,623.7501220703125],[0,900.69287109375,373.2276306152344],[0,0,1]],[[0.9728606388501698,0.05829548044337001,-0.223928145475097,-0.35],[-0.08624304092896595,0.9893657458352013,-0.11712198281825938,-0.04],[0.21471915440259223,0.13325561124332666,0.9675425710555599,-0.02]]]
[[[900.69287109375,0,623.7501220703125],[0,900.69287109375,373.2276306152344],[0,0,1]],[[0.9468886525586112,0.050800206188348976,-0.31752357189185004,-0.35],[-0.0908902903777952,0.9894585208456,-0.11274214225868298,-0.04],[0.3084490797048643,0.13561406482094057,0.9415242910578377,-0.02]]]
[[[900.69287109375,0,623.7501220703125],[0,900.69287109375,373.2276306152344],[0,0,1]],[[0.9192749608594921,0.04410296174751092,-0.3911374120457883,-0.36],[-0.09420061080225971,0.9894767803090411,-0.10982689176032812,-0.04],[0.38217769592332357,0.13780649474662368,0.9137557544247742,-0.01]]]
[[[900.69287109375,0,623.7501220703125],[0,900.69287109375,373.2276306152344],[0,0,1]],[[0.9184306629317903,0.04199262243625585,-0.39334684064779035,-0.36],[-0.09243602292531694,0.989603632341358,-0.11018272333964522,-0.04],[0.3846306007748505,0.13755460922018056,0.912763951101193,-0.01]]]
[[[900.69287109375,0,623.7501220703125],[0,900.69287109375,373.2276306152344],[0,0,1]],[[0.9385774346787576,0.046456885958461674,-0.3419271221457649,-0.36],[-0.09158158573822515,0.9888968905584996,-0.11702885540499419,-0.04],[0.33269387169816406,0.14115487094242768,0.9324109019867325,-0.01]]]
[[[900.69287109375,0,623.7501220703125],[0,900.69287109375,373.2276306152344],[0,0,1]],[[0.9703020130024154,0.06107313206986156,-0.2340599839841016,-0.36],[-0.09164772207775823,0.9882828609097662,-0.12205606035738432,-0.05],[0.22386312470216851,0.1398823054256138,0.9645300627908892,-0.01]]]
[[[900.69287109375,0,623.7501220703125],[0,900.69287109375,373.2276306152344],[0,0,1]],[[0.9950148513525711,0.0664979340678725,-0.07432005350190246,-0.36],[-0.07698400047474378,0.9859052074067274,-0.14854085525269603,-0.05],[0.06339486776329306,0.15352181204311857,0.9861096003833812,-0.02]]]
[[[900.69287109375,0,623.7501220703125],[0,900.69287109375,373.2276306152344],[0,0,1]],[[0.9922411296639114,0.05704300648996867,0.11047006840710429,-0.37],[-0.03841674282274351,0.9857228019373517,-0.1639350835290226,-0.04],[-0.11824421539414136,0.15841923226477847,0.9802661130399551,-0.02]]]
[[[900.69287109375,0,623.7501220703125],[0,900.69287109375,373.2276306152344],[0,0,1]],[[0.9578440334942313,0.08044849343717692,0.27579493723270265,-0.38],[-0.033214347700670575,0.9845647956410144,-0.17183995545619385,-0.07],[-0.28536225154410466,0.15543552711029815,0.9457315593262302,0.03]]]
[[[900.69287109375,0,623.7501220703125],[0,900.69287109375,373.2276306152344],[0,0,1]],[[0.9300907689760144,0.08336194764000449,0.3577456458872299,-0.38],[-0.026673694473739167,0.9866648222396851,-0.16056476132032235,-0.06],[-0.36636003533235967,0.13979740426916237,0.9199114143605766,0.02]]]
[[[900.69287109375,0,623.7501220703125],[0,900.69287109375,373.2276306152344],[0,0,1]],[[0.903193004156387,0.09272504326424175,0.4190995867268365,-0.39],[-0.04124316213278309,0.9906177293360674,-0.13029012204439364,-0.06],[-0.42724863817249276,0.10039213453602089,0.8985432769227378,0.01]]]
[[[900.69287109375,0,623.7501220703125],[0,900.69287109375,373.2276306152344],[0,0,1]],[[0.8879932562910011,0.1017610165883056,0.44845587551577376,-0.39],[-0.056810761185521835,0.9920138362166551,-0.11261032887012198,-0.06],[-0.4563337749884685,0.0745200929792094,0.8866827175191495,0.01]]]
[[[900.69287109375,0,623.7501220703125],[0,900.69287109375,373.2276306152344],[0,0,1]],[[0.8864769636827745,0.11315532253735319,0.44872537909197485,-0.39],[-0.06865027848148203,0.9910717624546557,-0.11429742310934915,-0.06],[-0.45765241409194374,0.07051691035836856,0.8863304311763902,0.01]]]
[[[900.69287109375,0,623.7501220703125],[0,900.69287109375,373.2276306152344],[0,0,1]],[[0.8978053033839544,0.12865339095575098,0.42118160241305946,-0.39],[-0.08379357835876214,0.9888101053458771,-0.12342289816605964,-0.06],[-0.4323473990224525,0.07551741892743835,0.8985392846153462,0.0]]]
[[[900.69287109375,0,623.7501220703125],[0,900.69287109375,373.2276306152344],[0,0,1]],[[0.9179047531552148,0.1352106008333806,0.37305355856410255,-0.39],[-0.08742943607970353,0.9859642801130936,-0.1422340748479564,-0.06],[-0.38704903803245544,0.09794147111078762,0.9168426857399287,0.0]]]
[[[900.69287109375,0,623.7501220703125],[0,900.69287109375,373.2276306152344],[0,0,1]],[[0.9626086814138051,0.1212377390203616,0.24225180516150138,-0.39],[-0.09168743695044874,0.9872951801052035,-0.12977534914802302,-0.06],[-0.2549077095190195,0.10271143061151708,0.9614948890397195,0.01]]]
[[[900.69287109375,0,623.7501220703125],[0,900.69287109375,373.2276306152344],[0,0,1]],[[0.9952852252289934,0.0921154767830556,-0.030365430639169043,-0.48],[-0.09479984244674379,0.990069044121073,-0.10380885196001927,-0.07],[0.020501470994648028,0.10619805464421175,0.9941336242562367,0.03]]]
[[[900.69287109375,0,623.7501220703125],[0,900.69287109375,373.2276306152344],[0,0,1]],[[0.9862022678657216,0.09568067404471826,-0.13509365444333774,-0.49],[-0.11020106540774435,0.9884068638390198,-0.10443944034181482,-0.07],[0.12353465926413372,0.11788587756920597,0.9853132029107459,0.03]]]
[[[900.69287109375,0,623.7501220703125],[0,900.69287109375,373.2276306152344],[0,0,1]],[[0.9671884061366697,0.09457930372188769,-0.23579936883353025,-0.49],[-0.12255242472127491,0.986686090325266,-0.10691801697364792,-0.07],[0.22254772573482876,0.13230765082233129,0.9659022700584835,0.03]]]
[[[900.69287109375,0,623.7501220703125],[0,900.69287109375,373.2276306152344],[0,0,1]],[[0.9425426831677726,0.08738654886741022,-0.32245446420221807,-0.49],[-0.12706276318307638,0.986418555235449,-0.10408404344322453,-0.07],[0.3089795213589037,0.13907560880418007,0.9408451681422239,0.03]]]
[[[900.69287109375,0,623.7501220703125],[0,900.69287109375,373.2276306152344],[0,0,1]],[[0.9278925570623172,0.08084838232566195,-0.3639765674101534,-0.49],[-0.12640801113790684,0.9866055415163356,-0.10310441391820754,-0.07],[0.3507654733130289,0.14167937226209693,0.9256838219429488,0.04]]]
[[[900.69287109375,0,623.7501220703125],[0,900.69287109375,373.2276306152344],[0,0,1]],[[0.9332599540729432,0.08057253448831789,-0.35004846065923056,-0.49],[-0.12556286313823503,0.9862159835783488,-0.10775899561112642,-0.07],[0.33654097153882606,0.14452024225249116,0.9305128016609897,0.04]]]
[[[900.69287109375,0,623.7501220703125],[0,900.69287109375,373.2276306152344],[0,0,1]],[[0.9498918169555085,0.08571582131164895,-0.3005966301504926,-0.49],[-0.1254486603766392,0.9853606644940759,-0.11544260252393787,-0.07],[0.2863008377400758,0.14736742803164732,0.9467389669093947,0.04]]]
[[[900.69287109375,0,623.7501220703125],[0,900.69287109375,373.2276306152344],[0,0,1]],[[0.9781136011074748,0.10324925150748204,-0.18064710180822832,-0.5],[-0.12711759301869868,0.9838583694767591,-0.1259516826233981,-0.07],[0.16472674607877186,0.14615847862398348,0.9754500490812548,0.03]]]
[[[900.69287109375,0,623.7501220703125],[0,900.69287109375,373.2276306152344],[0,0,1]],[[0.9950354678257178,0.09846449478971096,-0.014462400722622603,-0.5],[-0.09948427429945564,0.9801657268925136,-0.17140019542690443,-0.07],[-0.002701284132667676,0.17198805508254733,0.985095331413644,0.02]]]
[[[900.69287109375,0,623.7501220703125],[0,900.69287109375,373.2276306152344],[0,0,1]],[[0.9863483991578921,0.11189982767693672,0.12081086062327076,-0.5],[-0.08993708036096457,0.980627603563601,-0.17401386354326526,-0.07],[-0.1379425860813436,0.1607729196568272,0.9773044107391567,0.01]]]
[[[900.69287109375,0,623.7501220703125],[0,900.69287109375,373.2276306152344],[0,0,1]],[[0.9699022803842514,0.11707354462850839,0.21350257996929553,-0.5],[-0.08656437168483794,0.9853326159091284,-0.14705864673824254,-0.07],[-0.22758773266641155,0.1241508001335096,0.965810748938927,-0.01]]]
[[[900.69287109375,0,623.7501220703125],[0,900.69287109375,373.2276306152344],[0,0,1]],[[0.9552897897586727,0.11966233024032101,0.27037445201846855,-0.49],[-0.08528438882982409,0.9870943854504998,-0.13554057412459086,-0.07],[-0.2831042044985453,0.10642180666365651,0.9531665166494725,-0.01]]]
[[[900.69287109375,0,623.7501220703125],[0,900.69287109375,373.2276306152344],[0,0,1]],[[0.9537596696498016,0.14552209393819346,0.26299394047267477,-0.49],[-0.10967780294032337,0.9831484840371174,-0.14625265083991326,-0.07],[-0.27984508588089374,0.1106452823728223,0.9536479168943608,-0.01]]]
[[[900.69287109375,0,623.7501220703125],[0,900.69287109375,373.2276306152344],[0,0,1]],[[0.9635654587275909,0.14446725383868494,0.2251017976725114,-0.5],[-0.11696461259686544,0.9844416947701626,-0.13112524165131156,-0.07],[-0.24054289876683635,0.10001880906288897,0.9654715695899537,-0.01]]]
[[[900.69287109375,0,623.7501220703125],[0,900.69287109375,373.2276306152344],[0,0,1]],[[0.9782688856222478,0.14870496233139122,0.14448813654215703,-0.5],[-0.13178403169568387,0.9839393682050939,-0.12040053440990962,-0.07],[-0.16007172271652628,0.09874286745978346,0.9821542087230413,-0.01]]]
[[[900.69287109375,0,623.7501220703125],[0,900.69287109375,373.2276306152344],[0,0,1]],[[0.9908015201252132,0.13504708885279232,0.008638953058842908,-0.5],[-0.13347232121080901,0.985779240307593,-0.10210009230741914,-0.07],[-0.022304420821117447,0.10000786554552046,0.9947366182265854,0.0]]]
[[[900.69287109375,0,623.7501220703125],[0,900.69287109375,373.2276306152344],[0,0,1]],[[0.9840840201682067,0.12110391408547577,-0.13004800360927668,-0.5],[-0.13256739697140954,0.9876575457637721,-0.08341736963071443,-0.07],[0.11834072211122194,0.09932982577786101,0.9879924388380381,0.01]]]
[[[900.69287109375,0,623.7501220703125],[0,900.69287109375,373.2276306152344],[0,0,1]],[[0.9687473328578489,0.11192333118673094,-0.22136344101244315,-0.5],[-0.1305013694034067,0.9888942755069894,-0.07111613356575494,-0.07],[0.21094548505393437,0.0977817969029617,0.9725948398638501,0.01]]]
[[[900.69287109375,0,623.7501220703125],[0,900.69287109375,373.2276306152344],[0,0,1]],[[0.940679405411437,0.1108480912798759,-0.32067889998313526,-0.5],[-0.1374006798017337,0.9886156929784302,-0.06131936714285044,-0.07],[0.31023105812411306,0.10174336467989711,0.945201025347945,0.01]]]
[[[900.69287109375,0,623.7501220703125],[0,900.69287109375,373.2276306152344],[0,0,1]],[[0.9029444721066836,0.11202494244237675,-0.41489961745314324,-0.51],[-0.1470178424717404,0.9876983135989252,-0.05327096121522247,-0.07],[0.40382797610732335,0.10909836655340624,0.9083063977141423,0.01]]]
[[[900.69287109375,0,623.7501220703125],[0,900.69287109375,373.2276306152344],[0,0,1]],[[0.8718363953458934,0.11004466608212585,-0.47727504776297763,-0.51],[-0.15186701447122947,0.9871450545364421,-0.049810151774917016,-0.07],[0.4656583615332967,0.11590863976045233,0.8773411409269527,0.01]]]
[[[900.69287109375,0,623.7501220703125],[0,900.69287109375,373.2276306152344],[0,0,1]],[[0.8651275396776646,0.10443335853094368,-0.4905588789505478,-0.51],[-0.15072954853810686,0.9870046227834722,-0.05569989049858129,-0.07],[0.4783669546370959,0.12212922758292885,0.8696260739428342,0.01]]]
[[[900.69287109375,0,623.7501220703125],[0,900.69287109375,373.2276306152344],[0,0,1]],[[0.8852400128514328,0.10260569773584043,-0.45367630579405,-0.51],[-0.14989016203396197,0.9862627942912355,-0.06941642400957192,-0.07],[0.4403215404363357,0.12945181106877338,0.8884588733524963,0.01]]]
[[[900.69287109375,0,623.7501220703125],[0,900.69287109375,373.2276306152344],[0,0,1]],[[0.9211181841157863,0.10973756690096524,-0.3734955920782636,-0.51],[-0.14894524664012965,0.9857885425052884,-0.07769339076530377,-0.07],[0.35966179168011086,0.12719518810063302,0.9243726411623708,0.02]]]
[[[900.69287109375,0,623.7501220703125],[0,900.69287109375,373.2276306152344],[0,0,1]],[[0.9710944697169145,0.10402591676507164,-0.21483514499823064,-0.51],[-0.13366653215594712,0.9826768031536669,-0.12837273357334292,-0.07],[0.19775942219431053,0.15337832045264976,0.9681767926099534,0.01]]]
[[[900.69287109375,0,623.7501220703125],[0,900.69287109375,373.2276306152344],[0,0,1]],[[0.9914497576738559,0.11686507529009778,-0.058051117008136394,-0.53],[-0.12464660224296553,0.9798068042328552,-0.15633889768155382,-0.11],[0.038608322389563986,0.16223803671284728,0.9859960531796383,0.11]]]
[[[900.69287109375,0,623.7501220703125],[0,900.69287109375,373.2276306152344],[0,0,1]],[[0.9903916546850026,0.13277778862555933,0.038657847560476716,-0.53],[-0.12451357589305434,0.97780623321614,-0.1684972987973049,-0.11],[-0.06017258303103975,0.16206489172973254,0.9849437705371828,0.1]]]
[[[900.69287109375,0,623.7501220703125],[0,900.69287109375,373.2276306152344],[0,0,1]],[[0.990388670237474,0.13229650165212736,0.04034745984392168,-0.54],[-0.12378385607459587,0.9779533287126283,-0.1681809853556393,-0.11],[-0.061707688666421054,0.16157017828330414,0.9849300678976906,0.1]]]
[[[900.69287109375,0,623.7501220703125],[0,900.69287109375,373.2276306152344],[0,0,1]],[[0.9903307589308216,0.13276735822506747,0.04022208976967319,-0.54],[-0.12421450627146068,0.9777484764616197,-0.16905227951352436,-0.11],[-0.06177171154533678,0.1624215052476676,0.9847860225885833,0.1]]]
[[[900.69287109375,0,623.7501220703125],[0,900.69287109375,373.2276306152344],[0,0,1]],[[0.9899947387178906,0.1363115489468509,0.036463391704639865,-0.54],[-0.12834188299331234,0.9772621556804182,-0.16878104201773705,-0.11],[-0.05864109805099709,0.16241256324118666,0.984978873337292,0.1]]]
[[[900.69287109375,0,623.7501220703125],[0,900.69287109375,373.2276306152344],[0,0,1]],[[0.989804444456102,0.14078086184698277,0.021631242973254403,-0.54],[-0.13537481912292204,0.9770578788643691,-0.16441277230341939,-0.11],[-0.044281148160174845,0.1598081671463653,0.9861544146993086,0.09]]]
[[[900.69287109375,0,623.7501220703125],[0,900.69287109375,373.2276306152344],[0,0,1]],[[0.9887664781274,0.14880386607099994,-0.014080524630197584,-0.54],[-0.1492294495214548,0.977468137211683,-0.14928701260138433,-0.11],[-0.00845122044803362,0.14971122261956926,0.9886936465329857,0.09]]]
[[[900.69287109375,0,623.7501220703125],[0,900.69287109375,373.2276306152344],[0,0,1]],[[0.975137376592685,0.20813670424478908,-0.0760671355977948,-0.54],[-0.2181259337295838,0.9620779629314214,-0.16378971358520525,-0.11],[0.039091863687132064,0.17630968659674814,0.9835581938073736,0.1]]]
[[[900.69287109375,0,623.7501220703125],[0,900.69287109375,373.2276306152344],[0,0,1]],[[0.9571611333953632,0.18130129454883864,-0.22577069188054252,-0.54],[-0.2141048748239485,0.9680807056602443,-0.13030291594966212,-0.11],[0.19494016336795494,0.17305949243909916,0.9654267164227415,0.11]]]
[[[900.69287109375,0,623.7501220703125],[0,900.69287109375,373.2276306152344],[0,0,1]],[[0.9278706416558038,0.1758116603027858,-0.3288560968795087,-0.55],[-0.22717251019089213,0.9658492130425687,-0.1246111884166897,-0.11],[0.29571730244748273,0.19033012837338334,0.9361227052403737,0.11]]]
[[[900.69287109375,0,623.7501220703125],[0,900.69287109375,373.2276306152344],[0,0,1]],[[0.8961915625335034,0.1621405347411728,-0.41297836533843274,-0.55],[-0.22867215720659873,0.9664731563630284,-0.11678477018929143,-0.11],[0.38019695917016233,0.19909817935765145,0.903222113997565,0.11]]]
[[[900.69287109375,0,623.7501220703125],[0,900.69287109375,373.2276306152344],[0,0,1]],[[0.8658985844189638,0.14538684750574915,-0.47862543400197033,-0.55],[-0.22421263923660695,0.9681347920385276,-0.11155140900531929,-0.11],[0.4471558273217398,0.20390607891099505,0.8709041147424632,0.12]]]
[[[900.69287109375,0,623.7501220703125],[0,900.69287109375,373.2276306152344],[0,0,1]],[[0.8492663093502324,0.13331661307952675,-0.5108555730141732,-0.55],[-0.21740107868011854,0.9700598326093199,-0.1082621454927774,-0.11],[0.4811273290838469,0.20300394536802027,0.8528223093784904,0.12]]]
[[[900.69287109375,0,623.7501220703125],[0,900.69287109375,373.2276306152344],[0,0,1]],[[0.8536850710097432,0.13166347655172564,-0.5038715396580786,-0.55],[-0.21584583331878332,0.9699545146454169,-0.11224444644566405,-0.11],[0.4739539806500305,0.2045799805975324,0.8564547015252493,0.12]]]
[[[900.69287109375,0,623.7501220703125],[0,900.69287109375,373.2276306152344],[0,0,1]],[[0.8739014302663614,0.1370331453859135,-0.4663884724605134,-0.55],[-0.21670636949696756,0.9686529154540502,-0.12144907904884437,-0.11],[0.43512600427675174,0.2072038765274718,0.8762031236843068,0.12]]]
[[[900.69287109375,0,623.7501220703125],[0,900.69287109375,373.2276306152344],[0,0,1]],[[0.9147699530312123,0.15458624440193094,-0.3732278473975115,-0.55],[-0.2190116529854923,0.9661071378719099,-0.13664147982771865,-0.11],[0.33945519422721454,0.20673676788286358,0.9176219700494922,0.12]]]
[[[900.69287109375,0,623.7501220703125],[0,900.69287109375,373.2276306152344],[0,0,1]],[[0.9585018707235979,0.1634687332157233,-0.23356398926249267,-0.55],[-0.20677655630630193,0.9626411211241102,-0.17482999651954156,-0.11],[0.1962590624187068,0.21587043609944104,0.9564948171510221,0.12]]]
[[[900.69287109375,0,623.7501220703125],[0,900.69287109375,373.2276306152344],[0,0,1]],[[0.9830085135179637,0.17615844657269794,-0.051599070265823346,-0.55],[-0.18327382166886455,0.9575906865807184,-0.22233034715206468,-0.11],[0.010245420542500137,0.22800938286606165,0.973605029096987,0.12]]]
[[[900.69287109375,0,623.7501220703125],[0,900.69287109375,373.2276306152344],[0,0,1]],[[0.9764929327598515,0.20432188795384176,0.06865943761087678,-0.58],[-0.1820590454288727,0.9523398454513807,-0.24475155309653926,-0.07],[-0.11539521761144095,0.22649809020964867,0.9671517765499839,-0.01]]]
[[[900.69287109375,0,623.7501220703125],[0,900.69287109375,373.2276306152344],[0,0,1]],[[0.9680286859633909,0.21326372119809578,0.13205698910974656,-0.58],[-0.17646685235501186,0.9531472389431369,-0.24570264735038805,-0.07],[-0.17826921543526603,0.21454352965264548,0.9603078468451037,-0.01]]]
[[[900.69287109375,0,623.7501220703125],[0,900.69287109375,373.2276306152344],[0,0,1]],[[0.9557554510357309,0.22884645605015777,0.18482645202667813,-0.58],[-0.18290347821177663,0.954407790129288,-0.2359069473300079,-0.07],[-0.23038627449030225,0.19166394990663257,0.9540372607150451,-0.02]]]
[[[900.69287109375,0,623.7501220703125],[0,900.69287109375,373.2276306152344],[0,0,1]],[[0.9470662462318631,0.24099941131396332,0.2120962257905858,-0.58],[-0.19181101974624837,0.9545473852694808,-0.228139917548643,-0.07],[-0.2574374835803682,0.17538122197521727,0.9502459518599841,-0.02]]]
[[[900.69287109375,0,623.7501220703125],[0,900.69287109375,373.2276306152344],[0,0,1]],[[0.9454720628893021,0.24792961738576258,0.21121904061612667,-0.58],[-0.19934265536478438,0.9533407490244825,-0.22672433041373277,-0.07],[-0.2575753948807308,0.1722565559634467,0.9507799928898628,-0.02]]]
[[[900.69287109375,0,623.7501220703125],[0,900.69287109375,373.2276306152344],[0,0,1]],[[0.950953893909114,0.254355968637578,0.17603900953349266,-0.58],[-0.21401821804206278,0.9519013678801719,-0.2192714942119873,-0.07],[-0.22334478728010143,0.17084152611791126,0.9596511235592388,-0.02]]]
[[[900.69287109375,0,623.7501220703125],[0,900.69287109375,373.2276306152344],[0,0,1]],[[0.9600365003152864,0.2578251142398934,0.1088858509153644,-0.59],[-0.2253660505717172,0.942842433609159,-0.24547563756035914,-0.07],[-0.1659519849597565,0.21112639781217438,0.9632681780453314,-0.01]]]
[[[900.69287109375,0,623.7501220703125],[0,900.69287109375,373.2276306152344],[0,0,1]],[[0.9729286943361357,0.2305950497551576,-0.0153518326527671,-0.59],[-0.22839245930589444,0.9492346198309566,-0.21631116717956284,-0.07],[-0.03530779332650965,0.21396158426875564,0.9762037698081362,-0.0]]]
[[[900.69287109375,0,623.7501220703125],[0,900.69287109375,373.2276306152344],[0,0,1]],[[0.9715953174137913,0.2100828483546911,-0.10893913900327067,-0.59],[-0.22807945257040727,0.9540498053125883,-0.19434179246419342,-0.07],[0.06310548704175738,0.21366835472337065,0.9748659044684199,0.0]]]
[[[900.69287109375,0,623.7501220703125],[0,900.69287109375,373.2276306152344],[0,0,1]],[[0.9569808016348516,0.18496161462175637,-0.22355524243199873,-0.59],[-0.22464873332063287,0.959946949046208,-0.1674359627867084,-0.07],[0.18363194689310466,0.2104544039296629,0.9602021932628868,0.0]]]
[[[900.69287109375,0,623.7501220703125],[0,900.69287109375,373.2276306152344],[0,0,1]],[[0.9380597368808941,0.1674824154168809,-0.30330441897386695,-0.59],[-0.22020706299371226,0.9640501452170468,-0.1487150527508035,-0.07],[0.267493512913175,0.20629337854889662,0.9412174363643349,0.01]]]
[[[900.69287109375,0,623.7501220703125],[0,900.69287109375,373.2276306152344],[0,0,1]],[[0.9102018019311047,0.15325120701616235,-0.38476843335889616,-0.59],[-0.2178036321931048,0.9673011496071419,-0.12996177812030868,-0.07],[0.35227014855769523,0.2020954069660936,0.9138179189085472,0.01]]]
[[[900.69287109375,0,623.7501220703125],[0,900.69287109375,373.2276306152344],[0,0,1]],[[0.8724705636719289,0.14566379058650347,-0.46645168628482614,-0.59],[-0.22322106723064564,0.9679299325679079,-0.11525623967272519,-0.07],[0.43470388849238306,0.20467951961800268,0.8770056006540354,0.01]]]
[[[900.69287109375,0,623.7501220703125],[0,900.69287109375,373.2276306152344],[0,0,1]],[[0.8315193273924854,0.14176596251394882,-0.537101498829823,-0.59],[-0.2321529500475359,0.9670871683418037,-0.10415093188665123,-0.07],[0.5046589105098364,0.21129321025798536,0.8370630581634216,0.01]]]
[[[900.69287109375,0,623.7501220703125],[0,900.69287109375,373.2276306152344],[0,0,1]],[[0.7976664475938173,0.13510773960455968,-0.5877704799341373,-0.59],[-0.23803302419720695,0.9659925790503363,-0.10098820035633774,-0.07],[0.554137634324354,0.2204636838996991,0.8026999727835936,0.02]]]
[[[900.69287109375,0,623.7501220703125],[0,900.69287109375,373.2276306152344],[0,0,1]],[[0.7830352405671517,0.1201657469921405,-0.6102589657512322,-0.59],[-0.23623614907226106,0.9650930776709512,-0.11308330249475304,-0.07],[0.5753679639165282,0.2327134389789989,0.7840893835635809,0.02]]]
[[[900.69287109375,0,623.7501220703125],[0,900.69287109375,373.2276306152344],[0,0,1]],[[0.7909230884327588,0.117135419697353,-0.6005996683618059,-0.59],[-0.22859311568077448,0.9670074647547161,-0.11243553963054848,-0.07],[0.5676141785115506,0.22622081372186234,0.7916048811065253,0.02]]]
[[[900.69287109375,0,623.7501220703125],[0,900.69287109375,373.2276306152344],[0,0,1]],[[0.8762921730201676,0.08410387387291515,-0.47438229931476306,-0.58],[-0.21033692027119932,0.952635247571179,-0.2196462270466436,-0.07],[0.43344020057491184,0.2922543814634219,0.8524769610030601,0.02]]]
[[[900.69287109375,0,623.7501220703125],[0,900.69287109375,373.2276306152344],[0,0,1]],[[0.9199636404280811,0.07498069073191205,-0.38476589805708833,-0.59],[-0.18982235401001893,0.943992180225613,-0.26990042162062067,-0.07],[0.34297867894142836,0.3213357429391556,0.882671493876025,0.01]]]
[[[900.69287109375,0,623.7501220703125],[0,900.69287109375,373.2276306152344],[0,0,1]],[[0.9536291522486291,0.07363326264995756,-0.2918382816100099,-0.59],[-0.1646558160343016,0.9392855445597615,-0.30105004239685884,-0.07],[0.2519521824228544,0.33514296712387487,0.9078542225268141,0.01]]]
[[[900.69287109375,0,623.7501220703125],[0,900.69287109375,373.2276306152344],[0,0,1]],[[0.9675089907169788,0.11115487734478394,-0.22709237354935302,-0.59],[-0.17514062579589096,0.9424262200385931,-0.28488345157202966,-0.07],[0.1823516220866613,0.31540040111933165,0.9312735757531876,-0.0]]]
[[[900.69287109375,0,623.7501220703125],[0,900.69287109375,373.2276306152344],[0,0,1]],[[0.9590003660661844,0.1546541384218282,-0.23748767410947114,-0.59],[-0.2062069710682371,0.9556264546918649,-0.21037291692592036,-0.07],[0.19441446182778585,0.2507193182865233,0.9483368813191615,-0.0]]]
[[[900.69287109375,0,623.7501220703125],[0,900.69287109375,373.2276306152344],[0,0,1]],[[0.944256612132341,0.15960461430234896,-0.28793370337241225,-0.59],[-0.2118545675413525,0.9640523531071991,-0.16037675230637027,-0.07],[0.2519862945801227,0.21243687900614328,0.9441257754038436,-0.0]]]
[[[900.69287109375,0,623.7501220703125],[0,900.69287109375,373.2276306152344],[0,0,1]],[[0.8967304767973073,0.22695548639373214,-0.3799548120219803,-0.59],[-0.2667848403792394,0.9621911633167188,-0.05490003806048718,-0.07],[0.35312929774616214,0.1505967211827789,0.9233744238619016,0.0]]]
[[[900.69287109375,0,623.7501220703125],[0,900.69287109375,373.2276306152344],[0,0,1]],[[0.8418498920015767,0.22341172196580267,-0.49130027663864445,-0.59],[-0.2617370362550328,0.9650911930555267,-0.009628755843395204,-0.07],[0.47199839320633846,0.13669744538554834,0.8709370386174305,0.02]]]
[[[900.69287109375,0,623.7501220703125],[0,900.69287109375,373.2276306152344],[0,0,1]],[[0.764532467311179,0.22316767299046805,-0.6047200146837381,-0.59],[-0.25216191213865335,0.9669371129491526,0.038039317398390976,-0.07],[0.5932153710868078,0.12340506202574104,0.795529203846574,0.03]]]
[[[900.69287109375,0,623.7501220703125],[0,900.69287109375,373.2276306152344],[0,0,1]],[[0.6871223352599308,0.21315843247224353,-0.6945692039335715,-0.59],[-0.23336651366045563,0.9700882953524165,0.06684885580327538,-0.07],[0.6880428523637925,0.11615585170889463,0.7163133751542531,0.03]]]
[[[900.69287109375,0,623.7501220703125],[0,900.69287109375,373.2276306152344],[0,0,1]],[[0.6226694474643834,0.20109640225108188,-0.7562030125542152,-0.59],[-0.21514189054020041,0.9731642374986281,0.08164149550628219,-0.07],[0.7523275391271995,0.11185528085604607,0.6492238982164991,0.03]]]
[[[900.69287109375,0,623.7501220703125],[0,900.69287109375,373.2276306152344],[0,0,1]],[[0.5910418233169903,0.1874957728545654,-0.7845475755183984,-0.6],[-0.20194320145301742,0.9760317526760587,0.08112312342980327,-0.07],[0.7809535879148221,0.11048689030726813,0.6147390833460942,0.03]]]
[[[900.69287109375,0,623.7501220703125],[0,900.69287109375,373.2276306152344],[0,0,1]],[[0.6127335421442202,0.1831770787759729,-0.7687676919216221,-0.6],[-0.20641954170159368,0.9760940512813843,0.0680542126308015,-0.07],[0.7628555427701245,0.11698957587834627,0.6358968941587178,0.04]]]
[[[900.69287109375,0,623.7501220703125],[0,900.69287109375,373.2276306152344],[0,0,1]],[[0.6653908426780428,0.18961261416282987,-0.7220125227657357,-0.6],[-0.2210436640375342,0.9738741378752371,0.0520467306045764,-0.07],[0.7130180397921682,0.1249648755775056,0.6899196002454436,0.04]]]
[[[900.69287109375,0,623.7501220703125],[0,900.69287109375,373.2276306152344],[0,0,1]],[[0.7621254341738888,0.21664572025147072,-0.6101061010037375,-0.6],[-0.2558494449536978,0.9664291344863951,0.02357518892314278,-0.07],[0.5947317749222301,0.1381280562108893,0.7919689109966723,0.04]]]
[[[900.69287109375,0,623.7501220703125],[0,900.69287109375,373.2276306152344],[0,0,1]],[[0.8529985971145541,0.2063698495960234,-0.47937968094018896,-0.6],[-0.2605330380663886,0.9642467068474744,-0.048485300965328104,-0.16],[0.45223437440833747,0.1662521383667453,0.8762672520937801,0.06]]]
[[[900.69287109375,0,623.7501220703125],[0,900.69287109375,373.2276306152344],[0,0,1]],[[0.9018968571642898,0.227676827200265,-0.3670767241234418,-0.69],[-0.27546812974181734,0.9577388747994223,-0.08278621379482047,-0.14],[0.33271514623431553,0.1757825647041171,0.9264993909400702,-0.19]]]
[[[900.69287109375,0,623.7501220703125],[0,900.69287109375,373.2276306152344],[0,0,1]],[[0.9175780224619429,0.2367235583287468,-0.31939400374303617,-0.69],[-0.2802576588796597,0.9549757139297022,-0.09735004079992964,-0.14],[0.2819684686877639,0.17883887367301346,0.9426083173456753,-0.19]]]
[[[900.69287109375,0,623.7501220703125],[0,900.69287109375,373.2276306152344],[0,0,1]],[[0.9277213675808877,0.24367291621773618,-0.28276593506961073,-0.69],[-0.28335576071585733,0.9528531578908603,-0.10853742380650483,-0.14],[0.24298678359734918,0.18081584388365732,0.9530283592830047,-0.2]]]
[[[900.69287109375,0,623.7501220703125],[0,900.69287109375,373.2276306152344],[0,0,1]],[[0.9282853818307852,0.2423780560745648,-0.28202682108761984,-0.69],[-0.28164649741088754,0.9534647133298498,-0.1076117601891449,-0.14],[0.24281989287422917,0.17932629023191846,0.9533522860182407,-0.2]]]
[[[900.69287109375,0,623.7501220703125],[0,900.69287109375,373.2276306152344],[0,0,1]],[[0.9230987756978432,0.24202950329072115,-0.29884840612255237,-0.69],[-0.28463846522674835,0.9525598231247844,-0.10775308571841685,-0.14],[0.25859155906275133,0.18453049315851863,0.9481977128617056,-0.2]]]
[[[900.69287109375,0,623.7501220703125],[0,900.69287109375,373.2276306152344],[0,0,1]],[[0.9107071211157401,0.239156571568763,-0.3367739209388929,-0.7],[-0.2891897710945973,0.9513348031322003,-0.10644890156160364,-0.14],[0.29492679743172706,0.19433534579404932,0.9355490139654749,-0.21]]]
