[[[900.69287109375,0,623.7501220703125],[0,900.69287109375,373.2276306152344],[0,0,1]],[[0.99977666,0.02006404,-0.00692254,-0.31],[-0.02062551,0.99537557,-0.09385884,-0.02],[0.00500807,0.09398051,0.99556398,-0.08]]]
[[[900.69287109375,0,623.7501220703125],[0,900.69287109375,373.2276306152344],[0,0,1]],[[0.9929949,0.00703966,0.11796579,-0.32],[0.00472457,0.99506515,-0.09914995,-0.04],[-0.11808049,0.09901253,0.98805803,-0.04]]]
[[[900.69287109375,0,623.7501220703125],[0,900.69287109375,373.2276306152344],[0,0,1]],[[0.98194772,0.00102554,0.18916135,-0.32],[0.0186479,0.9945935,-0.10219406,-0.04],[-0.18824205,0.10387646,0.97661656,-0.05]]]
[[[900.69287109375,0,623.7501220703125],[0,900.69287109375,373.2276306152344],[0,0,1]],[[0.97716492,-0.00405395,0.21245311,-0.32],[0.02625351,0.99446481,-0.10177498,-0.04],[-0.21086313,0.10502838,0.97185969,-0.05]]]
[[[900.69287109375,0,623.7501220703125],[0,900.69287109375,373.2276306152344],[0,0,1]],[[0.97959089,-0.0055445,0.20093516,-0.32],[0.02647043,0.99447644,-0.10160606,-0.04],[-0.19926047,0.10485102,0.97432399,-0.05]]]
[[[900.69287109375,0,623.7501220703125],[0,900.69287109375,373.2276306152344],[0,0,1]],[[0.999892,0.0034212,0.01444248,-0.32],[-0.00202303,0.99540925,-0.09573136,-0.04],[-0.01470279,0.09569165,0.99530542,-0.04]]]
[[[900.69287109375,0,623.7501220703125],[0,900.69287109375,373.2276306152344],[0,0,1]],[[0.99200529,0.0194385,-0.12470866,-0.32],[-0.03068108,0.99557441,-0.08887442,-0.04],[0.12242959,0.09198996,0.98820794,-0.04]]]
[[[900.69287109375,0,623.7501220703125],[0,900.69287109375,373.2276306152344],[0,0,1]],[[0.97265255,0.02993814,-0.23033731,-0.32],[-0.05047829,0.99520707,-0.08380446,-0.04],[0.22672439,0.09313951,0.96949834,-0.04]]]
[[[900.69287109375,0,623.7501220703125],[0,900.69287109375,373.2276306152344],[0,0,1]],[[0.93792146,0.04240221,-0.34425312,-0.32],[-0.07302603,0.9943977,-0.07647899,-0.04],[0.33908111,0.09687061,0.9357596,-0.03]]]
[[[900.69287109375,0,623.7501220703125],[0,900.69287109375,373.2276306152344],[0,0,1]],[[0.91974127,0.04867892,-0.38950118,-0.32],[-0.08293005,0.99398422,-0.07159977,-0.04],[0.38367203,0.09815451,0.91824162,-0.03]]]
[[[900.69287109375,0,623.7501220703125],[0,900.69287109375,373.2276306152344],[0,0,1]],[[0.9143706,0.05103993,-0.40165439,-0.32],[-0.08727247,0.99355292,-0.07242195,-0.04],[0.39536771,0.10127378,0.91292626,-0.03]]]
[[[900.69287109375,0,623.7501220703125],[0,900.69287109375,373.2276306152344],[0,0,1]],[[0.93044055,0.05135756,-0.36283299,-0.33],[-0.08422528,0.99359846,-0.07534575,-0.04],[0.3566401,0.10066433,0.92880619,-0.03]]]
[[[900.69287109375,0,623.7501220703125],[0,900.69287109375,373.2276306152344],[0,0,1]],[[0.98208654,0.03578067,-0.18501599,-0.33],[-0.05200759,0.99514508,-0.08360951,-0.04],[0.18112616,0.09173394,0.97917563,-0.02]]]
[[[900.69287109375,0,623.7501220703125],[0,900.69287109375,373.2276306152344],[0,0,1]],[[0.99952924,0.01896842,-0.02422255,-0.33],[-0.02111446,0.99557114,-0.09165867,-0.04],[0.02237729,0.09212685,0.99549919,-0.03]]]
[[[900.69287109375,0,623.7501220703125],[0,900.69287109375,373.2276306152344],[0,0,1]],[[9.96338780e-01,7.82485000e-03,8.51672800e-02,-3.30000000e-01],[3.64477513e-04,9.95413244e-01,-9.57174972e-02,-4.00000000e-02],[-8.55245400e-02,9.53979200e-02,9.91762040e-01,-4.00000000e-02]]]
[[[900.69287109375,0,623.7501220703125],[0,900.69287109375,373.2276306152344],[0,0,1]],[[0.97297746,-0.00206969,0.23090363,-0.33],[0.02617809,0.99450678,-0.10139412,-0.04],[-0.22942366,0.10469858,0.96768284,-0.04]]]
[[[900.69287109375,0,623.7501220703125],[0,900.69287109375,373.2276306152344],[0,0,1]],[[0.95117599,-0.01362536,0.30835813,-0.33],[0.04611218,0.99409163,-0.09831372,-0.03],[-0.30519462,0.10773245,0.94618046,-0.05]]]
[[[900.69287109375,0,623.7501220703125],[0,900.69287109375,373.2276306152344],[0,0,1]],[[0.93832123,-0.01653523,0.34537858,-0.33],[0.05304374,0.9939214,-0.09652374,-0.03],[-0.34168088,0.10889015,0.93349063,-0.05]]]
[[[900.69287109375,0,623.7501220703125],[0,900.69287109375,373.2276306152344],[0,0,1]],[[0.92871207,-0.02077086,0.37022826,-0.33],[0.06016121,0.99364674,-0.09516677,-0.03],[-0.36589715,0.11065558,0.92405748,-0.06]]]
[[[900.69287109375,0,623.7501220703125],[0,900.69287109375,373.2276306152344],[0,0,1]],[[0.92578298,-0.02149577,0.3774527,-0.33],[0.06179538,0.99356419,-0.09498292,-0.03],[-0.37297946,0.11125804,0.92114925,-0.06]]]
[[[900.69287109375,0,623.7501220703125],[0,900.69287109375,373.2276306152344],[0,0,1]],[[0.9484933,-0.02030984,0.31615642,-0.34],[0.05355986,0.99386328,-0.09683764,-0.04],[-0.31224754,0.10878281,0.9437564,-0.04]]]
[[[900.69287109375,0,623.7501220703125],[0,900.69287109375,373.2276306152344],[0,0,1]],[[9.92655516e-01,-7.50807812e-05,1.21004023e-01,-3.40000000e-01],[1.18993400e-02,9.95218750e-01,-9.69975700e-02,-4.00000000e-02],[-1.20417070e-01,9.77247600e-02,9.87905800e-01,-3.00000000e-02]]]
[[[900.69287109375,0,623.7501220703125],[0,900.69287109375,373.2276306152344],[0,0,1]],[[0.99953479,0.01533589,-0.02649381,-0.34],[-0.0178025,0.99527264,-0.09552982,-0.04],[0.02490401,0.09595677,0.99507815,-0.02]]]
[[[900.69287109375,0,623.7501220703125],[0,900.69287109375,373.2276306152344],[0,0,1]],[[0.98589432,0.0251683,-0.16548733,-0.34],[-0.04000361,0.99541593,-0.08693431,-0.04],[0.16254057,0.0923279,0.98237717,-0.01]]]
[[[900.69287109375,0,623.7501220703125],[0,900.69287109375,373.2276306152344],[0,0,1]],[[0.94841611,0.04510479,-0.31381464,-0.34],[-0.07282928,0.99435848,-0.07718646,-0.05],[0.30856195,0.09605954,0.94634622,-0.01]]]
[[[900.69287109375,0,623.7501220703125],[0,900.69287109375,373.2276306152344],[0,0,1]],[[0.93090922,0.05233851,-0.36149123,-0.34],[-0.08500142,0.99355608,-0.07504325,-0.05],[0.3552331,0.10058549,0.92935526,-0.01]]]
[[[900.69287109375,0,623.7501220703125],[0,900.69287109375,373.2276306152344],[0,0,1]],[[0.9223209,0.05560055,-0.38241318,-0.34],[-0.09007406,0.99327379,-0.07282892,-0.05],[0.37579054,0.10161689,0.92112136,-0.01]]]
[[[900.69287109375,0,623.7501220703125],[0,900.69287109375,373.2276306152344],[0,0,1]],[[0.92579466,0.05576739,-0.37390041,-0.34],[-0.08945493,0.99329174,-0.07334494,-0.05],[0.36730081,0.10134934,0.92456883,-0.]]]
[[[900.69287109375,0,623.7501220703125],[0,900.69287109375,373.2276306152344],[0,0,1]],[[0.9495548,0.05111217,-0.3094199,-0.34],[-0.07923423,0.9937253,-0.07900549,-0.05],[0.30343941,0.09953644,0.94764239,-0.01]]]
[[[900.69287109375,0,623.7501220703125],[0,900.69287109375,373.2276306152344],[0,0,1]],[[0.99745256,0.02700573,-0.06608282,-0.34],[-0.03358335,0.99437094,-0.1005431,-0.05],[0.06299579,0.10250597,0.99274033,-0.02]]]
[[[900.69287109375,0,623.7501220703125],[0,900.69287109375,373.2276306152344],[0,0,1]],[[0.99779832,0.01140257,0.06539388,-0.34],[-0.00445352,0.99442083,-0.10544036,-0.05],[-0.06623054,0.10491668,0.9922778,-0.02]]]
[[[900.69287109375,0,623.7501220703125],[0,900.69287109375,373.2276306152344],[0,0,1]],[[0.99005282,0.00305447,0.14069165,-0.34],[0.01183832,0.99441797,-0.10489531,-0.05],[-0.1402256,0.10551715,0.98448575,-0.03]]]
[[[900.69287109375,0,623.7501220703125],[0,900.69287109375,373.2276306152344],[0,0,1]],[[0.9774105,-0.00406119,0.21132979,-0.34],[0.02689785,0.9940818,-0.10529987,-0.05],[-0.20965008,0.10860522,0.97173113,-0.03]]]
[[[900.69287109375,0,623.7501220703125],[0,900.69287109375,373.2276306152344],[0,0,1]],[[0.97294682,-0.00866839,0.23088466,-0.34],[0.03352434,0.99402225,-0.10395122,-0.05],[-0.22860189,0.10887893,0.96741724,-0.04]]]
[[[900.69287109375,0,623.7501220703125],[0,900.69287109375,373.2276306152344],[0,0,1]],[[0.97312009,-0.00901751,0.2301403,-0.34],[0.03380994,0.99400604,-0.104013,-0.05],[-0.22782139,0.10899785,0.96758795,-0.04]]]
[[[900.69287109375,0,623.7501220703125],[0,900.69287109375,373.2276306152344],[0,0,1]],[[9.98245358e-01,8.63271591e-04,5.92795759e-02,-3.50000000e-01],[5.32039000e-03,9.94560120e-01,-1.04075410e-01,-4.00000000e-02],[-5.90461900e-02,1.04207900e-01,9.92806140e-01,-4.00000000e-02]]]
[[[900.69287109375,0,623.7501220703125],[0,900.69287109375,373.2276306152344],[0,0,1]],[[0.99980289,0.01025663,-0.01725085,-0.35],[-0.01197285,0.99466294,-0.10252734,-0.04],[0.01610762,0.10271341,0.99458551,-0.03]]]
[[[900.69287109375,0,623.7501220703125],[0,900.69287109375,373.2276306152344],[0,0,1]],[[0.98980808,0.02042594,-0.14096563,-0.35],[-0.03443235,0.9946298,-0.09764977,-0.04],[0.13821395,0.10150807,0.98519188,-0.02]]]
[[[900.69287109375,0,623.7501220703125],[0,900.69287109375,373.2276306152344],[0,0,1]],[[0.96620119,0.03274673,-0.25571787,-0.35],[-0.05735246,0.99435121,-0.08936548,-0.04],[0.25134638,0.10101086,0.96261734,-0.02]]]
[[[900.69287109375,0,623.7501220703125],[0,900.69287109375,373.2276306152344],[0,0,1]],[[0.93888742,0.04391847,-0.34142399,-0.35],[-0.07555118,0.99394011,-0.07990599,-0.04],[0.33584461,0.10081746,0.93651193,-0.02]]]
[[[900.69287109375,0,623.7501220703125],[0,900.69287109375,373.2276306152344],[0,0,1]],[[0.91100389,0.05002114,-0.40936363,-0.35],[-0.08810951,0.99331039,-0.0747054,-0.04],[0.40288705,0.10412547,0.90931332,-0.02]]]
[[[900.69287109375,0,623.7501220703125],[0,900.69287109375,373.2276306152344],[0,0,1]],[[0.87123996,0.06256616,-0.48686293,-0.36],[-0.10698015,0.99220836,-0.06393337,-0.04],[0.47906777,0.10778566,0.87114137,-0.01]]]
[[[900.69287109375,0,623.7501220703125],[0,900.69287109375,373.2276306152344],[0,0,1]],[[0.86365646,0.06493017,-0.49989074,-0.36],[-0.10975768,0.99210405,-0.06076428,-0.04],[0.49199653,0.10734601,0.86396015,-0.01]]]
[[[900.69287109375,0,623.7501220703125],[0,900.69287109375,373.2276306152344],[0,0,1]],[[0.86276811,0.06471046,-0.50145072,-0.36],[-0.11106732,0.99181205,-0.06310646,-0.04],[0.49325961,0.11014072,0.86288756,-0.01]]]
[[[900.69287109375,0,623.7501220703125],[0,900.69287109375,373.2276306152344],[0,0,1]],[[0.92512447,0.05390059,-0.37582996,-0.36],[-0.09006781,0.99277604,-0.07932519,-0.05],[0.36883837,0.10723559,0.92329276,-0.01]]]
[[[900.69287109375,0,623.7501220703125],[0,900.69287109375,373.2276306152344],[0,0,1]],[[0.97515672,0.04105302,-0.21769895,-0.36],[-0.06317446,0.99341303,-0.09564786,-0.05],[0.21233796,0.10702438,0.97132331,-0.02]]]
[[[900.69287109375,0,623.7501220703125],[0,900.69287109375,373.2276306152344],[0,0,1]],[[0.99956578,0.02508587,-0.01574146,-0.37],[-0.02663223,0.99387914,-0.10725716,-0.04],[0.01295483,0.10762953,0.9941119,-0.02]]]
[[[900.69287109375,0,623.7501220703125],[0,900.69287109375,373.2276306152344],[0,0,1]],[[0.99429184,0.00951056,0.1063117,-0.38],[0.00235027,0.99383467,-0.11088841,-0.07],[-0.10671005,0.11050501,0.98813564,0.03]]]
[[[900.69287109375,0,623.7501220703125],[0,900.69287109375,373.2276306152344],[0,0,1]],[[0.9814918,-0.00137379,0.19152342,-0.38],[0.02282231,0.99369317,-0.10982858,-0.06],[-0.19016346,0.11216654,0.97532922,0.02]]]
[[[900.69287109375,0,623.7501220703125],[0,900.69287109375,373.2276306152344],[0,0,1]],[[0.96092969,-0.00800231,0.27669373,-0.39],[0.03899513,0.99353194,-0.10669193,-0.06],[-0.27404872,0.1133128,0.95502263,0.01]]]
[[[900.69287109375,0,623.7501220703125],[0,900.69287109375,373.2276306152344],[0,0,1]],[[0.95202231,-0.01363635,0.30573982,-0.39],[0.0478939,0.99334103,-0.10482926,-0.06],[-0.3022728,0.11444253,0.9463324,0.01]]]
[[[900.69287109375,0,623.7501220703125],[0,900.69287109375,373.2276306152344],[0,0,1]],[[0.95199132,-0.01370724,0.30583313,-0.39],[0.04798883,0.99333346,-0.10485802,-0.06],[-0.30235529,0.11450017,0.94629908,0.01]]]
[[[900.69287109375,0,623.7501220703125],[0,900.69287109375,373.2276306152344],[0,0,1]],[[0.953242,-0.01267459,0.30195749,-0.39],[0.04711534,0.99314141,-0.10705028,-0.06],[-0.29852796,0.11627129,0.94729769,0.]]]
[[[900.69287109375,0,623.7501220703125],[0,900.69287109375,373.2276306152344],[0,0,1]],[[0.97715932,-0.00752826,0.21239702,-0.39],[0.0311752,0.9936443,-0.10820633,-0.06],[-0.21023102,0.11235599,0.97117966,0.]]]
[[[900.69287109375,0,623.7501220703125],[0,900.69287109375,373.2276306152344],[0,0,1]],[[0.99738783,0.00222635,0.07226329,-0.39],[0.00570853,0.99398458,-0.10941302,-0.06],[-0.07207128,0.10953942,0.99137151,0.01]]]
[[[900.69287109375,0,623.7501220703125],[0,900.69287109375,373.2276306152344],[0,0,1]],[[0.97615933,0.04802364,-0.21169791,-0.48],[-0.07234841,0.99144351,-0.10869681,-0.07],[0.20466621,0.12142105,0.97127718,0.03]]]
[[[900.69287109375,0,623.7501220703125],[0,900.69287109375,373.2276306152344],[0,0,1]],[[0.94325882,0.05772179,-0.32701758,-0.49],[-0.09394589,0.99093586,-0.09607048,-0.07],[0.31850734,0.12134093,0.94012785,0.03]]]
[[[900.69287109375,0,623.7501220703125],[0,900.69287109375,373.2276306152344],[0,0,1]],[[0.90809637,0.07086459,-0.41273335,-0.49],[-0.11384902,0.99023837,-0.08047103,-0.07],[0.40300074,0.1200644,0.90729588,0.03]]]
[[[900.69287109375,0,623.7501220703125],[0,900.69287109375,373.2276306152344],[0,0,1]],[[0.86583561,0.08005722,-0.49389207,-0.49],[-0.12980737,0.98926347,-0.06720939,-0.07],[0.48320737,0.12230279,0.8669278,0.03]]]
[[[900.69287109375,0,623.7501220703125],[0,900.69287109375,373.2276306152344],[0,0,1]],[[0.83738452,0.08846938,-0.53941685,-0.49],[-0.13981281,0.98865992,-0.05489444,-0.07],[0.52844173,0.12138479,0.84025389,0.04]]]
[[[900.69287109375,0,623.7501220703125],[0,900.69287109375,373.2276306152344],[0,0,1]],[[0.82420743,0.08873573,-0.55930179,-0.49],[-0.14552201,0.98767304,-0.05774781,-0.07],[0.54728132,0.12898651,0.82695657,0.04]]]
[[[900.69287109375,0,623.7501220703125],[0,900.69287109375,373.2276306152344],[0,0,1]],[[0.8281492,0.0886243,-0.55346626,-0.49],[-0.1451102,0.98766083,-0.05897771,-0.07],[0.54140854,0.12915559,0.83078712,0.04]]]
[[[900.69287109375,0,623.7501220703125],[0,900.69287109375,373.2276306152344],[0,0,1]],[[0.90535152,0.07618575,-0.41778567,-0.5],[-0.12133743,0.98917669,-0.08255874,-0.07],[0.40697306,0.12543735,0.90479267,0.03]]]
[[[900.69287109375,0,623.7501220703125],[0,900.69287109375,373.2276306152344],[0,0,1]],[[0.98686874,0.04229598,-0.15592356,-0.5],[-0.06123449,0.99104095,-0.11873345,-0.07],[0.14950483,0.12672181,0.98061299,0.02]]]
[[[900.69287109375,0,623.7501220703125],[0,900.69287109375,373.2276306152344],[0,0,1]],[[0.99955285,0.02945552,0.0060805,-0.5],[-0.02844038,0.99143112,-0.12753251,-0.07],[-0.00978412,0.12730215,0.99182147,0.01]]]
[[[900.69287109375,0,623.7501220703125],[0,900.69287109375,373.2276306152344],[0,0,1]],[[0.99224097,0.01245997,0.12374601,-0.5],[0.00339214,0.99189198,-0.127073,-0.07],[-0.12432475,0.12650639,0.98414987,-0.01]]]
[[[900.69287109375,0,623.7501220703125],[0,900.69287109375,373.2276306152344],[0,0,1]],[[0.97958523,0.00362025,0.201023,-0.49],[0.02218186,0.99179268,-0.12595363,-0.07],[-0.19982758,0.12784091,0.97146142,-0.01]]]
[[[900.69287109375,0,623.7501220703125],[0,900.69287109375,373.2276306152344],[0,0,1]],[[0.97445416,-0.00099502,0.22460815,-0.49],[0.02977372,0.99174231,-0.1247788,-0.07],[-0.22262758,0.12827815,0.96643335,-0.01]]]
[[[900.69287109375,0,623.7501220703125],[0,900.69287109375,373.2276306152344],[0,0,1]],[[0.98027003,0.00156454,0.19768409,-0.5],[0.02400525,0.99163151,-0.1268847,-0.07],[-0.19622676,0.12912624,0.97202528,-0.01]]]
[[[900.69287109375,0,623.7501220703125],[0,900.69287109375,373.2276306152344],[0,0,1]],[[0.99845779,0.01714231,0.05290955,-0.5],[-0.01024361,0.99172521,-0.12800449,-0.07],[-0.05466506,0.1272646,0.99036717,-0.01]]]
[[[900.69287109375,0,623.7501220703125],[0,900.69287109375,373.2276306152344],[0,0,1]],[[0.99563336,0.03090014,-0.08815157,-0.5],[-0.04153771,0.99172443,-0.12151658,-0.07],[0.08366758,0.12464712,0.98867309,0.]]]
[[[900.69287109375,0,623.7501220703125],[0,900.69287109375,373.2276306152344],[0,0,1]],[[0.97242635,0.04174823,-0.22946715,-0.5],[-0.068965,0.99132812,-0.11189913,-0.07],[0.22280543,0.12463844,0.96686846,0.01]]]
[[[900.69287109375,0,623.7501220703125],[0,900.69287109375,373.2276306152344],[0,0,1]],[[0.94529897,0.05417653,-0.32169202,-0.5],[-0.09107474,0.9907366,-0.10077398,-0.07],[0.31325185,0.12455914,0.94147223,0.01]]]
[[[900.69287109375,0,623.7501220703125],[0,900.69287109375,373.2276306152344],[0,0,1]],[[0.92249,0.05923114,-0.38146374,-0.5],[-0.10191976,0.99047059,-0.09267788,-0.07],[0.37233835,0.12437271,0.91973221,0.01]]]
[[[900.69287109375,0,623.7501220703125],[0,900.69287109375,373.2276306152344],[0,0,1]],[[0.89129257,0.06742121,-0.44840065,-0.51],[-0.11624338,0.98981547,-0.08223068,-0.07],[0.43828863,0.12541474,0.89004856,0.01]]]
[[[900.69287109375,0,623.7501220703125],[0,900.69287109375,373.2276306152344],[0,0,1]],[[0.84647942,0.07966875,-0.52643788,-0.51],[-0.13430451,0.98872262,-0.06632446,-0.07],[0.51521552,0.12684484,0.84762931,0.01]]]
[[[900.69287109375,0,623.7501220703125],[0,900.69287109375,373.2276306152344],[0,0,1]],[[0.83697808,0.08163666,-0.54112345,-0.51],[-0.13895366,0.98811156,-0.06585384,-0.07],[0.52931243,0.13030881,0.8383674,0.01]]]
[[[900.69287109375,0,623.7501220703125],[0,900.69287109375,373.2276306152344],[0,0,1]],[[0.83639216,0.08152925,-0.5420447,-0.51],[-0.13926867,0.98803854,-0.06628455,-0.07],[0.530155,0.13092925,0.83773834,0.01]]]
[[[900.69287109375,0,623.7501220703125],[0,900.69287109375,373.2276306152344],[0,0,1]],[[0.87761801,0.08176903,-0.47234717,-0.51],[-0.13802303,0.98672509,-0.08563185,-0.07],[0.45907316,0.14034633,0.87724978,0.02]]]
[[[900.69287109375,0,623.7501220703125],[0,900.69287109375,373.2276306152344],[0,0,1]],[[0.96340454,0.05571281,-0.2622197,-0.51],[-0.08889307,0.98921871,-0.11642092,-0.07],[0.25290588,0.13546944,0.95796615,0.01]]]
[[[900.69287109375,0,623.7501220703125],[0,900.69287109375,373.2276306152344],[0,0,1]],[[0.98838192,0.04490586,-0.14524418,-0.53],[-0.06402344,0.98948181,-0.12975462,-0.11],[0.13788968,0.13754562,0.98085678,0.11]]]
[[[900.69287109375,0,623.7501220703125],[0,900.69287109375,373.2276306152344],[0,0,1]],[[0.99838287,0.03521774,-0.04475778,-0.53],[-0.04103551,0.98978984,-0.13653538,-0.11],[0.03949272,0.13815062,0.98962981,0.1]]]
[[[900.69287109375,0,623.7501220703125],[0,900.69287109375,373.2276306152344],[0,0,1]],[[0.99954784,0.02977124,-0.00547085,-0.54],[-0.03024254,0.98985583,-0.13885541,-0.11],[0.00128203,0.13895744,0.99030393,0.1]]]
[[[900.69287109375,0,623.7501220703125],[0,900.69287109375,373.2276306152344],[0,0,1]],[[0.99958289,0.02906843,-0.00132929,-0.54],[-0.02897095,0.98987627,-0.13898245,-0.11],[-0.00272357,0.13896233,0.99030054,0.1]]]
[[[900.69287109375,0,623.7501220703125],[0,900.69287109375,373.2276306152344],[0,0,1]],[[0.99956524,0.02862664,0.00790631,-0.54],[-0.02724483,0.98985016,-0.13951644,-0.11],[-0.01181931,0.13923976,0.99019492,0.1]]]
[[[900.69287109375,0,623.7501220703125],[0,900.69287109375,373.2276306152344],[0,0,1]],[[0.99953347,0.02720959,0.0143286,-0.54],[-0.02494892,0.98992097,-0.13944353,-0.11],[-0.01797771,0.13902032,0.99013311,0.09]]]
[[[900.69287109375,0,623.7501220703125],[0,900.69287109375,373.2276306152344],[0,0,1]],[[0.99961847,0.02778785,0.00195661,-0.54],[-0.02725111,0.99003977,-0.13816421,-0.11],[-0.0057758,0.13805749,0.99041426,0.09]]]
[[[900.69287109375,0,623.7501220703125],[0,900.69287109375,373.2276306152344],[0,0,1]],[[0.99146569,0.036823,-0.12511218,-0.54],[-0.0532351,0.99002564,-0.13048367,-0.11],[0.11905944,0.13602978,0.98353153,0.1]]]
[[[900.69287109375,0,623.7501220703125],[0,900.69287109375,373.2276306152344],[0,0,1]],[[0.95769727,0.05595471,-0.28230846,-0.54],[-0.09131308,0.98931748,-0.11368184,-0.11],[0.27293086,0.13465062,0.95257103,0.11]]]
[[[900.69287109375,0,623.7501220703125],[0,900.69287109375,373.2276306152344],[0,0,1]],[[0.91337204,0.06955558,-0.40115663,-0.55],[-0.11761192,0.98837382,-0.09641259,-0.11],[0.38978523,0.13524073,0.91092873,0.11]]]
[[[900.69287109375,0,623.7501220703125],[0,900.69287109375,373.2276306152344],[0,0,1]],[[0.87937862,0.07850328,-0.46962094,-0.55],[-0.13258934,0.98768073,-0.08317359,-0.11],[0.4573043,0.13540713,0.87894893,0.11]]]
[[[900.69287109375,0,623.7501220703125],[0,900.69287109375,373.2276306152344],[0,0,1]],[[0.83162922,0.08990563,-0.54801738,-0.55],[-0.14966266,0.98658669,-0.06526106,-0.11],[0.53479701,0.13629006,0.83392489,0.12]]]
[[[900.69287109375,0,623.7501220703125],[0,900.69287109375,373.2276306152344],[0,0,1]],[[0.81662464,0.09229675,-0.56975335,-0.55],[-0.15318641,0.98639375,-0.05977131,-0.11],[0.55648202,0.13608851,0.81964701,0.12]]]
[[[900.69287109375,0,623.7501220703125],[0,900.69287109375,373.2276306152344],[0,0,1]],[[0.8063755,0.0956736,-0.58362532,-0.55],[-0.15814507,0.98578054,-0.05690498,-0.11],[0.56987965,0.13818355,0.81003463,0.12]]]
[[[900.69287109375,0,623.7501220703125],[0,900.69287109375,373.2276306152344],[0,0,1]],[[0.81732035,0.09147519,-0.56888777,-0.55],[-0.1566948,0.98539966,-0.06667437,-0.11],[0.55448031,0.1436353,0.81971574,0.12]]]
[[[900.69287109375,0,623.7501220703125],[0,900.69287109375,373.2276306152344],[0,0,1]],[[0.8847031,0.07648404,-0.45985213,-0.55],[-0.13398261,0.98655158,-0.09368106,-0.11],[0.44650087,0.14449133,0.88304734,0.12]]]
[[[900.69287109375,0,623.7501220703125],[0,900.69287109375,373.2276306152344],[0,0,1]],[[0.94507915,0.06306733,-0.32071963,-0.55],[-0.1036659,0.9883917,-0.11111666,-0.11],[0.30998778,0.13826098,0.94064057,0.12]]]
[[[900.69287109375,0,623.7501220703125],[0,900.69287109375,373.2276306152344],[0,0,1]],[[0.99253601,0.0402341,-0.11518171,-0.55],[-0.05548822,0.98964018,-0.13245878,-0.11],[0.10865921,0.13786054,0.98448002,0.12]]]
[[[900.69287109375,0,623.7501220703125],[0,900.69287109375,373.2276306152344],[0,0,1]],[[0.99964994,0.02272804,0.01402649,-0.58],[-0.02057792,0.99022895,-0.13796791,-0.07],[-0.01702432,0.13763019,0.99034411,-0.01]]]
[[[900.69287109375,0,623.7501220703125],[0,900.69287109375,373.2276306152344],[0,0,1]],[[0.99519241,0.00788958,0.0976874,-0.58],[0.00567459,0.99044961,-0.13780177,-0.07],[-0.09784032,0.13769279,0.98563743,-0.01]]]
[[[900.69287109375,0,623.7501220703125],[0,900.69287109375,373.2276306152344],[0,0,1]],[[0.98429251,-0.00131957,0.17657734,-0.58],[0.02558478,0.99049199,-0.13521463,-0.07],[-0.17471822,0.13760762,0.97496194,-0.02]]]
[[[900.69287109375,0,623.7501220703125],[0,900.69287109375,373.2276306152344],[0,0,1]],[[0.97875136,-0.00473797,0.20502852,-0.58],[0.03279321,0.99049115,-0.13365667,-0.07],[-0.20244367,0.13753931,0.96959406,-0.02]]]
[[[900.69287109375,0,623.7501220703125],[0,900.69287109375,373.2276306152344],[0,0,1]],[[0.97637272,-0.00557897,0.21605283,-0.58],[0.03600649,0.98990101,-0.13715659,-0.07],[-0.21310367,0.14169435,0.96670711,-0.02]]]
[[[900.69287109375,0,623.7501220703125],[0,900.69287109375,373.2276306152344],[0,0,1]],[[0.97639775,-0.00461734,0.21596284,-0.58],[0.03546996,0.98963434,-0.13920575,-0.07],[-0.21307938,0.14357945,0.96643424,-0.02]]]
[[[900.69287109375,0,623.7501220703125],[0,900.69287109375,373.2276306152344],[0,0,1]],[[9.98220146e-01,-4.95094981e-04,5.97506836e-02,-5.90000000e-01],[8.68233000e-03,9.90561250e-01,-1.36842010e-01,-7.00000000e-02],[-5.91178300e-02,1.37116330e-01,9.88796000e-01,-1.00000000e-02]]]
[[[900.69287109375,0,623.7501220703125],[0,900.69287109375,373.2276306152344],[0,0,1]],[[0.99703568,0.01695964,-0.0751415,-0.59],[-0.02687033,0.99076927,-0.13291766,-0.07],[0.07219391,0.13454185,0.98828137,-0.]]]
[[[900.69287109375,0,623.7501220703125],[0,900.69287109375,373.2276306152344],[0,0,1]],[[0.98416632,0.02791807,-0.17507565,-0.59],[-0.05067369,0.99062836,-0.12688769,-0.07],[0.16989201,0.13374946,0.97635102,0.]]]
[[[900.69287109375,0,623.7501220703125],[0,900.69287109375,373.2276306152344],[0,0,1]],[[0.95455277,0.03949675,-0.29543734,-0.59],[-0.07639138,0.99049979,-0.11440034,-0.07],[0.28811094,0.13176917,0.94849503,0.]]]
[[[900.69287109375,0,623.7501220703125],[0,900.69287109375,373.2276306152344],[0,0,1]],[[0.92420954,0.05092055,-0.37849423,-0.59],[-0.0969208,0.98990393,-0.10348567,-0.07],[0.36940169,0.13232557,0.91980767,0.01]]]
[[[900.69287109375,0,623.7501220703125],[0,900.69287109375,373.2276306152344],[0,0,1]],[[0.90741104,0.05528465,-0.4166081,-0.59],[-0.10497625,0.9897083,-0.09731206,-0.07],[0.40693888,0.1320352,0.90386993,0.01]]]
[[[900.69287109375,0,623.7501220703125],[0,900.69287109375,373.2276306152344],[0,0,1]],[[0.87458408,0.06283913,-0.4807986,-0.59],[-0.11678643,0.9896816,-0.08308863,-0.07],[0.47061402,0.12881799,0.87289274,0.01]]]
[[[900.69287109375,0,623.7501220703125],[0,900.69287109375,373.2276306152344],[0,0,1]],[[0.84278756,0.06994582,-0.53369462,-0.59],[-0.12913901,0.98884279,-0.07433348,-0.07],[0.52253813,0.13156737,0.84241158,0.01]]]
[[[900.69287109375,0,623.7501220703125],[0,900.69287109375,373.2276306152344],[0,0,1]],[[0.80892289,0.07434497,-0.58320665,-0.59],[-0.13846539,0.98816621,-0.06608751,-0.07],[0.57138878,0.13421284,0.80963892,0.02]]]
[[[900.69287109375,0,623.7501220703125],[0,900.69287109375,373.2276306152344],[0,0,1]],[[0.79811329,0.07125451,-0.59829026,-0.59],[-0.14167404,0.9873414,-0.07140253,-0.07],[0.58562583,0.14174865,0.7980997,0.02]]]
[[[900.69287109375,0,623.7501220703125],[0,900.69287109375,373.2276306152344],[0,0,1]],[[0.82458597,0.068054,-0.56164038,-0.59],[-0.13416059,0.98794967,-0.07726134,-0.07],[0.54961145,0.13905777,0.82377392,0.02]]]
[[[900.69287109375,0,623.7501220703125],[0,900.69287109375,373.2276306152344],[0,0,1]],[[0.99063903,0.02821735,-0.13360853,-0.58],[-0.0454855,0.99073511,-0.12801439,-0.07],[0.12875831,0.13289252,0.98273826,0.02]]]
[[[900.69287109375,0,623.7501220703125],[0,900.69287109375,373.2276306152344],[0,0,1]],[[0.99861056,0.02085783,-0.04852788,-0.59],[-0.0272564,0.99045289,-0.13517711,-0.07],[0.04524548,0.13631116,0.98963922,0.01]]]
[[[900.69287109375,0,623.7501220703125],[0,900.69287109375,373.2276306152344],[0,0,1]],[[9.97652170e-01,9.17294000e-03,6.79647000e-02,-5.90000000e-01],[2.95651174e-04,9.90436494e-01,-1.38015017e-01,-7.00000000e-02],[-6.85796400e-02,1.37710240e-01,9.88102380e-01,1.00000000e-02]]]
[[[900.69287109375,0,623.7501220703125],[0,900.69287109375,373.2276306152344],[0,0,1]],[[0.99039006,-0.00125691,0.13834307,-0.59],[0.02034193,0.99041981,-0.13662814,-0.07],[-0.13684449,0.13812847,0.98092175,-0.]]]
[[[900.69287109375,0,623.7501220703125],[0,900.69287109375,373.2276306152344],[0,0,1]],[[0.98704749,-0.00575486,0.1603661,-0.59],[0.0278367,0.99035233,-0.13579419,-0.07],[-0.15803583,0.13849853,0.97767919,-0.]]]
[[[900.69287109375,0,623.7501220703125],[0,900.69287109375,373.2276306152344],[0,0,1]],[[0.99062139,-0.00515146,0.13658646,-0.59],[0.02392388,0.99040449,-0.13615891,-0.07],[-0.13457291,0.13814873,0.98123336,-0.]]]
[[[900.69287109375,0,623.7501220703125],[0,900.69287109375,373.2276306152344],[0,0,1]],[[0.99939615,0.00173764,-0.0348953,-0.59],[-0.00643536,0.99083549,-0.13496859,-0.07],[0.03434146,0.13511072,0.99024218,0.]]]
[[[900.69287109375,0,623.7501220703125],[0,900.69287109375,373.2276306152344],[0,0,1]],[[0.98374867,0.01634984,-0.17884301,-0.59],[-0.04044608,0.99043977,-0.13193285,-0.07],[0.17497574,0.13702129,0.97499895,0.02]]]
[[[900.69287109375,0,623.7501220703125],[0,900.69287109375,373.2276306152344],[0,0,1]],[[0.94866788,0.02744019,-0.31510344,-0.59],[-0.06855194,0.990394,-0.12013975,-0.07],[0.30877861,0.1355727,0.94142997,0.03]]]
[[[900.69287109375,0,623.7501220703125],[0,900.69287109375,373.2276306152344],[0,0,1]],[[0.9103238,0.03573264,-0.41236839,-0.59],[-0.09029876,0.98942095,-0.11360355,-0.07],[0.40394455,0.14065135,0.90391386,0.03]]]
[[[900.69287109375,0,623.7501220703125],[0,900.69287109375,373.2276306152344],[0,0,1]],[[0.85781747,0.0483961,-0.51168436,-0.59],[-0.1119522,0.98925322,-0.0941178,-0.07],[0.5016278,0.13801911,0.85401088,0.03]]]
[[[900.69287109375,0,623.7501220703125],[0,900.69287109375,373.2276306152344],[0,0,1]],[[0.82356578,0.05716207,-0.56434578,-0.6],[-0.12788771,0.98801154,-0.08655548,-0.07],[0.55262923,0.14345601,0.82099682,0.03]]]
[[[900.69287109375,0,623.7501220703125],[0,900.69287109375,373.2276306152344],[0,0,1]],[[0.8177321,0.05844437,-0.57263643,-0.6],[-0.13048673,0.9877615,-0.08552399,-0.07],[0.56062639,0.14465614,0.81534469,0.04]]]
[[[900.69287109375,0,623.7501220703125],[0,900.69287109375,373.2276306152344],[0,0,1]],[[0.8536458,0.05633717,-0.51781166,-0.6],[-0.12180273,0.98816758,-0.09328853,-0.07],[0.50642622,0.1427052,0.85040116,0.04]]]
[[[900.69287109375,0,623.7501220703125],[0,900.69287109375,373.2276306152344],[0,0,1]],[[0.95229608,0.03359168,-0.30334395,-0.6],[-0.07385807,0.98975283,-0.12226175,-0.07],[0.29612732,0.13883278,0.94501233,0.04]]]
[[[900.69287109375,0,623.7501220703125],[0,900.69287109375,373.2276306152344],[0,0,1]],[[0.98988152,-0.06259947,-0.12739712,-0.6],[0.04078043,0.98508954,-0.16718079,-0.16],[0.13596284,0.1602926,0.97766793,0.06]]]
[[[900.69287109375,0,623.7501220703125],[0,900.69287109375,373.2276306152344],[0,0,1]],[[0.9967829,-0.07994979,0.00680189,-0.69],[0.0799913,0.98348123,-0.16241974,-0.14],[0.00629664,0.16244,0.98670566,-0.19]]]
[[[900.69287109375,0,623.7501220703125],[0,900.69287109375,373.2276306152344],[0,0,1]],[[0.99427128,-0.08732084,0.06175769,-0.69],[0.09606128,0.98297209,-0.15669234,-0.14],[-0.04702244,0.16172592,0.98572206,-0.19]]]
[[[900.69287109375,0,623.7501220703125],[0,900.69287109375,373.2276306152344],[0,0,1]],[[0.99012601,-0.09465472,0.10346483,-0.69],[0.10971696,0.98240161,-0.15120703,-0.14],[-0.08733015,0.16106461,0.98307985,-0.2]]]
[[[900.69287109375,0,623.7501220703125],[0,900.69287109375,373.2276306152344],[0,0,1]],[[0.98878402,-0.0959354,0.11452803,-0.69],[0.1126831,0.98223978,-0.15007357,-0.14],[-0.09809511,0.16129442,0.98202634,-0.2]]]
[[[900.69287109375,0,623.7501220703125],[0,900.69287109375,373.2276306152344],[0,0,1]],[[0.987988,-0.09704514,0.12031744,-0.69],[0.11466937,0.98210239,-0.14946848,-0.14],[-0.10365728,0.16146849,0.98142636,-0.2]]]
[[[900.69287109375,0,623.7501220703125],[0,900.69287109375,373.2276306152344],[0,0,1]],[[0.99191141,-0.09642567,0.08263415,-0.7],[0.10819043,0.98239964,-0.15231884,-0.14],[-0.06649099,0.16002569,0.98487842,-0.21]]]
[[[900.69287109375,0,623.7501220703125],[0,900.69287109375,373.2276306152344],[0,0,1]],[[0.99642098,-0.08324795,-0.01515054,-0.7],[0.07968464,0.98342234,-0.16292967,-0.14],[0.02846356,0.16113798,0.98652881,-0.2]]]
[[[900.69287109375,0,623.7501220703125],[0,900.69287109375,373.2276306152344],[0,0,1]],[[0.99482495,-0.07990645,-0.06287291,-0.7],[0.06861588,0.98394239,-0.16481797,-0.14],[0.07503358,0.15964967,0.98432553,-0.19]]]
[[[900.69287109375,0,623.7501220703125],[0,900.69287109375,373.2276306152344],[0,0,1]],[[0.98367631,-0.07465075,-0.16377704,-0.7],[0.04655385,0.98450136,-0.16913159,-0.14],[0.17386399,0.15874507,0.97189826,-0.19]]]
[[[900.69287109375,0,623.7501220703125],[0,900.69287109375,373.2276306152344],[0,0,1]],[[0.93479419,-0.05427969,-0.35103893,-0.71],[-0.00645613,0.98550379,-0.16957667,-0.14],[0.35515273,0.16078439,0.92088526,-0.18]]]
[[[900.69287109375,0,623.7501220703125],[0,900.69287109375,373.2276306152344],[0,0,1]],[[0.89916509,-0.0437862,-0.43543035,-0.71],[-0.03263192,0.9855116,-0.16648653,-0.14],[0.43640876,0.16390654,0.88470155,-0.18]]]
[[[900.69287109375,0,623.7501220703125],[0,900.69287109375,373.2276306152344],[0,0,1]],[[0.86339837,-0.03457371,-0.50335175,-0.71],[-0.05378472,0.98566538,-0.15995921,-0.14],[0.50166339,0.16517983,0.84915513,-0.17]]]
[[[900.69287109375,0,623.7501220703125],[0,900.69287109375,373.2276306152344],[0,0,1]],[[0.83233941,-0.02812991,-0.55356532,-0.71],[-0.06963903,0.98549825,-0.15478802,-0.14],[0.54988801,0.16738458,0.81830329,-0.17]]]
[[[900.69287109375,0,623.7501220703125],[0,900.69287109375,373.2276306152344],[0,0,1]],[[0.81685531,-0.02312816,-0.57639182,-0.71],[-0.07786538,0.98563832,-0.14989932,-0.14],[0.57157683,0.16732566,0.80331624,-0.17]]]
[[[900.69287109375,0,623.7501220703125],[0,900.69287109375,373.2276306152344],[0,0,1]],[[0.81501019,-0.02204844,-0.57904017,-0.71],[-0.08002078,0.98542684,-0.15015344,-0.14],[0.57390833,0.16871043,0.80136186,-0.17]]]
[[[900.69287109375,0,623.7501220703125],[0,900.69287109375,373.2276306152344],[0,0,1]],[[0.878865,-0.03509328,-0.47579411,-0.71],[-0.04895914,0.98539931,-0.16311546,-0.14],[0.47456831,0.16664954,0.86430758,-0.17]]]
[[[900.69287109375,0,623.7501220703125],[0,900.69287109375,373.2276306152344],[0,0,1]],[[0.94891369,-0.051516,-0.31132686,-0.71],[-0.00301951,0.98506451,-0.17220438,-0.14],[0.31554642,0.1643457,0.93457782,-0.18]]]
[[[900.69287109375,0,623.7501220703125],[0,900.69287109375,373.2276306152344],[0,0,1]],[[0.98357308,-0.07022622,-0.16633804,-0.71],[0.04090086,0.98397893,-0.17357524,-0.15],[0.17586185,0.16391909,0.97067922,-0.18]]]
[[[900.69287109375,0,623.7501220703125],[0,900.69287109375,373.2276306152344],[0,0,1]],[[0.99607801,-0.07849982,-0.04101315,-0.71],[0.07055603,0.98321408,-0.16830762,-0.14],[0.05353705,0.16475235,0.98488843,-0.19]]]
[[[900.69287109375,0,623.7501220703125],[0,900.69287109375,373.2276306152344],[0,0,1]],[[0.99138457,-0.09569842,0.08952215,-0.71],[0.10888205,0.98168761,-0.15636398,-0.14],[-0.07291772,0.16476277,0.98364174,-0.2]]]
[[[900.69287109375,0,623.7501220703125],[0,900.69287109375,373.2276306152344],[0,0,1]],[[0.98485243,-0.10374792,0.13898964,-0.71],[0.12438921,0.98096585,-0.14916106,-0.14],[-0.12086726,0.16418901,0.97900361,-0.2]]]
[[[900.69287109375,0,623.7501220703125],[0,900.69287109375,373.2276306152344],[0,0,1]],[[0.97892725,-0.10818575,0.17324436,-0.71],[0.13396572,0.98036176,-0.14477554,-0.14],[-0.15417749,0.16493203,0.97418785,-0.21]]]
[[[900.69287109375,0,623.7501220703125],[0,900.69287109375,373.2276306152344],[0,0,1]],[[0.97526652,-0.1103491,0.19155931,-0.71],[0.13884929,0.98003709,-0.14235216,-0.14],[-0.17202461,0.16542765,0.97111094,-0.21]]]
[[[900.69287109375,0,623.7501220703125],[0,900.69287109375,373.2276306152344],[0,0,1]],[[0.98663437,-0.1109535,0.11940857,-0.72],[0.12838185,0.9803468,-0.14984715,-0.13],[-0.10043413,0.16317272,0.98148,-0.21]]]
[[[900.69287109375,0,623.7501220703125],[0,900.69287109375,373.2276306152344],[0,0,1]],[[0.99093884,-0.08864539,-0.10098962,-0.72],[0.07045201,0.98270625,-0.17129271,-0.13],[0.11442717,0.16262414,0.98003829,-0.21]]]
[[[900.69287109375,0,623.7501220703125],[0,900.69287109375,373.2276306152344],[0,0,1]],[[0.96817726,-0.08178115,-0.23656154,-0.72],[0.03912774,0.98295546,-0.17967701,-0.14],[0.24722223,0.16470146,0.95486641,-0.2]]]
[[[900.69287109375,0,623.7501220703125],[0,900.69287109375,373.2276306152344],[0,0,1]],[[0.90506446,-0.06318213,-0.42057446,-0.73],[-0.01266207,0.98446971,-0.17514357,-0.14],[0.42510575,0.16384001,0.89020044,-0.19]]]
[[[900.69287109375,0,623.7501220703125],[0,900.69287109375,373.2276306152344],[0,0,1]],[[0.84944808,-0.04483346,-0.52577984,-0.73],[-0.05042881,0.98493499,-0.16545841,-0.14],[0.52527303,0.16706127,0.83438247,-0.19]]]
[[[900.69287109375,0,623.7501220703125],[0,900.69287109375,373.2276306152344],[0,0,1]],[[0.8154788,-0.03655341,-0.57764602,-0.73],[-0.06831021,0.98495919,-0.15876357,-0.14],[0.57475638,0.16892591,0.80070865,-0.19]]]
[[[900.69287109375,0,623.7501220703125],[0,900.69287109375,373.2276306152344],[0,0,1]],[[0.80828983,-0.03748583,-0.58760452,-0.73],[-0.07172035,0.98428035,-0.1614477,-0.14],[0.5844149,0.17263816,0.79288745,-0.19]]]
[[[900.69287109375,0,623.7501220703125],[0,900.69287109375,373.2276306152344],[0,0,1]],[[0.85521823,-0.04227534,-0.51655763,-0.74],[-0.05317541,0.98425949,-0.16859004,-0.14],[0.5155499,0.17164782,0.83950019,-0.19]]]
[[[900.69287109375,0,623.7501220703125],[0,900.69287109375,373.2276306152344],[0,0,1]],[[0.93341213,-0.06408719,-0.35306048,-0.74],[-0.00158187,0.98318553,-0.18264894,-0.14],[0.35882697,0.17104368,0.91760695,-0.19]]]
[[[900.69287109375,0,623.7501220703125],[0,900.69287109375,373.2276306152344],[0,0,1]],[[0.98372084,-0.08227742,-0.15981551,-0.74],[0.05293916,0.98227811,-0.17984451,-0.14],[0.17177978,0.16845474,0.9706338,-0.2]]]
[[[900.69287109375,0,623.7501220703125],[0,900.69287109375,373.2276306152344],[0,0,1]],[[0.99455249,-0.10305879,0.01617563,-0.74],[0.10431211,0.98048145,-0.16671023,-0.14],[0.00132202,0.16748777,0.98588097,-0.21]]]
[[[900.69287109375,0,623.7501220703125],[0,900.69287109375,373.2276306152344],[0,0,1]],[[0.98418748,-0.11499611,0.13478963,-0.74],[0.13535559,0.97889405,-0.15317394,-0.14],[-0.11432828,0.16899472,0.9789713,-0.22]]]
[[[900.69287109375,0,623.7501220703125],[0,900.69287109375,373.2276306152344],[0,0,1]],[[0.97265422,-0.12469804,0.19598918,-0.75],[0.15401176,0.9777903,-0.14221016,-0.14],[-0.17390037,0.16850425,0.97024763,-0.22]]]
[[[900.69287109375,0,623.7501220703125],[0,900.69287109375,373.2276306152344],[0,0,1]],[[0.96854788,-0.12697099,0.21403497,-0.75],[0.15887886,0.97745848,-0.13910297,-0.14],[-0.19154547,0.16873184,0.96687925,-0.22]]]
[[[900.69287109375,0,623.7501220703125],[0,900.69287109375,373.2276306152344],[0,0,1]],[[0.97398561,-0.12614667,0.18829949,-0.75],[0.15432522,0.97757465,-0.14335018,-0.14],[-0.16599113,0.16867869,0.97160184,-0.23]]]
[[[900.69287109375,0,623.7501220703125],[0,900.69287109375,373.2276306152344],[0,0,1]],[[0.99218428,-0.09792542,-0.077449,-0.75],[0.08292781,0.98062634,-0.17751727,-0.14],[0.09333207,0.16970551,0.98107338,-0.22]]]
[[[900.69287109375,0,623.7501220703125],[0,900.69287109375,373.2276306152344],[0,0,1]],[[0.97217846,-0.08316965,-0.21901895,-0.75],[0.04256061,0.98201507,-0.18399003,-0.14],[0.23038106,0.16954795,0.95822436,-0.21]]]
[[[900.69287109375,0,623.7501220703125],[0,900.69287109375,373.2276306152344],[0,0,1]],[[0.90749031,-0.06719269,-0.41468588,-0.75],[-0.01196075,0.98260152,-0.18538818,-0.14],[0.4199245,0.17319624,0.89088869,-0.21]]]
[[[900.69287109375,0,623.7501220703125],[0,900.69287109375,373.2276306152344],[0,0,1]],[[0.83500928,-0.04736904,-0.54820937,-0.75],[-0.05801458,0.98316473,-0.17331743,-0.14],[0.54718548,0.17652413,0.81819528,-0.21]]]
[[[900.69287109375,0,623.7501220703125],[0,900.69287109375,373.2276306152344],[0,0,1]],[[0.78810847,-0.03875633,-0.61432987,-0.75],[-0.08159877,0.98263901,-0.1666729,-0.14],[0.61011893,0.18148318,0.77125579,-0.2]]]
[[[900.69287109375,0,623.7501220703125],[0,900.69287109375,373.2276306152344],[0,0,1]],[[0.76658332,-0.0341614,-0.64125007,-0.75],[-0.09304427,0.98214632,-0.16355191,-0.14],[0.63538307,0.18503903,0.74971068,-0.2]]]
[[[900.69287109375,0,623.7501220703125],[0,900.69287109375,373.2276306152344],[0,0,1]],[[0.77450246,-0.0364478,-0.63153505,-0.76],[-0.09134311,0.98144138,-0.1686634,-0.15],[0.62595642,0.18831469,0.75679153,-0.19]]]
[[[900.69287109375,0,623.7501220703125],[0,900.69287109375,373.2276306152344],[0,0,1]],[[0.84426528,-0.04687702,-0.53388894,-0.75],[-0.05910887,0.98195499,-0.17969038,-0.15],[0.53267384,0.18326212,0.82625133,-0.19]]]
[[[900.69287109375,0,623.7501220703125],[0,900.69287109375,373.2276306152344],[0,0,1]],[[0.95852858,-0.0773959,-0.27432069,-0.75],[0.02445266,0.98121774,-0.19139522,-0.15],[0.28397959,0.17674814,0.94240826,-0.19]]]
[[[900.69287109375,0,623.7501220703125],[0,900.69287109375,373.2276306152344],[0,0,1]],[[0.98482621,-0.08376769,-0.15205094,-0.75],[0.0542219,0.98049235,-0.18897901,-0.15],[0.16491438,0.17786521,0.97014695,-0.2]]]
[[[900.69287109375,0,623.7501220703125],[0,900.69287109375,373.2276306152344],[0,0,1]],[[0.99290192,-0.10793555,0.05014781,-0.75],[0.11501072,0.97854882,-0.17097788,-0.15],[-0.0306163,0.17552999,0.98400712,-0.2]]]
[[[900.69287109375,0,623.7501220703125],[0,900.69287109375,373.2276306152344],[0,0,1]],[[0.98258245,-0.12091255,0.14117712,-0.75],[0.14310792,0.97678941,-0.15943983,-0.15],[-0.11862001,0.17686458,0.97707027,-0.2]]]
[[[900.69287109375,0,623.7501220703125],[0,900.69287109375,373.2276306152344],[0,0,1]],[[0.9741919,-0.12789148,0.18604504,-0.75],[0.15691814,0.97605354,-0.15071331,-0.15],[-0.16231254,0.17601578,0.97092289,-0.21]]]
[[[900.69287109375,0,623.7501220703125],[0,900.69287109375,373.2276306152344],[0,0,1]],[[0.96655548,-0.1309481,0.22054975,-0.76],[0.16508736,0.9756915,-0.14419021,-0.15],[-0.19630431,0.17577602,0.96466875,-0.21]]]
[[[900.69287109375,0,623.7501220703125],[0,900.69287109375,373.2276306152344],[0,0,1]],[[0.96061033,-0.13593948,0.24241921,-0.76],[0.17327671,0.9748891,-0.13994554,-0.15],[-0.2173048,0.17643692,0.96003461,-0.21]]]
